  30  76 101  49 144  52   7 139  42  48 128  54
 133 113  34  25   6  80  23  11 137  56 109 143
  14  92  70 111  39 142  79  40  75  57  41 110
  58 114  89 104 115  63 121  62   8  22  18  96
 118 120   5  13   1  24  74 123 136 119  66  71
 129  32 140   2  86  83  73 127  37 138   3  20
  55  31  38 135  46  91  65  94  51 112 126  26
  45  33  97  84 117  21 102  53  88 134  28  68
 100 130  12  95  77 107  82  27  98  16  90  36
  29  47  67  93   9 116 103 131  50  69 141  15
  87   4  85  60 122  10 124  44 105  64  59 106
  72  78 132  99 108  81  17  19  43  35  61 125