  41  65  21 123   3  99  85  42 121 130 160  66 149
 137  46 112  32 111  48 109 166 133  86  31  88   6
  62 125  93 127 134  68 150  73  53   4  33 164  19
 162  95 120 138 119  51  23  30  10  72 142  25 118
  24 154  94  63 114  47 158 122 144  29  39  67  50
   2  81   9 151 155 152  77  15 146 108 104  16  89
 129 126  64  91  26  38 165  35  17  92 113 169  40
 131  22  87 106 141  27  44   8 107 128  79 147  78
  74 105  59  58  34 100  69 145 101 136   7 135  82
 167   1 117  60  12  83 103 124  84  20 110  71 153
  43  56 161  36 163  97  55 148 102  70  54 115   5
  37  61  52  75  13 156  49 140  76 132 143  14 157
  96 168 116  45  80 139  18  57  11  98  90  28 159