   9  76  70 126 115 160  59  80 179  17  63 104 191 130
 178  61 134  43 113  60  91 151 167  38  42 152 105  44
 106 141 161  16  83 169 157  14  31  21 196 176  90  18
  51  23 111  71  29  33 183 194  22  87 189 149 185  52
  96 135  98 147 159 168   3  78 123 103  35 101   5 128
  54 107 144 190  49  19 180  93  94 174  28  81  67  99
 164  68  24 195 122 138  62  75  82 146 127  56  12 108
  53 181  79  50  97  26  48 110 139 142  88  77 171 118
 156  40   2 124   8  72 177 162  95 165 175   7   4 192
  74 120 133  13 112 163 114 121 129 100 193  10  58  39
 172  11 184  15 188 150  46  37  41  65  34 119 186 131
  89 170   6 155 102  27  73  66 136 166  20 182 132  55
  32 109  85 187 116 158  69 153  84   1 125  25 143  92
 145 137 148  47  86  36 117  45  57 154  64 140  30 173