   2  55 183 162 116  63 153  73 149 161 212 113  80 170   3
 171 101 195  11 134 150  82 137  19 139  16 100 118 200 122
 138 204   6 199  72  51 159 164  60 185  99  23 224  34  77
  68 177 208  17 147 191 114  66 156  81 110 143  65  40 112
  20  70  53 196 222 221  95  12 126 202  56  71  59 160 132
 144 123  96   5  43 125 201 120 173  74  36 206  87  75 187
  64  57 117 158 141  41 181 192 103 102  58 175 154  25 127
 194 203 189 193  21 180  61  47  29  14 190  37  31  97 209
   7  22 163 165 145 152  18  92 217 216 220  28  39 178  33
 205 115  48 121 172  26 146 108  83 198 167  76  86  35 109
  62  27 128  32 184 188 214  49 148   8 106 129  90 151 179
 105 142  85  78   9  91 133 174  67  44  98 169 225 223  52
 218  69 107  94 155 168  50 176   1  15 131 186 136 135  54
  84 219  13 124   4  38  46  88 207 211 166  24 182  79 210
 213 111 104 140 130  10  42 197 157  45  30 215 119  93  89