  23   6 156 134 241 219  91  27 175 150 191 221 179 139  76  28
  71  78 193 123 194 238  77  88 164 182 166  13  96  92 192  89
  19 227 222 167 141  39 121 217 162 137  64  65  84 250  62  79
 177 149  38 126 113 234  83  44 224 242  17  59 236  12  56 246
 106  61 148 237 198 136 170 147  90  40  45   3 256   4 211 204
 117   2  53  73 160  87 247 115 108 181 184 245  60 214 163  47
 231 206  16 124 183 172  33  35 253 226 190 197 107  37   5  41
  14 229  74 205 157 152  75 225  49 112 251 125  86 104  70 128
 176  63 187  46  32 186 155  25 109  95 132 196  81 212 215 146
 254 129 101  52 120  57 118  66 218 185  72  82  85 255  42 220
 207 103 138 169 135 110 200 240  30 105 140 195  24 239  10  11
  43 114  55 142 171 228 168 119  67   9 122  34  93 223 252 216
 154 143 202 133  48  51   1 153 248 210  31 161 173 100 230  18
 189 131  21 144  98  29 116 201  26  22 199 208 249  99  80 244
 145 180 243  54  50 111 188 151  36 102  94 232  69  68 159 174
 130 235 209 127  15   7 213 203  97  58 158  20 178   8 233 165