  68  65 243 277 129  70 100 229 247 120  26 215  84  55 134 155 248
 240  57 287 280 219   9 286  36  40 195  69  46 231 274  23  97  76
 185 224 152  60  30 158  29 112 126 264 268 149 127 193  35 190 163
 182 254 259 142   6 204  20 220   5  63 241  91 102 122 212 253  89
 181  59 200 230 191  67 106  10 169 288 208  22 252 206 131 117  28
 203 160  58 179 269 116  98   1 262  27   2 202 228 213 162  71 214
 183  54 255 279 104 172 217  21  53 119 201 175 146 151  90 168  77
  34 188 138 238 178 266 244 284 281  52   7  32  37  51  44 270 121
  82  64  73 166 267 223 196  15  88  45 194 165  49 251 276  75 236
 245  47  87  11 101 273  92 285 249 164 192  74  62 114 198  66 205
 113 174 282  99  41 108 209  81 143  83  25 186 232 278 111 167 133
  80 159  96  17 197 139  12 258 107 289 115 275  18 187 260  31 225
 237 242  14  56 211 170 140  16 250  72 263 199  38  48 257  19 233
 103 261  94  50  61 144 272 227 130 216 239 125 135   4  85 210 109
   8 283  24 128 123 180 153 265 157 136  39 234 256  78 226 132  43
 150  79  93 148 161  42 137 221  13 176 235 189 222 207   3 271 118
 171  95 110 105 177 124 154 184 145 156 141  86 246  33 218 173 147