  31 169 315  16 243 193 274 103 275  43 182 266  13 101 220 112 106 263
 225 314 190 167   5  11 284 138  58 217 154   1 285 108 288 163 113 204
  41 208  84 273 244  62 135   7 203 320 260 219 168 245 248 179  19  10
 195 158 313 141 239 231  60   2 175 110  82 280 116  79  57 183 199 305
 198  42 255  37  18  52 269 230  36 271  80 229  88 316 298  87 295 124
 114 297  22 117 139 321 184 129  33 156 127  94 304 272 282  44  85 205
 236 265 192  59 300  28  39 296 261  64 318 174 120  68  21 136 281  67
 290 132 146  30 257 161  69 235  97 171 210 142 267 187  65 131 259  76
 221 215 100 323 242 206  14 173  99  48 107 130  38 185 238 250 118 218
 180  93  55 165 105 191 299 312 152 162 256 302 301  40  83   4 102 123
 311  75 157 322  66 181  50  73 228 122 292 251  32 247 258 153  92  15
 222  53  29 121 286 270 170 303  78 145  61 115 178  46 155 224 262 207
 279   3 233 150 149 291 202  72 287 212  49  12 176   6  45 293 159 307
  54 254  90  26   8 119 268 232 246 277 283  71 216 166 188 319  74  34
  96 126 111 223 109  70 134  27 137 172 148  89 308 317 160 264 237 197
  86 209  35 234 200  17 240  56 164 226 189 276  24 201 147 186 194 241
  51 214 289 310   9 227  91 213 252 128 104  25 140 278 125  20 253 196
  95  98 309 211 306 294 143 324 144  81  23 249 151  63  47 177  77 133