  91 181 138 231  64 169 225 354 180 213 212 104 359 179 102 163  32 259 183
 355 135 315 245 140 172  79 126 199 107 347 113  96 186 171  29 287 323  14
  63  97 336 300 303  77 122  23 236  51  54 204 356 295 292 158 120 131 221
 306 101 205 114 266 147 329 223 239  56 146  34 222  80 207 220 195 274  75
  24 262 154  49  62 127 308 232  55 291 285 159 132 108 289 167 312  88 335
 141  87 155 348   3 188 250 117 358 110 257 343 275  16  20 238 304 145  84
 176  43 209 256 201 237  66  58 321 265  33 279 103  44 290 334  68 187 269
 340  31 134  36 317 217 210 324 165 160 252 267  48 175  53 244 157 118 191
 278 282 100 166 249 189  13  19 342  78 184  18 234 331 170 281 332 161  12
 124 325   6   4 338  15  52 273 193 182 125 242 206 351 299 109 215 333  47
  98  94  82 241  28 174 264 192 226  46 162 284  22 283 344  61 190 339 309
 327 105 177  26 349 211 248   9  42 178 200  72 288  17 198 341 224  99 328
 254 260 326 149  76 228  65 235   8 357 286  74 255  57 240   1  50 202 316
 302 310 330 263  40 350  86 322  70 246 151   2  67 261 112 116 243  85  83
 203 311  35  81 227 216  93  90 251  92 153 346 294 298 233 297  30 164  25
 144 130 361 352 305  10 353 185  41 268 173 106 133 128   7  71 230 123 319
  59 280  11 196 307 139 276 214   5 337 121 136 143 148 156 218 271 152 270
  39 197  45 253  69 272 258 293 194 313  21 360 168 345  37 318 119  27 111
 115 208 320 129  95 301 142 150 314  89 277 296  38 137 219  73  60 229 247