 151  32  82  68 220 273 330 150 120  87 270 231 334   8 266 343 400 308 130 207
 372 355 364  79 159 281 371 265 203 128 186   5 167 136  51  10 299  47 311 221
 109 161  80 363  56 238 358 280   4  77 389 219 306 268 251  38 321  75  35 382
 261  21  22  48 361 193  69 178 144 328 267 360 180 387 183  90 339  54 378 147
 357 264 171 366   6 102 177   9 230 376  13 239 158 116 385 254 346  49 176 216
   2 152 112 218 202 226 182 279 348 296 100 274 164 373 289  28 310 300  34 121
 392  55 269 351 331 263 173 324 243  43  85 301  72  46   1 319 181 283 212  66
 249 349 205 362  99 106  19 241 224 295 163 222 277 286  33 276  93 288 149  74
 391 192 381  81 341  57 342 137 160 111 201 291  71  58 246 234  41 252 248 175
  39  12 323 278  97 213 195 114 236 282 148 105 340 233 368 304 169  25 242 287
  15 170 232 380  73 302 211 290 214 260 394 187 139 122  91 142 309  60 327  92
 228 345 118  40 259 338 320 398  29 103  31  61 399 322   7 204 245 275 162 126
 133 153 272 135 335  88  24  30 379 315 132 332 374 129 125 370 250 108 138 188
 107 312 174 190 397 344 197 365 314  94  52 146  42 155 292 189  27 262 166 185
 141  16 209 156   3 303 293  95 124 143 305  37 298 383 217 384 229 145 179 350
 110 294 206  84 104 198 131 256  59 396 285 172  86 313 191 168  45 390 225 297
 215 244 393  53 240  20 101 336 353 375 271 157  76  36  17 154 210  83 369 307
 184 235 165 347 337  62 386  44 367  11 316 200  70  67 255 284  14 359  50 257
 317 395 134 333  64 377 113 123 119 227 208 115 199 247 354  23 117 329 127  89
 237 253  98  78 326  26  18  96 140  63 194 356 258 325 388 196  65 318 352 223