  75  26 304 397 188 330  32 366  84  46  88  94 268 133  45 323 425 418 335 358 306
  64 278 420 367  68 158 210 429 199  99 261 202 104   7 240  11 281 347 345 207 344
 224  72 384 136   4 131 219 297 362 103 406 380  17 423  56 168 351 123 274 229 282
 129 270 173  87 332 216 368 171  54 416 276   5 327 378 191 369 334 120 146  13 266
 166  97 284 225  79 373  39 424 246  58 118 407 159 374 409 209 244 193 245 227  65
 254 248 439  24 114  77 427 223 206 189 212 221 336 250 204 331  50  92 280 116 348
 215 137 214 398 296 183 217 316 140 440  86 428   6  53  48 253 241  90 360 372 148
 288 262   2  52  51 307 403 125 305 346 234 238 290 320 232 179 325 149 143 361  29
 353 434 399 113 185 163 364 186  43 233  81 175  12 144 437 342 130 329 277 122 119
 355  80 164 319 426 298 101  78 289 294 128 322 421  61 393 145  91 124 187  55 310
 170 382  15 388 343 391   8   3 302  41 312  69 275  19 313 340 432 242 157 156 283
 371 228 315 291 177 263 178 265  60 389  22 383 376 354 138  85  33 308  18 152 235
 139 386 430 350 433  49  44 151  74 211 435  37  98 317 370 441  10 160  73 230 203
 154 405 102 419 381 218 147 111 402 256 231 222 260 404 100 126  20  63 273 300  47
  25   1 169 165 153 107 301 135 339 174 438 271 243 417 375 247 108 180  59 333 401
 400  76 396 326 394 115   9  62 387 337  38  96 198  30  95 196 352 311 431 184 208
  16 200  35  40 309 415 390 412 285 197 127 194 295 267  57  36 436 385 112 324 109
 377 257  31 110  28 251 134 259 314  71 286 226 359  42 392 422 192  67 252 272 299
 328 363  23  21 303 408 287 258 292  82 255 213 411 293  70 167 201 132 190 239 105
 181 356 236 237 195 161 414 220 141 341 269  93 172  34 410  89 121 395 279 142 155
 357  83 106 176 182  27 349 150 117 318 338 365  14 321  66 162 264 413 205 249 379