 240 339 397 109 209 115 151 214 182 338 135 389 177 314 100 289  74 164 384 461 231 323
 431 257  19 267 427  29 165  46 440 250 282 404 230 216 271 233 162 292 131 449  48 286
 246 155 252 355  23 381 219 193 410 434  60 371 236 402  30 208 239  68 166 110 298 479
 366 390 183 123 428 460 312 124 173  42 374 185 317  51 335 364 243  36 439  62 169 159
 470 211 398  59 308 273 132 202 310  64 442 284  70 294 291 146 304 473 251  38 272  43
  50 399 130 222  71 309 433  89  28  24 476 420 234  87 232 108 380  82 242 468 414 437
  35 247 358 318 226  53 293 459 392 105 203 341 262 302 305 192 248 419 194  17 363   3
 263 269 405 157  27 395 472 458   5 444 407 454 326  25 171 179  67 287 280 172  63   9
 446 255 144 223 148 296 237  18 411  32 268  72 480 141 432  96 189  14 422 435 306 270
 330 235 450  15 197 424 224 436  80 322 383 175 474 168 129  45 228 369 107 122 337  85
   2  20 300 375 357 396 196 382 409 158 283 221 466 201 321  26 161 133 331 103 360 134
  61 111 303 205  99 423 149 421  78 102 346 101 212 456 256 281 160 350 379 238 279 325
  86 342  40 465 328 170 319  66 297 394 118 285  31 353 370 299 265 278 114 140 174 401
 478 191 365 451 204  34  73   6 119 200  22 443 145 152 307 349 426 417 142 311 187 313
 210 126 198  33 447 361  92 113 368 245 217 320 225  37 249 334 213 288 376  21 471 391
  10  55 227  93 477  90 241   4 354 378 137  58 387 452 120 359 464 482 117 116 352 362
 154 176  13 462 412  84   1 481 163 180 430  12 138 139 413 259 327 153 483 385 393  77
 301 274 218 333 181 125 295 438 167 418 388  41  95 386 178 275 340 186  94 475  88  39
  98 347  81 329 244 408 336 403 351 367  83 229   7 406  57 445  65 457  76 277  16 253
 190 425  97 143 455 156 463 400  47 373  91 220 260 315 264 377 207 112  49 147 188 356
 453  44 316 448  56 345 348 254 290 344 136 258  79 106 429 276 104  69 215 372 127 266
 415 467 441 150  11   8 184 128 261 121  54  52 484 332  75 195 469 206 343 416 199 324