 256 310 449  47 346 484 297  12 497  52 326 266   1 242 274 395 435  56  92 335 381  98 444
 480 110 398  24 338  49 422 129 506  85 488 215 193 370  55 477 347 316  15 462 243 137 236
  81 521 151 244  43 177 443 516 155 350 264 354 183 466 146  13  50 483 201 502 157 305 290
 166 523  66  16 500 118 103 389 436  74  40 427 218 361 372 216  48 114 447 411 485 171 394
 309 426  33 421 159 471  86  75 314 408 386 187 357 108 261  73 433  17 412 192  20 490 457
  91  14 396 524 263 276 329 207 383 344 208  57 459 282  79 333  76 495  23 229 303 237 487
 404   4 464 279 518 107  11  30 332 409 154 227 417 142 503 269 313 307 160 188 510 149 198
 239 162  61 286  35  54 296 463 321 211 441 199 212 245 512 152 255 300 492 511 130 428  90
 368 369 438  45 440  65 456  37 517 320 402 494  29 258 281 388 111 134 238 202  10  62 431
 470 249 109 341 262 379 128 482 138 413 292 419 115  77 284   6 454 287 501  71 420 173  25
 508 515 450 164 156 233 423  39 143 223 231 221 117 277 226 203 301   7 406 509 179 189 375
  83  69 280   5 363 473 342 478 225  95 174 250 365 349  34 513 400 141 278  67 453 322 336
 178 416 507 230 271 373 362 376 378 123  41 254 343 294 175   2 486 468 163 106  70 476   3
 275  51  42 387   9  99 351 439 251 302 390 526 170 144 522 324 458 132  46 272 101 337 467
  94 181 180 352  19 452 206 445 252 489  63 214 353  38 392  26 469 265 405 247 382 367 204
  89 498  88 139 465 330  58 475 133 461 119 158 312 291 460 424 359 414 136  21 259 220 186
 340 446 345 493 260  53 165 418 102 122 505 325 514 442 270 176  87 268 191 200 298  44  31
 360 257 121 451 135 246 283 253 319 377  96 120 430 479 113 355 196 474 232 124 393  72 209
 112 235 425 213 267 432 317 348 105 527 234 205 327 185 356 140  36 519 148 306 374 100 184
  28 126  18 334 410 331 371  82 161 210 289  22 167 285 380 520 194 504 499 224 308 415 217
 437  78 288 481 385 125 304 241  32  59 529 182 228 299 153 315 104 318 496 448 169 397  27
 328  80 295 429 358 240 145  97 147 222 339 366  60 293 131 391 311  68 364 273 323 434 401
 399 455 491 190  93 528 197  64 248 219  84 407 525 168 116 384 172   8 150 195 127 472 403