 112 115 416 146 186 300 496 494 471 569 227 343  55 272 405 144 553 376  97 285  85 220 418 139
 280 288 545 339 344 244  74 255 502 400 487 111 523 299 222 461 320 381 314  63 132  65 211  64
 194  76 301  92 551 232 337 237  77 564 526  68 548 322 520  67  45 363 275 268 364 567 104 226
 540  56 163 199  22 492 439 421 428 351 441 434 214 254 370 121 278 550 247  51 100 307  24 422
 559 456  26 505 371 367 389 122 283  83 347 532  47 315 338 141 561 102 168 488 377 236  13  98
 266 430 402 328 360 378 535 385 235 157  66 467 350 233  95 369 246 386 250 261 208  49 399  69
 210 556 426 109 355 366  33 153 380 165 221 346  29 123 470 485  86 171 151 560 219 319 525 466
 147  91 537 265  37 282 143 358 130 159 574 304  79 541 449 427 164 479 497 390 263 158 298 152
 446 225 201  80 372 198 189 397 277 388 429 145 538  35 138 563 417 345 289   6   9 252 534 451
 302 403 518 570 155 316 357 279 116 317  89 484 478 169 128 420 359  96 249 192 229 253 110 335
  36 137  40 533 356  50 562 200 231 572 174  94  82 517  17 294 239 287 387 462 468 234 459 493
 464 310 450 524 256 516  58  32 445 185  59 306  99 127   1 336 477 373 437 135 374 150 476 334
 557 162 114 205 454  90 326 486 308  42 349  15 271 353 331  61 469 311 571 472 212 546 203  16
  60 313 126 531 483 510  81  46 475 333 133 547 368 499 106 215  70 521 134 245 448 241 269 170
 296 142 125 554 498  48 284 190 260 543 396   2  57 419 407  21 431  62 398 507 173 503 197 411
 465 489 129 323 509 176 274 303 243 136 354 530   4  18 544 379  28  84 293 172 481 291 264 435
  53 542  30  19 202 101  87 442 177 238 539  78 329 549 393 309 522  75 332 206 495 270 575 361
  43   3 191 178 204 382  14 566 281 513  93 292 473 318  34 286 248 432 257 529 460 482 383 262
 342 119 410 406 297 384 480 154 504 223  27 228 196 188 568 330  73 408   5 558 131 392  44 457
  39 455 327 113 182 423 433 240 230  88 409 149 519  20 508 444 515 207 209  25 565 160 440 224
 506 501 251 312 295  72 375 140 452 514   7 404 216 184 217 161 156   8 573 267 474 552 167 120
 258 436 324 187 103 290 536 491  12 181 340 527 458 490 179 276  31 362 391 175 166  41 365 305
 325 511 425  54  11 195  10 118 148  23 395 401 463 555 413  38 443 438  52 394 218 453 341 500
 424 108 447 352 321 512 412 415 259 180 242 117 528 124  71 576 193 107 348 213 273 183 105 414