 169 320 157 228 154 480 188 471   9 361 519 325 407 457 555  25 622 270 398 126 534 464  34  23 529
 344 569 494 446 566 339 146 341 176 459 308 162 411  81 460 245  63 592 186 122 289  73 410 130 413
 573 317 448 226 475 357 624   1  40 463 287 522 120 208  56 585  72 193 604  98 282 262 293 530 189
 303   5 110 338 400 224 495 284 602 454 367 172 260 340 453 375 211 381  75 409 369  21 594 538  45
 412  93 440 499 119  46 591  27 582  82 100 187  80 352 596 556 229 579 521 366 541  15 215 488 109
 268 278 143 256 158 329 151  79 468 386 200 531 113 406 318  36 516 461 233 388  38 617 623 402 427
 240 327 376 304  67 213 105 483 510 323 382 450 107 401 397 301 408 458 281 180 300 389  24 363 436
  59 271 350 277 507 111  64 384 508 209 423 276  61 359 343 621 474 123 609 149  57 539 392 535 124
 476 472 514 580 584 183 490 283  69 222 163 261 175 335  85 210 221 528 232 554  87 368  32 589 112
 264 505 161 274 244 127 101   4  10 225 414 128  95 330 559 345 547 496 292 500 518 558 426  88 614
 204 601 212 179 465 600 307 537  44 243 319 484  94  48 306 136 550 576  19 197 134 206 613 273 478
 517 546  52 191 455 203 467 321  18   8 449   2 523 337 218  74 279 603 255 552 625 305  70 570 185
 485 159 295 380 428 574  66 358 616 493 544 334 351 481 121  31  53 417 431 223 227 296 115 231 116
 252 513 198 394  30 288 515   6 139 371 133 571 597 184  29 435 451 205 470 167 275 545 543 165 349
 328 181 447 171  47 489 378 536 387 425 280  55 312 512 486 291 608 314 532 106 347 131  39 137 286
 302 346  89 424 253  14 269 503 322 404 141 315 497 178 479 586 310 103 140 364 324 362 297 294 509
 498 145 610  22 156 506 135  86 492 565 144 118 469 129 437 102 217 142 117 502 195 477 511 606 444
 201 418  62  17 290 588 548 250 557 482  78 434 581 242 316 487 237  77 620 549  65  71  51 219 385
 456 560 611 336 445 272 393 578 246  83  16 524 383 173  99 311 405  90   3 567 166 164 155 433 356
 196 421 230  33 259 396 360 241  11 148 254 168 235 247 236 619 258 587 504 575 220 553 370 285 419
 353  28 265 561  60 593  41 462 422 150 526 267 373  68 234 442 365 333 348 153 618 473 298 202 190
 466  50 263 615 577 104 605 540 332 108 607 452 216 551 192  97 170   7 374 520 354 199 379  12  35
 114 533 207 355 525 160 299 399  92 415 562 599 403 595 432 377 174  76  26  43 251 443 416  91 238
  96  42 564 542 429 491 438 309 583 326 395  58 390 563 152 147 372 194  54  84 568  37 313 439 239
 249 125 527 177 132 138  49 342 590 420 214 430 572 248 266 391  13  20 501 331 441 257 612 182 598