 164 200  73 168 401 431 605 646 644 652 236 271 223 148 395 355 162 381 428 289   1 278 232 531 309 578
 364 181 177 564 528 478 576  86 290 317 654 568 534 423 365  21 273 506 105 197  99 190  97 212 648 348
 239 596 610 263 603 209 226 314 170 439 477 570  88 496 503  90 322  32 183 305 453 297 362 269 489 196
 274 132 636 550 666 128 405 169 267 344 152 373 116 302 171 389   8 548 321 250 253  75 611 524 639 498
 545 529  43 418 604  38 547 484  53 370 593 103 415 252 569 146 499  71 549 220 459 432  40 361  37 424
 466 616 649 518 130 372 377 153 140 311 442 109 625 390 202 634 515 195  48 122 363 523   9 379 335 178
 129  47 291 270 417 664 201 359 658 640 276 510  51 258 559  72 504 206  49 587  87 303 385 138 633 507
 227 476 540  30 480 315 407 150  34 144 421 657 455 599  15 207 607 560 184 589 199 388 222 228 638  29
 613 492 323 397  31 456  96 538 598  24 240 500 606  54 149 328 615 188 495 349 420 435 180 463  78 133
 136 230 304 628  55  70 357 286 327 329 422 333 517 211 324 671 163  93 243 522 301 470 647 600 137 425
  79 242 266  68 582  74 159 487 626 450 345  59  44 627 527  77  56 404 608 662 473 546 147 457 114 622
  41  14 539 238 567 585 409 367 602 139 231 356  85  95  45 380 651 661 617 256 115 436 341 557 155 319
 371 101 516 445 160 537 437 245 393 433 154  57 259 110 353 216  83 483 313 434 525 205 665 597 430 279
 182 272 235  39 354 573 467 416  36 265 325 429 558   6 166 624  76 193 440 366 121 398 601 645 668 346
 565 579 419 100 337 609 426  33 396 595   2 368 247 214 410 391 233 254 360  16 251 448 630 551 157 210
 583 553  67 460   4  50 392 443 663 511  27 563 387 541 249 287 378 632  13 244 479 288 374 186 224 203
 112 134 219 340  64 673 131 675 306 577 637 198 143 519  17 411 572 674  98 275 592 174 343  69 217 631
 584 246 277  42 384  52 338 292 141 351  46 208 481 469 571 383 643 542 482 175 591 113  61 281 580 468
 533  11 676 312 284 352 505 280 672 142 641 187  25  62 552 497 234 248 514 300 494 462 438   7  23 350
 369 588 414 221 394 285 120 106 102  35 412 326 642 123 400 536 307 471 282 653 268 475 474 376 318 104
 264 386 656 461 535  89 260 451 158 117 118 229 173 635 493 501 544 623 294 218 172 257 508 331  91 237
 194 446 161 293 543 310 526 334  65 298  81 650 189 296 513 612 441 339  80 403 581 295 667  66 406  12
 308 575  63 629 399 185 111 135 614 402  94  58 659 521   3 124 283 213 532 464 554 660 165 452 262 336
 586 621 447 465  60 669 156 241 225  18 590 204 151 458 561 299 126 176 449 330 408 261 145 127 574 454
 618 512  92 566  28 490 562 555 119 485 530 488 509 520 342 192  20  82 670  84 167  10 332 215  19 594
 255  22 108 316 191 107   5 556 502 413 655 427 619 472 347 358 486  26 444 491 375 382 125 179 620 320