 250 226 138  30 681 718 399  48 189 270 488 438 514 715 153 460 243  90 298 369 679 543 367 210 706 283 350
 363 199 228 482 241 479  40 591 331  27 127 631 476 660 372 671 174 152 661 477  61 508 625 342  69 726 142
 165 187 511 627 195 513 608  62 260 224 281 112 558 325  94 125 273 136 675 641 692 169 237 571 259 699 656
 376 132 698 470 120 190 414 498 271 687 263 416 623 500  72 492 724 334 440 171 182 225 229 321 344 278 385
  67  43 537 599 275 333 424 685 348 400 231 523 115 559  71 505 166 362 297 163 407 700 390 439 330 534 352
 640 560 487 335 651   5 389  87  39 585 708 151 695  21 411 122  19 459 595 168 428 223 203 697 317 211 649
 345 451  92 566 219 341 207 318 515 406 601 447 258 285 557 313 234 326  52 186 606 426 553  47 688 242 574
 160 562 722 583 484  25 714 314  73 218 107 653  24 106 512 101 712  95 456 693 592 375 713  36  84 455 286
  31  23 256 232 253 684 721 179 647 709 485 672 206 257 682 381 676 410 227  45  81 323 366 251 549  18 491
 645 244 499 279 703 337  20 729 247 205 357  32 185  50 240  74 418 634 629 103 441 646 503 292 573 494 276
 547 588  55  56 516 320  88 510 419 191 652 490 518 622   3 657 154 248 155 417  64 383 104 654 308 596 540
 373  28 469 519 245 239 140 481 387 310 110 720  80 222 725 148 338 691 216 483 539 442 425 408 616 497   4
  14  54 269 300 422 371 296 437 347 501 458 621 580 358 581 565 403 533 217 427 204 480 233 299 336 114 435
 667 506 246 605 370 180 102 137  59 522 121 100 214  63 303 436 678 630 395 294 567 463 149 517 415 609 507
 324 662 164 264 659 579 266 146 429 472 261 124 610 710 277 162   1 284 339 413  17 670 486 586  49 633 268
 598 384 673 289  15 346 626 554 683 178  11 126 398 443 475 176 521 282 353 548 184 280  35 542 401 611 123
 551 544  75 183 351 197  83 569  77 287 650 520 105 311 550 644 664 529  51 434 528 188 201 615 404 290 254
 450 309 607 249 453 380 360 215 200 144  46 467 604 638 563 361 572  65 527  33 128  93 409 666 602  82 632
 272 359  26 198 556 717 578 536 594 208 637 707 423 465 545 478 209 172 448  29 193 147 167 139 561 392  99
 614 364 322   7 600 202 582  44 524 343 454 388 636 705  58 639 368 255 220 468 170 118 449  16 624 555 130
  85 541 642 496 328 305 159  70 668 252 589  96 119 111 131 575 473 590 386 694 613 474 618  68 238 526   8
 315 274 461 431 374 686 570 665 525 393 135  89 212 433 109 108 177 430 466  41 655 577 617  60 677 145 230
 704 716  76 462 194 150  91 397 262 568  37  97 340 332 612 113 531 452 394 143 635 377 727 471  10 306 658
 133 711 619 221 196 319 690 532 329 412 701 291 493 129 584 420 391 134 504 546 213 382  22  66  13 156 648
 495 628 116 728   9 535 530  79 674 552 141 307  53 432 402 696 157 302 192 457 181 161 445 719 265 304 295
   2 267 378 288 301 349 312 379 680 327 702 603 173  38 235 117 421 663  98 723 620 396 576 236 405  57 509
 669 293 489 356 444 355 446 593  78 464 502  34 643 365 538 316 158 597 564 689 175  86   6 587  12  42 354