 226 378 612 168 393 715 125 202 310 606 185 205  15 377 418 286 653 347 388 647 182 510 723 506 451 217 692 453
 585 399 734 732 782 156 382 229 305 752 242 128 374 204 722 390  44 729 291 327 409 742  40 748 218  31  79 216
 296 727 161 739 602 172 614 395 443 178 113 197 587  70 681 257 267 691 258 129  47 508 675 553 294 469 522 345
 329 576 706 538 196  97   7 264 560 325 463 100 617 663 145 462 764 437 362 763 684  39 281 366 254 562 348  82
 511  95 426 350  43 383 784 498  23  87 130 179   8 769 677 292 384 236 147 766 349 616 541 307 376 775 455 783
 652  54 673 489 233 657  49  63 419 549 641 371  98 516 524 680 372 712 110 759 253 262  38 338 448 171 240 619
 603 319  32 525 105 590 526 210 306 260 646 230 224 475 548 687 365  75 460 299  17 397 406 642 423 328 708 584
 604 183 543 771 141 442 557 770 777 666 313 483 491 564  76 318 121 167 340  84  78 124 695  94 688 457  92 351
 123 273 552 509 746  28   6 458 719 781 779 721 678 568  83  27 400 683 108 152 713 586 146 222 255  67 577  30
 596 279  34  20 611 380 479 480 396 613 417 517 404 256 375 514 726 452 468  99 149 403 434 402  90 701 496 199
 431 507 170 106 115 415 699 261 625 472 664 554 531 521 142 621 157 155 636 461 422  64 605 464 676 153 354   9
  51 364 263 341 640 298 758 148 445   2  60 268 368 450 231 439 266 195 709 249 668 737 520 456 104 768 598 594
 272 711 174 595 359 169 659 471 344 629   4 665  96 275 645 137 208 689 650 332 638 342 561 761 158 127  73 246
 747 593 339  65 674 654 540 565 284  71 181 530 447 335 539 198 206 494  24   5 330 360 192 413 559 730 135 780
 535 429 131  21 280 207 237 143  66 754 478 501 700 583 138 672 515   1  45 536 774 405 651  52 441 582 776 337
 190 738  25 373 631 615 485 513 356 114 433 736 597 133 175 215 488 633  18 624 334 265 733 756 563 118  26 103
 601 241 537 144 574 270 227 467 720 551 411 186 438 648 228 476 370 248 686  48 765 282  61 225 159 446 486 495
 735 408 234 667 232 627 288 239 107 407 773 151 163 401 414 707 150 589 112 632 421 309 187 484 575  19 572 387
 660 569 519 126  89 714 321  68 238 588 630 529 473 558 352  93 425 490 367  37 436 140 628  22 493 424 527 474
 643 102 623 740 336  13 528 454 717 177 194 176   3 534 744 394 502 323 703 243 381 277 304 221 610 315 201 532
 317 444 322 753 696 492 297 500 274 465 741 571 716 391 109  74 259 544 301 487 244 505  88 122 591 316  16 355
 271 165 389  53 247  42 369 693 116 326  41 592  56 363 762 745 164 609 209 743 251 435 542 556 154 697 702 698
 308 302 718  46 188 755 120 637 357 136  14  35 570 690 312 392 618 343 704 772 278 620 220 162 670 184 767  72
 111 497 622 276 580 410 626 639 470 303 252 608 682 212 386 459 346  85 432 324 567 579 219 193 134 634 285  59
  10 283 211 656 482 662 725 139 644 287 546 173 166  29 751  11 499 750 760 649 550 269 379 669 289 132  55 214
 290 481  86 314  57 724  33 694 599 361 200 523 685 331  91 428 658  36 635 213  69 503 320 101 512 566 731 749
  58 573 547 578 440 223 358 119 293 449 778 333 600  12 189 311 710 160 412 180 477 245 385 757 250 581 427 545
 235 300 607 295 518  80 191 671  77  81 661 728 203  62 533 705 353 117 655 430 504 466 416 398 555 420  50 679