 153  68  18 172 145 559 750 364 268 712 276 192 696 540 631 455 667 606 646 718 605 690 213  39 396 484 597   8 541
 652 189 173 534 719 524 496 174 683 197 642 804 392 748 249 188 367 157 725 218 545  76 355 553 277 449 232 523 368
 490 278 571 231 742 357 604 579 507 289 118 164 717 307 544 241 388 657   5 403  14 814 378  53 630 752 384 669 323
 360 656 217 299 788 716 394 492 324 260 639 662  25 137 328 709 615 274 158 619 190 168 303 444 288 414 240 757 733
 839 261 146 520 478 487  44 295 448  69 626 810 263 774  52 735 464 336  35 397 279 817 522 807 257 356  98 381 613
 440 511 840 109  56   3  89 770 330 446 346 140 791 743 780 654 617 340  41 415 633 244 344 290 180 583 776 147 551
 100 148 248 820 119 235 151 386 587 530 488 815 741 489 297 593 603 165 334  74 271 802 623 777 493 208  60 229 823
 424 502 308 361 335 647 466  47 481 365 782 562  33  92 674 695 314 200 272 721 638  73 821 203 474 648 264 497 310
 377 768 756 219 184 376  38 108 471 102 705 480 265 407 755 698 224 103 477   7 675  63 746 528 600 243 385 650 799
 506 533 754  28 495 215 681 800 602 529 227  70  37 163 167  24 347 693 594 366 371 641 537 322 413 827 525 113 629
 391 691 430 129 358 596 805 461 115   4 372 676 500 514 701 250 149 645 479  84 688 228 196 434 291 475 611 171 765
 343  91 105 726 539 269 125 349 292 621 689 242  64 399 329 234 284  12 580 809 784 387 795 772 685 287 773  57 567
 450 841  26 787 412 538 286 576  54 253 462 123 739 131 751 806 209 513  67 635 761 703 501 182 828 379  45 117  34
 354 127 179 636 609 831 320 107 326  48 526 409 577 710 198 429  11 565 443 223  86 760 294 306 708 835 762 808  22
 561 473 305 170  13 764 610 301 829 826 736 369 187  21 393 339 692 509 398 183 697  99 555 508 457 651 199 150 214
 469 612 432 724 560 517 569 185 766 139 247 437 101 110  87 121 156 273 734 210 128 519 175 439 680 834 783 518 684
 505 458  66 258 154 176 512 775 548 531 563 730 111 342 572 252 564 581  50 556  80  43 408 557 644 558 456 421 738
 660 618 202 226 266 687 649 169 467 818  75 416 781 711 270  49  90 677 591 317 624 640 460 216 590 431 417  62  30
 573 251 280 778 582 744 707 256 331 790 794 193 321 547  88 838 350 566 598  83 671 238 135 220 302  65  93 779  36
  61 401 442 740 132   2 282 728 406 824   1 390 720 747 510 142 729 373 332 637 801  55 316 673 124  82 470 664 425
  81 435 584 614  31 504 166 370 143 607 345 585 225 713 141 452 503 813  15 812 420 625 549 568 204 634 341 599 130
 463 816 694 405 653 552 410 486  59 152  16 136 686 658 348 296 352 441 535 267  29 758 483 785 759 451 293 120 106
 472 304 797 682 550 515 246 327 659 628 114 315 283 236 194 699 822 825 201 411 298 700 191 233  95 177 419 793  23
 453 627 803 498 482 715 325 589 338 665 205 126 380 554 485 400  79 516 722 438  71   6 237 499 521  72 706 601  96
 211  42 679 447 767  20 300 178 245 337 837 737 643  78 702 792 491 255 668 714 661 207 731  17 418  85 133  51 763
 786 144 830  19 723  10 313 796 389 222  40 586 162 426 309 445 771 112 622 422 359 536 608 155 186 195 769 732 542
 428 206 811 427 819  58 789 374 833 670 254 311 574 655 527  27 476 281 678  46 318 433   9 362 259  32 620 798 134
 212 704 436 104 404 239 333 575 285 459 616 570 363  97 382 181 753 319 543 836 161 663 230 672 312 275 375 532 578
 395 454  77 546  94 353 749 592 423 116 468 159 832 160 745 465 122 402 666 588 351 221 494 595 138 727 383 262 632