 428  82 896 252 618 399 772 485 726 519 703 362 685  66 675 900 186 375 575 225 871 217 200 110 270 257 122 308 719 512
 408 897 518 181 160 288  18  24 509 791 357 814 429 231  54 864 638 604 114 899  55 601 599 745  57 625 637 320 293 785
  12 126 449 457 284 382 656 179  43 507 836 240 291 581 578 545 453 446 700 124 250 454 592 430 781 820 376 875 588 460
 289 238 736  51 142 811 776 727 602 614 119 385 177 213 117 180 756 373 848 498  47 890 762 489 304 107 443 535 690 596
 101 283 708 704 269 808 391 220  20 403 359 559 327 833 390 749 100 465 550  27  94 773 768 134 523 495 886 490 627 459
 419 346 356 483 173 549 404 714 461  97 898 642 524 854 165 819  88 734 422 164 196 660 542 742 551 191 350 503 416  52
 729  21 352 842 561 246 149 475 701 414 541 278 210 611 267 876 511 221  83 212 832 201 767  33 380 821 885 813 299 184
 341 501 530 812 388  36  89 794 248 862 652 321   3  85 533  70 695 377  44 844  99 216 645 502 859 609 271 504 757 828
 722 143 318 646 748 374 115 759 303 636 237 444 331 174 562 405 135 841 710 193 537 826  34 868 348 554  76 214 415 847
 548 858 679 835  14 229 402  25 839 843 697 116 194 603 747 585 447 739   4 651 328 146 696 782 253  16 720 354 127  38
 577 148 198 333 774 276 799 837 176 337 310 188 752 538 810 643 255 432 421 777 204 339 323  40 171 869 232 630 610 516
 105  32 157 566 281 477 872 383 586 455 539 411 279 681 208 317 183 367 790 442 570 439 809 109 520 591 456 823 775 292
 706 825 169  78 471 547  41 615 223 680 129 378 336 295 881 463 797 131 159 873 531 133 209 332 658 816  92 436 877 634
 505 605 151 667 654 440 262  64 282 206 534 103 639 705 600 256 423  71 779 458 716 330 644 619 770 309 640 476  28 579
 510 360 870 412 827 608 493 468 153 807  68 889 569 132 818 258  17  45 728  75 480 855 484 315 448 709 525 353 166  73
 771 850 702  31 829 409 789 613 158 621 389 294 607 205 234  26  81 856 568  11 598  46 536 738 394  79 723 746 396 215
 406 674 556  62  56   2 891 187 305 571 311 445 732 631 845 431 564   6 128   7 482 758 233 546 857  65 671 692 735 666
 764  61 653 514 285 686 624 884 878 322 540 434 620 141 104 662 567 491 123 470 190 628 612 894 296  87 400 195 265 125
 887 247 418 259 243 355  77 366 787 307 241 189 326 474  86 659 572 301 766 849 689  58 152 895 817 792 417 769 145 372
 494 815  67 466 368 371 335 363 860 763 251 800 594 513 280  50 543 487 473 319 761 407 154 230 175 852 427 121 464 712
 401 467 410 379 888 573 219 741 676 492 724 162 698  42 286 226 760 755  80 750 424 798 290 753 242 244   5 112 113 805
  59 298   1 893 663 451 222 693  15  35 668 765 364 499 589 438 635 560 565 751 398 713 272 144 587 370  23 349 649 846
 532 883 788 342 882 669 264 211 199 287 580 711 718 392 866 393 647 155  63 683 552 302 268 260  69 806 721  37 139  96
 314 699 161 733   8 665 830 508 632 120 496  74 661 344 488 239  49 590 754 796 687 880 544 452 684 156 334  91  29 497
 227 838 597  84 803 274 583 793 606 130 224 784 623 874 197  60 425  39 397 595 737 329 235 435 228  10 629 555 677 527
 345 633 851 347 783 879 300 192 707 249 740 245  98 744 297 102 725 626 648 437 500 106 395 478 170  30 655 351 558 324
 576 150 584 313 522 312 593 147 831 266 316 557 553 462 182 207 780 574 118 325 486 433 641 672 650 840 386 340 361 338
 450 517  19 824  95 469 717 384 529 413 730 617 865 691 140 515   9 254 528 365 136  13 203 622 481 802 506 369 731 521
 273 657 263 163 306 694 664 387 275 678 108 867 172  48 715 743 670 822 582  22 202 892 343  53 861 167 381 682 688 137
 616 261 358 786 420 236 168 277 185  90 218 441 138 853 801 834 804 778 795 673 863  72 563  93 111 426 526 472 178 479