 263 505 566 939 870 112 923 119 850 438 788 376 526 274 370 780 338 738 879 120 136 231 472 431  38 681 652 878   5  68 545
 841 608 408 342 678 790  70 864  76 509 322 887 459  75 162 677  42 522 625 202 421 597 928 492 862  28 137 911 294 737 345
 572 538 656  86 594 373 278 302 365 389 257 642 340 718 905 771 805 895 223 239 734 735 775  63 139 128 170 695 124 840 560
 754 227 152 888   7 776 463 346 357 619 934 689  10 733 204 308 705 289 918 150 714 353 295 218 588 814 200 904 867 351  78
 232 917 813  54 927 952 142 372  77 591 461 599 598 381 361 292 276 666 769 358 102  88 127 929 816 405 759 383 469 959  36
 787 954 435 153 157 549 686 890 348 185 900 311 745 516  18 793 324 789 490 817 736 219  93 468 565 413 742  35  47 131 615
 631 543 868 465 497 935 290 111 149 445 502 730 854 471 457 198 827 721 163 653 912 207 662 570   8 450 514 106 350 109 513
 226 950 533 176 865 414  34 178 444 317 258 188 948 477 873 240 958 114 229 327 310 845 616 539 674 313 913 537 261 675 479
 316 467 122 491 891 363 957 651  97 341 213 352 839 767 576 637 412 550 160 667 434 496 933 510 251 700 609  85 584 399  41
 495 143 211 896  72 685 339 791 462 451 819  98 332 171 540 673 654 600 607 871 447  33 250 661 581 123 926 728 723 473  56
 367 665 235 562 529 148  81 855 458 385 407  94 876 842 785  84 355  61 129 940 943 753 266 825 523 151  80 253 877 847 535
  32 456 946 556 195 697 676 808 961  95   3 485 620 121 706  87  13 536 815 392 894 580 858 763  37 210 559 739 425 249 397
 275 282   4 441 307 552 694  52 782 906 874 377 925 687 610 690 722 217 415 622 103 872 629 184 860 196 406 187 197 179 664
 527 834 105 683 168 837 617 585 821 621  50 701 633 335 246 863 369 321 371  62 632 312 354  48 899 669  82 949 299 680 238
 628 387 832 420 419 134 729 897 684 810 221 306  26 795 164 504 303 635 741 713 328 548 829 564 280 907 724 101 173  89  20
 751 104 797 919 442 796 140 262 638 145 838 547 126 209 394 937  58 309 596 360 679 824  74 707 349 501 486 731 511 259 422
 659 267 517 474 512 740 910 747 843 482 287 279 563 507 936 183 613 568 236  59 393 315 433 571 521 773 314 480 214 323 192
 182 483 165 931   9 159 601 281 578 921 709 252 764 193 956 498  83 135 113 761 189 305 746 156 866 804 344 455 618 732 922
 693 554 288 647 553 478 401 334 880 430 589 844 388 806 822 418 719  90 118 641 190 154  55 428 671 228 242  57 702 886 605
 623 320  51 541 411 300 835 743 291 220 828 481 366 301 530 849 296 766 518 508 398 161 243 657 902 326  73 859 557 712 245
 612  43 752 803 489 166 682  69  64 856 379 699 938  39 215 347 470 590 809  15 336 645 924 233 493 670 643 115 799 756 260
 427 386 748  31 688 586 875 770 446 225 205 583 708 826 792 410   2 626  22 532 725  21 627 390 203 531 424 555 574 333 640
 212  14 668 717 404  67 768  40 224 416 716 726 186 201 194 343 833 375 515 230 286 569 174 255 575 884 955 710 892 861 901
 437 947 329 155 272 269 146  11 915 147 672 836 241 331 130 520 611 577 488 475 206 774 885 893 271 567 558 853 692  79 624
 649  25 658 582 285 801 191 807  23 903  30  16 199 755 698 439 494 356 932 603 720 644 141 602 395 857 337 592  66 330 781
 403 466 318 544 561 503 449 691 777 869 648 506 942 107  24 800 630 758 460 378 453 265 158 380 108 757  92 167 914 319 464
 382 476 247 169 786 273  27 882  17 820 744 941 117 604  19  12 818 772 132 908 851 587 368 423 181   1 364 551 881 898 660
 487 579 144 811 519 264 374 812 703 525 402 177  46 277 256 325 715 432 484 823  99 573  49 244 359 846 831 883 794 125 953
 234 704 909  96 606 400 208  65 663 696 749 362 297 930 650 133 639 528 417 960 440 646 852 429 409  53 614  60 222 304 636
 762 116 779 248 750 268 542 283 284  44 100 798  45 916 534 830 436 237 944 454 298 848 920 500 727 426 216 172 396 443 595
 452 951 655  91 448 524 783 293 634 110   6  29 254 546 784 270 391 138 593  71 802 711 175 778 760 499 945 180 384 765 889