  391  168  801  565  215  352  734  401  748    8  266  344  533  432  635  753  900  184   53  883  894  677  383  502 1023  532  367  859  439  236  433  689
  420  198  119 1024  841   97  185  673  155  145 1002  885  334  884  777  930  933  393  258  110  551  397  321  451  938   41  511  473  575  854  736  189
 1001  369  954  264  886  846  248  980  101  375  348  695  805  296   61  732  540  462  936  172  507  826  478  361  337   77  170  314  767   88  600  804
  771  325  942  133  470  529   25  648  530  474  237  857  487  895  680  508  539  527  644  399  950  243  443  286  840   66 1003  324   29  643  154  799
  534  823  709  267  135   18  449  562  409  475  629  889  713  268   46  273  346  862  279  786  261  306  867  878  781   20 1008  414  912  297  873  311
  240  890  394  298  180  887  991  490  570   32  316  916  103  111  599  395  584 1009  819  402  849  469  187  827  231  971  201 1007  509  665   65  193
  766   11 1013  778  974  488  413  424  750  909  188  210  129  718  107  339   86  832  305  918  163   87  335   19  230  605 1004  870  638  376  939  776
  738  972  721  423  675   49  122  620  477  726  514  806  982  427  739  440  489  780  318  358  809  270  495  213  543  121  464  304  591  485  378  351
  159  225  242  164  365  760  839  549  126  687  181  506  341  947  790  457  492  283  613  564  406  729  843  774  291  811  175  967  259  907  741  207
  284  151  647  946  941   42  235   60  251  835  897  229  160  691  113  573  183  320 1017  349  925  537  627  385  340  844  911  408  932  350  336  881
  970 1010  422  743  935  203  685  354  370   47  904  222  586    9  560   15  450  112  563  363  583  606  622  770  218  815  779  227  944  276  418  619
  964  812  244  463  379  167  452  968  957  130  956  962  882  678  544  531  277  308  831   80  105  634  275  847  915  162  768  144   31  528   79  327
  371  700  650  373  763  609  717  143  822  200  874   35    3  150  147  690  576  195  821  546  342  611  557  166  958  931  465  581  985  497  910   12
  999  436  851  740  610  558  719  926  949  976  190  500  923  521  238  755  289  142  550  202   78   51  407  287  730  260  362  322  898  595   17  319
  501  310  589  389  115  903  663  848  937  973  455  499   13  239  983  353  398  209  435  979   91  577  769  674  303  714  347   63   45  745  429  852
  608   48  671  733  226   34  510  920  716  416   96  494  654  724  448  617  445    2  837  293  447  461  640  656  876  596  679  315  661  825  579  173
  829  978  132  901   75  751  914   64   28  833  366  148  498  517   76  614  863  169  131  697  165  616  538  906  109  977  702  986  295  220  836  466
  658 1015  669  245  438  735  301   62  272  233  684  246  607  924  504 1018  199   99   84  975  597  783  460  515  612  232  171  872  415  118  788  869
  197  861  567  994  177  662   95  624  929  908  426  292 1012  813  824  524   37  588  578  737  688  120   14  692  764  642   50  114  256  294  374  547
  552   30  250    5  338   43  845  789  513  223  157  587  988  491  793  913  696   90  288  866  456  545  961    4  603  368  285  787  853  686  744  651
  214  756   68 1021  934  995  800  106   98  404  631  666   59  123  265   38  626  554   16  965  871  299  945  927   57  683  326   27  921  454  693  858
  331  205  356  228  791  715  803  723  590  186  966  987  694  816  818  125  555  444  725  649  392   93  580  332  493  865  405  134   58  481  834   26
 1022  548  421  569  152  838 1019  955  830  798  274  523  278  652  808  430  758 1016  116  254  828  657   73  522  390  247  357  104  224  434    1  302
  518  633  636  864  794  601  137  140   83  850  951    7  217  476  542 1006 1011  660  905  796  703  441  255   36  775  146  323  117  807  234  108  628
  192  216  221  403  182  762  571  754  997  773   55  585  710  582  659  784  282  990  136   22  410  574  701  191  480  412  572  749  359  364  992  720
  281  536  752  940  484  381  516  594   39  842  271  419  479  386  893   23  604  699  919  520  328  953   67  208  141  698   92  785  795  943  307  505
  161  705  618  892  668  645  127   74  196  984  442  417  877   44  174  526  553  860  772  204  333  630  519  437   54  868  952  471  802  300  425  670
  330 1005  676  212  707  468  158  621  814   56  917  623  646  252   82  345  902  592   69  388  727  711  483  817  139  556  632  820  761  672   40  179
   70  782  211  176  541  593  996  100  380  138  625  722  681  742  655  355  482  664  329  747  639  309  746 1000  280  102  313  757   33  891  360  981
  525  382  262  194  219  446  263  855  269  948  377 1014  411  682  810  387  641  512  156   71  896  535  875   24  568  879  792  566  257  241  959  384
   72   10   89  372  759  458  472  124  496  149  888   21  128  598  602  899  486  880  969 1020  253  797  206  989  459  706  561  559  343  708  615  712
  731  290  503   81  431  765  396  249  998  667  317   94  467  312  428   52  178  963  928   85  153  856  728  704  922  453  653  960    6  993  637  400