  240  316  799  607  654  385  338  573  854  530  897 1072   65  666  923  371   25  380  632  505  394  709  211  496  532 1005  903  549  353  398  131  612  860
  431  774   14   59  642 1085 1015  450  749 1050  126  725  694  481  122 1046  861  290  594 1014  196  419  381  973  979   42  739   84  590  416  701  188   55
  659  225  792 1053  908  383  691 1066  143  981  824  141  660  540  458  137  326   57  217 1034  368  974  597  172  969   44   98  500 1075  626  193  551  523
   17  895  783  436   93  509  200  464  582   11  771  976   70  434 1013  775  202  561  461  283  738  796 1054  564   96  707  764  677 1045  946  472  457  133
  712 1017  623  106  705  581  492  767  355  887  608  315 1057  489  189  401  101  671  183  364  653  734  602  480  651  163  510   90  399  844 1012  374  850
  980   29  575  388  544  789  243  982  284  926   41  244  130  526  890  624  512   69  433  408  717  765  838  847  332  407  680  134 1084  929   22  711  902
  940   79  656  591  915   85  963  406  667  357  345  167  959  487  168  837  933  978  652  466  181  275  560  696   30  483  684  994  448  201  875  558  349
  687  627  179  391  589  826  925  610   86  834  334  366  261  596  475  307  222   80   32   15 1027   38  996 1032  798  914  851  869  758  414  944  437  465
  281  742  187  311  197  517  423   20  525  821  352  314  154  649  409  637  894  634  451  886 1074  856  888 1029  272  335  577 1079  112  411  698  499  751
  293  302  898  136  899  911  467   88  628  339  827  818  336   99  747  251  224  867  780  912  565  640 1080  638 1063  611  493  158  148  108   61  572 1026
  989  147  268 1001  750  812  360  378  928  864  921  503  287  633  559  828  664    7  138  271  858  482  242  647  389  931  762   95  318 1030  618   60  245
  441 1048  221 1037  288  757  563  276  571   76  907   83 1043  566  456  953  756  469  209  269  219  117  205  849  317 1060  129  156  761  909  906  584  784
  252  949  646  310  494  424  330   27  236  542  376  319  833 1068  144  308 1035  180  686  342  952  889  253  513  955  932  763  212  258  778 1044  697  238
  644  455  690  142  797  447  497  924   66  155  679 1061  182  681  508  278  322  779  304  562  922  395 1018   82 1008  650  755  877  412  323  241  386  743
  985  603  485  840  124  170  228   53  548  846   75 1056 1016  630    8  639  817  324  169  936  110 1059 1009  118  300  617  554  531  443  986  880  580  246
  859  614  501  904  347  470  557  661  488  576   26  128 1073   13  782  516  226 1004  997  993  550   51  295  815  595  862   71 1033  190  713  787   21  267
  991  270 1049  105  876  438  351  249  266  802  964  865  760 1081  674  301  372  191  868  773  832  306  367  166  524  208  835  710  759  663   34  149  186
  504   16  429  498  873   94   92 1067  718  113  296  375  966  361   56 1040  350  400  942  692  413  206  669  672 1055  599    9  811  688  954  449  930  648
  164  231  662  215  879  256   68  884  971  373  139  421 1007  748  543  348  320  259  872 1058  777  715  463    1  486  502  552  823  721  752  737  636  402
 1039  825  536  553  174  507 1023  855    2  430  822 1089  337  114  462  250  533 1006  790    6  232   63  151  935  418  702  291  704  280  410  675  724 1047
  265  745  641  598  988  706  474  845  670  279  161  175  919  195  678  794   47  194 1038  104  781 1083  808  609   64  927  578  358 1076   10   28  720  427
   97  788  210  303  665  878 1088  518  975  730  140  473   48  853  382  445  970  731   74  109 1062  658  937  528  153   91  961  471   39  257  735  629  987
  321  588   19  723  262  159  312  956  237  819  917  541  689  682  622  619  285  700  768 1051  444   46  277  370  234  943  863  807  892  207  379 1077  176
  836  363  313  177  292  829  881  192  325  299  248  282 1082  843  816 1002  866  309  870  460   81  484  125  514  178  274  478  965 1052  123  772  918  736
   12  377  676  693  255 1069  515  102  535  968  729  726  432 1003  998  397  645  586  957  479 1010  150  116  387  214   52  786  945  127  728  135  538  643
  999  791  346  615  920  951  185  260  746   23  916  793  934   37  426  362  263  390  428  716  100  733   35  405    4  703  521  254  600  891  546 1022 1070
  592 1064  977   54  119  152  605  213 1036  120  967  331   50  753  620  490  857 1021  216  593  569  356 1041  344 1025 1071    3  417  107  744  960  220  298
  369  422  146 1028  442   24  403 1042  941   78  305   62  289  685  714  722 1020  896 1086  601  874  343  848  616 1065   33  574  741  162  103  511  145  695
  810  495  719  939  708  273  294  327  547  435  534  520   67   87  883  440  446 1011  732  529  204  699  420  115  766 1000  297  468  809  885  454  404  668
   31  491 1031  995  203  223  984  839  341  958  453  567   89  910  801  537  613  882  239  230  396  579  247  813  227  184  328  604  805  625  340  852  568
  727   72  527  587  555  947 1078  264  972  673  831  519  800  384  841  803 1019  740  199   58   49  477  983  452  393   43  160   45  900   77  806  893  111
  233  795  962  776  657  913  570  785  173  804  506 1087  539   36  545    5  905  990  333  683  198  938  229  631  901  769  392  459   18  165  621  235  132
  585  830  425  814  171  415  770  842  820  286  948  871  157  655   73  522  354  329  635  583  439  950   40  476  992  121 1024  365  556  359  218  606  754