  131   46  484   49 1107  361   48  788  648  569  422  100  350 1019  709  586  869  487  249  121  548  473 1030 1098  722  338  187 1094  977  839  950  803  537  930
  947  777  299  914  684  855  852  935  915  641   96  382  455  790  369  159  503  185  312  936  700  727  148  411  808   93  227  606  276  467  960  719  985  536
  896   65 1014  228  981  496  482  672  321  986  932  339 1097  331  523 1086 1135  354  351  275   21  453  595  825 1031  640   26  243  795  320  150  507 1036  463
  963   95  650 1013 1111  874  529 1039 1099  365  842  782  830    8  284  635   41  721  627  541  956  585  144  102  217 1015  225  246  918  759  341  163  145  804
  841  195  934  679 1040  200 1087    6  219  456  440  556 1067  135  746  851  538  210  775 1046  386 1022  255  269  713  128  343 1009  242  115  728 1129  884  425
    2  718   14  125  352  927  229  560  834  157  602  326 1101  970  897  457  337 1145  973  423  594  651  758   18  882  286 1054  333  490  717  155 1079  502 1001
  545  588  864  567  710  826  418  900  506  214  872   66  415  565  549  292  234  188  474  952    5  929  539  909  408  624  976  983  263  939  134  274 1127  814
  174  899 1068  953 1044   61  957  298  353  495  731  578  160  676  252 1007 1061 1064   25  750  104  226  266  240  433  527  489 1053  853  850  941  694  288   99
  563   57  854  685  419  525  344  609   54  905  202  704  176  995  980  807  152  406  890   90  990  984  589 1131  179  975 1144   97  931  521  843  124  232  512
  752  172  644  979  917  662  765  421   42  304  742 1069  272  818  736  607  462  796 1138  940 1017   36  245  479  395  448  180  244  757 1058  118   69 1072  313
 1041  665  637  262 1130  544 1003  577  551  431  764  911 1154   82  197  813  137  992  532  329  674  307  470  655   38   16   44  105   76  798 1133  785 1147  669
  988  251  954  671  450  733  323  912  469  223  810  998   73  989  443  265  681  375  649 1024  499  264  892  907  133   30 1038  391  916  209  600   63  678  768
  987  393  400  689  561  528  618  429  714  383  271  771  381  849  445  224 1110  687  317  584  540  554  901  683 1028  779  182 1106  372  357   39 1093  161  533
  230  233  356 1084  631  167 1082  247  451  945   24   87  374  253  697  898  643  619  702  505  889 1011  747  143  547 1128  800  856  705   32  815  615  596  557
    1  438 1049  140  659  968  708  177   64  876  481  873  698  797  951  805  460   11   37  424  416 1012   98  799  368  629 1074   22  190 1143  885  724  967  725
  559 1137  218   72  550  434  447  165 1149 1002  696  154 1102   94  184 1062  113  300  270 1132  256  811  946  466 1148 1092  332  260  295 1073 1034  449  250  417
  122  670  518   47  114  283  812 1089  861  703  318  845  846  106   35  129  751  902  301  278  789 1065  611  296 1008 1010  491  749  761  778  564  646  139 1032
  772 1156  120 1104  693  220 1122 1004  908  311  257  867  510 1020  193 1116  576  756  273  492  169 1052  754   55  178 1063  531  142  342  570  117 1059  107   60
  574 1066  767 1000  910  267  865   19  394  259    7  364  345  961  653   27  509  316  186  384  870  340  636  534  774  691 1108 1047  858 1134  194  522  297  791
   15  792  781  868  330  446  994 1005  248  938  546  763  212  857   58  877   70 1056  770   17  972   34  237    3  942  430  673  730  402  993  755  895  519  441
  601  309  906  511   29  875  373  701  501  933  348  426  784  638  141  268  682  732  668 1070 1140  231  573 1075  207  201  937  158  837  575  598  123  965  553
  480  786  371 1124   85  436  844  410  290  590 1125  613  604  439  996   75  414 1126  376  581   12  494  997  362  420   43 1091  632 1029  162  819   77  666 1100
  103  667  686  471  151  729  409   56 1123  277  958  738  726  349  743  315 1120 1146  325  322  587 1155  603  964  289  464  208   45  599  920  982  628  783   28
 1026  407  677 1112  388 1103  366    9  280  802  592  468   51  156 1057  486  658   91  840  817  716  235  645  773  622  881  744  513  336  566 1117  111  130  894
  614  925  822   50  404  428  216  833  116  562  737  432  328 1105  948  355  101  324  465  524  552  535  866  823 1045 1152 1027 1095  583   80  617  136  442  427
   40 1088  680  359  164 1151  739  478  969  497  999  921  794  707  236  922 1153  238  621   10  476  392  138  720  863   62  204   52  809  879 1080  893  189  146
 1136  769  294  206   78  175  860  962  314  542 1048  715  568  520 1113   23  623  261  543 1083  591  215  829  435  363  403  412  883 1114  780   31 1071  308  401
 1150  170  191 1033  281  582  378   53  787  254  793  630  168  745  762  919  399  493 1085  859  692 1078  199  319   86  831  836  735  688   68  943  723   83  656
  695  690  147  211  647  498   67  572  712  741  302  181 1121 1051  699  504  205  944  620  239  663  740  634  766 1055  396  293 1021  516  108  380  171 1037 1043
  888  626  258  444  459  173   71  923  928  821  367 1050  515   79  458   84  526  878  358 1023 1119  835  760  198  887  555  597 1042  605  112  347  652  848  183
  488  514  389  461  748  955  287 1076  397  452  166  109  346   89  580  625  558  654 1090  149    4  926  753  904  530 1081  862   59  110 1115   81 1035 1060 1016
  472  657  306  571  991  633  579  335  847  806  192  483   20  132  801 1139  827  706  971  608 1109   88  959  974  221  508  377 1025  305  126  285  360  370  886
  660  832  437  913  610  734  642  485  966  405 1096  978 1077  203   92  475  903  387 1018  664  310  196  398  327  517  871  675  593  334  127  222  661  828   33
  213  816  880   74  241  820  153  924  639  824  891  390  949 1141 1142  776 1118  119  838  477  303   13  454 1006  612  279  282  500  385  379  711  616  291  413