  222  131   48  925  990  264  276  704  706   81  284  595  622 1181 1062  586  459  800 1110  412  382  581  368 1154  469  113 1121  933  621 1073  859  561  336  834  592
  851  652 1057  492 1086  720  543  108  926  797   74  323  110  423  552  223  159 1199 1188 1122  837  385 1127  711  182  520  635  514  871   29   94  732 1138   31 1044
  533  306  134   79  537  608  411  812  158  771 1185  548  243  309  843  360  826 1123  342 1060 1090  391  337  638  913  909 1031 1166  365  617  700  432  490  663  525
  640  399   80  980 1149  135 1172  257   59 1113  234  693   73  162  512  116  862  855   77  836  989  415 1126 1055  733  606  677  845  878  679  281 1144  429  233  961
  155  524 1059  463  275  167  370  954  648  286  454 1210  153  431 1139  782  745 1157  334  799  709    9  128  348 1056  880  528  458  823 1002  624 1064  388  164 1169
  616  597  208  894  627  148   78  393  477  544  565   68  176  517  593  623  813  653  736 1075  816 1214  889  263   52  672  384  973 1096  703 1095  195 1205  838  659
  255 1201   44  445  930  863  447  611  246 1066   50  590  895   34  602  511  924  755  786 1115  744  402  161   28  911  992 1036  138  452  879 1159 1142   11  708  322
 1117  294  760  304  804  941 1101 1225  398  521  780  310  556  761  493  919  641  149  205   54   89 1212  362 1053  759   91  885   84  326  446  853  594 1158  675  535
  141  951 1097  249  765  125  545   75 1020  183  790  738 1080 1092  587  875 1132  239  605  868  553  785  547  332  461  664 1047  563  645  625  403   83 1078  191  321
  407 1176  714  881  707  725  510  481   96  392  293  253  583  883  650  396  279  462 1025 1038 1082  421  728  262 1018  470  491   10  166 1167  244  633 1204 1178  430
  598  820 1023 1155  389  221  643 1211  240  194  717  142  642 1100  628  478  803  151  615  907  436  852  395  136  220  577    2 1206  539 1108  328  559  795  496 1129
 1081  265  874   76  584  187 1179  248  680  301  887  637  499 1180 1186  741  567 1137  542 1099  657  242  316  333 1216  682  784  126  772  380  383  147  170 1193  104
  580  756  441   40  569  541  560  325  238  494  669  994   25  747 1131  335 1085  413  715 1141 1019  731 1145  685  630 1135   15  810  218  359  198 1102  408  534  667
  995  910  825  695  631  949  892  357  699  444  259   30  718 1041   67  900  589  676  171  274  112  955  184  890  475  976  354  742   16  320 1218  658  562  689 1182
 1223  975 1217  962  137  840   17 1112  922    8 1196  774  665  938  185  788  123  579    7  174 1074  522  313   95  739  751  607  735  609  688  798  219  824  258  381
  226  858  435  424   18  832  297  660  877  538 1114  986   26  833  505  448 1065 1202  203   49  451  578  613  513 1011  588  618  236  372  740 1120 1087 1039  805   88
   39  282 1197  295  363  485  315  488 1143  591  373   38  678  439  193  291 1003   97  330  486 1221  915  827  935  723  214  668 1198  886  199  982  963  414 1051 1133
  416 1008  375  404  482   37  978  972  793  654  251 1046  600  377  356 1140  831  763  154  830   71  991   57  815  571  479   33  601 1150  829  977  122 1030 1012  250
  632  582  942  106  789  727  300  557  748 1152   24  792  901  636  702  507  261  687 1094  781  386  948  455  767  808  527   53  649 1148   46 1209  213  121  988  217
  449  897  778  273  551 1050  696  400  864  358 1091 1136 1189  252  554  280 1058 1084  367  856  750 1000  215 1017  202  776  312  228   32  960 1021  163   35  371  190
 1001  839  647  999  902 1079  701  179  694  651  752 1215  518  292  599  713   21  438  796   36  769  489  305  209  934  145  931  564  828  794  501  574   47  683  610
 1161  204  433 1203   98 1177  775 1063  394  721  783  474  914  819  232  620 1170 1098  870  570  710  139  746  471 1029  523  437  124   82   62  307  329  576  117 1024
  347 1068  457  283  460  497  787  950  555  743 1146  302  984  268  379 1013   63   51  409   70  639  893 1049 1190  791  549  847  418 1165  985    5  387  867  157  681
  968  366  530  350  504  572  466  540  865  929 1040 1037  866  898   58  814  241  289  644  369  684   41 1192  899  762  352  918  932  757  361   43  211  419 1194  344
 1054   60 1174  848  724  346  967  450  927   56  958  267  422  277 1089   45 1004  857  340  956  197  585  818  500  526  802  753  882 1162  779   27  969   12  120  502
 1045  719  165  987 1111  903  983  143  896  484  945  726  508  722  966    6  809  575   72 1010  118  338 1093 1125  129  144  937  266  269  434  498  917  405  666  341
  130 1207  150  730  604 1147  472  952 1052  353  506  971 1071   61  103 1160  173  568 1200  229  737  692  105 1168   87  319 1027  201  905    4  861 1124  440  180  766
  376  140  821  979  997  288  406   86  230  846  314  247 1035  646  102  869  670  231 1164  318  764  152 1153   90  946  487  146 1076  872  573  940  916 1105  920  550
  133  614  904   13  225  773  212 1118  156  758  245  835  101  754  686 1107  111  944 1103  531  235  876 1134  227   23  442  410  842  503  822  224 1026 1208 1151 1009
  943  467  345    1 1119  331  177  655  964  957  453  860  546  480 1183   66   69  207  374  811  109 1184 1109 1104  216  807   20  661  192 1088 1072  891   64  888 1042
 1171  390  476  993  673 1220  317  953  272 1061  119  378 1224  662  509  981  849  100  115  256  806  186  196  175 1033 1070 1083 1032 1048  364   93  770  132  114  634
  160  298  178 1077  168  189 1128  495  908 1006  612  596  296  483 1069  260  468 1015  690  169  515 1213  844  308  841 1173 1028  712  427  188  921    3  873  671  473
  290  339  912 1187  529  299  998  443  420 1175  777  629  426 1156  172  817  928  327  923  674  417  311   14 1130  716  854  959 1116  237  519  127  270  970  287  107
 1222  906  206  965  355  850 1007  456  974  536 1191  996  947   85  734  884  303   42 1043   55 1016  464  465  401   92   99  656  349  626 1014  285  697  566  200  768
  278  254  749  698  603 1219  729 1022  210  691  324   19 1163  516 1034  801  351  532 1106  425  271  343  939  428  181 1067   22   65  397  619 1005  558  936 1195  705