  268  114   89  886  803   86  514 1039  399  594  740 1237  750  688 1285 1268  367  273 1241  553  692  473  992  558  758    6  657 1019  980  507  214  662  589 1190  208  647
  691  774  759  495 1218  616  256 1104  225 1115  421  352  568 1129  661  432  834   65  400   83  446 1068 1277  684  153 1178  147 1141  936  656  187 1234  386   21  962  672
  851   97  339   58  303 1292 1108 1188  448 1048  348  640  940  476 1138  220  186  328  963  557  820 1294 1254  345  798  543  441  784  164  336  889  322  615  306 1182  725
  160 1225  380   37  795  852  874  277  895 1064  575  546  415  130 1258   78  524  639 1094  849  591  390  403  570  612 1230  332 1266  505  259  761 1119  424  271  903 1043
  302  978  542  613 1041 1060  670  731  116   45  964  128  877  593  906  576  728  457 1050   11   30  212 1083 1270  630   17 1085  276 1198  371 1215 1260    5 1139  738  429
  930 1073  927  280  263  299  551  994  359  304 1143  747 1009  462 1030   87  727 1187  583 1263  755  133  947 1061  354  896   16  230  449  841  231  426 1107  450  115 1117
  744  986 1022  676  151  372  191  427  776  848 1296 1203  498  100 1133  850  816  467  333  643  649  912  320   76  311  835  361  721 1159    1 1275 1267  407  571  855   94
  389    4  279  922   88  105  871  248  885 1029 1004  648 1171  410  957  882 1105 1012  107  385 1137 1132  605  250  772  416 1174  545 1249  108  773  340  316  802  170 1056
  215    2  804  370  395  674  983 1231   85  793  809  252   20  723  862  920 1220  288   38  599 1197  718  536  522 1235  757  719  158 1059  440 1054  791  194  489 1154 1040
  636  926  528  730  845  226 1286  915 1163    9 1024 1228  157   15 1149 1026  384  554   96  923  347  997  655  122  872  694    8  508  173  562 1213   40  966  956  478  935
   24  861  985  166  313  374 1246  840  521  916  644  471  827 1018  685  497  770  437   52 1037 1222  974  513  463  722  190 1238  944  564   33  876  149  959  423  790  602
  995  832  708  619  991  632  663  883  714    3  281 1221  800  700   62  490  337 1147  465  742  821  244  481  413  477 1202  539  443  211 1243 1207  224  567  998  768  223
  394  229 1005  943 1102  199  217  357  381  928  683 1057 1010  142  577  152 1091  431 1250  112  720  667  838 1035  726  794 1194  627   63  484  913  341  767  946  202  769
  878  868  825 1002  590  179  261  618  540  787  693 1247  180 1077  414  813  544 1206  857  324  210  764  298  206   28  807 1165  428  254 1058 1134  140   42 1272 1126  511
  331 1032  203 1148  890  671 1116  760 1287  675  606  631  247 1023  104  680  135  417  952 1052  391 1160  563  139  617  118  500  241 1062  620 1186  918  984  148  585  154
 1164  901  103  454  503  402   67  950  106  216  582  296  669  941  129 1080  703 1295  993  808 1081   64 1264  748  177  751 1044 1251  246  379  512  430  162 1146  948  781
 1173  534  301   51 1172  607  131  660  955   34 1114  796 1112  460  111  853 1158  736 1084  538  880  269  312 1130  822  117  342  717 1261  712  842   70 1014  445  780   53
   99 1028  375  369 1093  264  621  990  638  695   68  405 1031   31  516  681  932  766  510 1265  817  200  286  155  977 1233  982  392   79 1201   14  989 1274  970  330 1070
  746  184  814 1075  828  480  119   77 1038  829  278   35  134  581  749  411  109 1006 1279  902  735  763  894  565  908  182  518   82  909  338 1125  921  716  686 1074 1256
  729  837  653 1096  343  888  485  349  235  559  604   36  188  321  422  702  530  737  257  754  145  183  988 1280  219 1176  818  376 1284 1281 1036 1151  284  614  741 1045
  625 1271  641 1128  350 1155  867  866  623   98  783  161 1211  196   18  665  856  823  847  526   44  314  824  635  910   19  624  360 1223  459  346  549 1273 1181  401  474
  584  136  285  326   55  560  942  176 1259 1150  864  699  597  436   46  168  782   74 1214 1097  525  499  929 1086   32  150  858  960 1087  574  492 1219 1089  869  249 1278
  291  491 1169  258 1290   72  479  466  933  383  141  972    7  378  137 1047 1063 1253  290  600 1283  892  245  961  844  701 1168  293  409  752  289  556  541  608  900 1184
  601  295  204 1255  996 1189 1113  368  192 1101 1079 1066  209 1224 1183  799 1099  713  366  146  351  863   91  707  397 1100  931  532  444  785  156  651  189  819   22  110
  425  344  954   69 1291 1200  969  453  167  205   12 1232  334  979 1245  642   54 1127  329  561  846 1193  753 1248 1110  668   59 1208  267  981  951  483  455  318  121   93
  706  242 1156  102 1192  240  806   60 1020  775  633  181   48 1003 1078  580  308 1140  265  355  323  120 1013 1072  587 1123 1153  213  739 1000  501  797  690  914 1016  195
  911  573  689  652  237 1180 1109  971 1007  228   90  468  464 1025 1240  358  673   50  243  387  666  550   13 1053 1252  535  486 1239  603 1142  175  382 1015  123 1204  353
  705  193  527  659  654  496   25  938 1065 1145  596 1179  810  965  678 1034  238  132  870 1017  456  569  529  393  899  218   47  905  163 1177  710 1092 1011  362  879   10
 1055  588  504 1122 1042 1244  236  626  865 1289  356  439  812  297   23  934 1167  283  533  373  704 1033 1196   27  634  419  364  418  365 1136  319  221   39  523  898 1262
 1199 1071  272  860  113  493  924  125 1111  745 1157  452 1088 1135  698  253 1175  126 1226  171  433  434  305  859 1118  435   92   95  586  709  227  805 1162  830  251  611
  811   73  833 1067  404 1090   81  650  461  274  973  762 1282  778  891  999  843  826  260  138  335  317  578  696  786  945  949  159  975 1027  377  488  622  610  788  198
  629 1131 1195  255   57  779 1288  262  715  178  968  887  873 1098  447  664  519 1191 1166  645  732  592  144 1229  234  724  222 1227  646  124  232  520 1106  282  310   75
  275  566  756  743   71 1185  143  294  958 1242   29  458  548   49  239  300  174 1120  472 1170  815 1210  438 1103  976 1269  233 1161  552  127  327 1001 1121  687  325 1209
  677  881 1257 1212  789  831 1095  967  172  201   26  494  682  953  506  925  598  451  408  628   84  470  987  363  765  792 1082 1069  398  555  572  893  315  637  169  442
 1216 1205  388  412  307 1293  854  907  517  904  711  679 1276 1152  482  884  531   80  207 1124 1144  734  197   56  469  270 1021  309  547  292  609  475  101   43 1217  733
  917  801  875 1236  771   61  185  579  515  937 1051   41  502  658  287  396   66  509 1046 1008  919  939  595  266  165  836  777 1049  537 1076  406  420  839  697  487  897