  567   95  445  550 1142  196 1047  665 1327  934 1056   83  609  322  152 1139 1066 1033 1164  299 1251  929  293  967  852  180  248  364  343  162 1086  473  972  756  719 1125  734
 1336  894 1279  254 1184  449  953 1359   26  958  889 1217  584 1200 1324  917  259  594  177   32  257  366 1257  899  315  434  330  500  400  866  979   55   69  192  940  943  658
  154  270  553 1315 1294 1174 1081  509  710 1087  688  446  222 1165  149 1102   10  409  554  775 1199  840  197  395  568  573  318  537  570 1368  562 1358  803 1106  536  323  425
 1198  882  793 1025 1296  975  552  768 1119  291  320  626  185   25  649  136   30 1253  750  667 1357  563 1000  604  447  271  844  218  938  469  389 1351  569  593 1361  637  194
  631  578 1085 1098  399  804  966 1031  771  354    5  733  855 1277  600  896  114  939 1120 1133  581  863  189  112  618  311  144  915 1300   66  870   58  709  168 1138 1212  702
  522 1160  630  514  466  238 1350  266  262 1267  125 1027  412   18  612  651  531  893 1305  491  713  452 1321  388    1  781 1167  813 1041   62  347 1297 1168 1073  596  991  394
  538  131  809  158  905  379  492  146  683  867 1024  805 1311  523  166   85  240  819   65  396 1023  736 1078 1312  861  300  575  849  312 1289 1362 1322  220 1136 1292  285  851
  305  435  353  824  374  482  802  579  183 1306  944  682 1349 1266 1127   78 1219 1263 1089  200   38 1039   59  376  956  968  417  289 1049  442  525 1255  760  931  110  679  592
 1074  708  947 1246  532  459  406  273  981  332  908 1269   52  420  211 1236  337  334  226  564  615 1317 1185  321 1068  994 1250  438  885 1042  521   93  818 1083   80  481  639
  170  857  119 1245  143 1337 1262  427 1010 1157  282  707  283 1005  617 1144 1347 1281 1082  279  107  633  610  969  137 1299  858 1163  179  128 1369  474  515  212  398  456   84
    9  664  699 1248  877  518 1304 1128 1109  230  616  319  544  555  722   37  213 1121  833  884  145  910 1061  310  985 1110   28  748  772  987 1319 1331  251   82  403  725  548
 1330  462   17 1343  941  687  971  810  903  360  714   81  106  751   34 1107  182 1342  503  945  923  669  100 1308 1307 1084 1105 1272 1214  739  126  193   22  104  450  807  333
  900  329  758 1231  188  862  680  444 1151  644  272  331  918  577  791  920  841  255 1175  602  290 1233   24  404 1156  641 1009  475  278  711   57  873  587 1143  860  881  854
   42  346  268   47 1171 1218  726 1178  830  747  178  316 1206  843  742  324 1172  513  897  437 1015  560  546  782 1187   23   60  454  267 1088  876 1309 1364  642  930  911  130
  140 1131  827 1026  280 1173  173   88  989  150 1208  102  798 1259  148  368 1193  853 1239  393 1270  512  635  480 1007  169  661  832 1202  494  970  397  951  694  414  737  382
 1287  297  952  921  250  419  638  352   79  413  796 1077 1224  720 1332 1115 1286  163  671  151   67  735  504 1365  423 1261  705  888  590  696  883  210 1210  385  408  488  384
 1095  233  990   46  108  673  206  421  674 1207  983    4 1002 1161 1045  814  806 1356  624 1265 1080 1352 1256  561  519  933 1013   11  524  598  201  186  540  762  160  302  634
 1211  880  499 1158  701 1179  260  276  228  957 1240 1204 1181  195  754 1111  497 1132  142  868  743  613  767   29   89  901  120  348 1196   19 1355  783  558  258  850   45  998
  962 1197  932  507  156 1150  628 1135 1235  980  836  902  174  534 1298   13  115 1069 1130  916  336   76 1055    2  441 1044  629  660 1017  375    8  134  401 1060  298  647 1293
  838  468  925   91  530  359  574  301  138  117  325 1340  821 1057 1051    7  132  111 1059   72  879 1273  355 1282 1148  572 1333 1062  839  785  306 1188 1367 1183 1152  235   70
   98 1189 1032  997 1220  988  361 1280  261  675  495 1134 1022   56  309  249  545  415   40  692  478 1147  461 1104 1268  993  738  411  292  418  296  875  339   54  864 1354 1195
  510  277  959  338  172 1360 1118 1003 1054   71  489  608  216  878  390  458 1079  243 1067 1075  769  372  476  487 1126  135 1205  895 1094  464  662 1145  659 1076  695  511  209
 1014 1316 1071  776  732 1288  936 1227  227  869  954 1155 1180  184  906  676  161 1229   21 1012   12  239  367  386   68  678  557  606 1001  501  190  643  274  686 1004  181 1018
 1232  457   51  585 1295 1303  774  380  646  822  721  479 1141   49 1006 1228 1040  845  794  595 1092   96  820  463  778  244  431  759  164  948  556  341  603 1258  123  797  429
  241  755  242  887 1101  175  157  922  326 1283  416   99  303  773  817  799 1213  597  645  313 1034  955  253  328  443  986 1038  698  740  871 1122  528 1170  787  904  919  505
  588  757  668  937 1313  237  245  426  288  165  704  502  410  506  129  977 1276  231  826  829  167  689 1237 1146  559 1176  391  623 1058 1124 1030  656  632  335  672  670 1166
  121  913 1192 1108  176   36  224 1099  965  344  527  517 1050 1046 1097  365 1226  823 1325 1053   75  455   35  831  636 1310 1100  890  124  485   15  486 1149  976  236  141 1194
  265 1114  363 1320  693  749  914  422 1346  234  779  490  383  369  264  685  790   50   77 1029 1090  392 1070  727  599  214  746 1182  349  741 1264  378  541 1244  650  493 1329
  215 1290 1339   73 1072  912 1117 1140  357  786  439  448  583 1209   94  706  275   63  653 1344  582  381  691  847   90 1065  621   61 1177 1203  350  730  471  589 1043 1048  281
  927 1234 1215  208  752  697  133  763  187  565  428  580  543   74 1302  816  591 1338  433  928  199  842 1190 1366  766  307   43 1318  424  246  712  155    3  891 1113 1291  765
  648  139  153  440 1186  728  825  788  225 1137 1335  684 1008  470 1028  232  652   53  294  217  996  859  963  681 1225  221 1278  586  171 1271  549  874  973  345  926  203  982
  777  219  872  191  358  113  535 1274  770  317 1328  960   39  436 1326  801 1243  286  342  949 1222  373  295  362 1096  828  198  496  780  263 1314  202 1323 1260  834  498  865
 1064  715  287  625  898 1021  886  690  308  256  619  974  753 1216  465 1036 1103  526  792  539  109 1242 1223  147   33 1254  718 1129  105  761  611  472  808  547  118 1091  204
 1230  946  620  269  304  207  430  533 1093  542  605  516  907  529  745  370  314 1238 1169  909 1201  483  484  744  784 1153  655   64  551  924  351 1275  252  460 1247  601  640
 1348  724  405  453  566   16  127  992  520  856   41 1116  607  942  622 1241  700   14  627  835  657  340 1123  961  677   87  451 1221 1154  892  716  247  815  576  729  663 1284
   92 1252  837   86  467   20  508  223 1301 1334  703  848  327  800  371  789 1191  284  387  846  432  402    6  614 1011  122 1112  571 1016  795 1019 1020 1363   44  995  812 1345
  666   31  159  205  103  764  984   27 1063  731 1353  964 1037  935  950  717  356  377   48  811 1341  407 1159 1285  101  723 1249  999  229 1052  477  978  116  654   97 1162 1035