  782  161  155 1343  539  586 1112  461  265  978 1150 1327  957  318 1061    8 1381  832  899  771  460  499  485 1081  404  345 1218 1354  572 1095  136 1016  202  322  603  923  544 1110
  235  365  154 1356  526 1353  326  348 1018  188  630  361 1396  892  655  107  584  457  203 1132 1115  674  529  362  559  383 1305 1373 1322  989 1013 1010  419  787 1086 1089  654  500
  876  814 1062  618  208  388  856  796  495 1029 1023  115 1060  595  533 1261  441  702  503  190  548  976  280  681 1202 1138  998 1228 1443  664  606  894  825   96 1135  596  453  127
 1296 1262  443   34  769  306  277 1142 1241  504  242 1191 1433  802   97  543  456  671  308  158 1209  988 1145   74 1170 1350  768 1195  517 1377   88 1179  561  272  488  735 1158    6
  140  428  799  470  716 1339  364 1124  302 1165  724   81  665  463  635 1260  794  597  182  695 1349 1160  398  522 1166  341  879  170  987  652 1239  394   92 1066  918  921 1357  901
   62  363 1199  839 1068 1245 1290  933  310 1317  977   58  335 1287  828  705 1405  730   20   87  413 1397 1416  227  493  281  886 1069  119  627   77  518 1302 1320  903  415  180  754
   60  168  598  293  745  607  908   39  726  452  139 1300    2 1198 1268  855 1383  884  250 1251  109  174  991  885  570  733  444  780 1326  567 1207 1329  194  949 1017 1197  996  861
  331  185 1337  172 1070  525  983  230  950  483  237 1012  356 1246  184 1196  964  118 1424  505  442  872  858 1367  289  778 1185 1259  186 1247  546  841  709  282  106 1434  880  666
   18  848  141  467 1388 1308  536  847 1092  599   83  565  372  492 1020 1276  206  585  416  643  144  395  713 1213 1224  421  200  600  178 1289 1422  808 1030 1284 1328   86  926 1292
  590  236  368  380  809  378  222 1052  138 1015  729  770  545  700  562  941  351  819  919  927  296  934  932 1428  952  801  476   99 1131  720 1331 1037 1168  994  874  134 1249  448
 1253  226  912  290 1313  667   72   29  269  254  279 1250  679  587 1065 1347  374  833 1360 1423  588 1108 1369  648  426 1021 1332  913  659  979  482  305  697  214 1119  162  936   15
 1041 1420  103  613  676  965   27  575 1340  862 1036  897 1182 1201 1056  445  153  400  624  367 1408  573  875  882  540  757  256  223  408  853  551 1402  105   82   57 1117 1222 1161
 1053 1006 1319  268  132  209 1417 1237 1414  336  550 1151  922   59  739  176 1194  594 1118  494 1042  751   17  851 1266  508  576 1380  940  580  552  434  271   25  593   69 1439  773
  850 1318   11  732  501 1156 1400 1114   10  826  721  711  706  417  133  145 1047   16  432  767  114 1330  523   40   66 1120  527 1341  150  274 1193 1252 1148 1093  869 1361 1390  651
 1238 1269 1310  437  740  752  931  112  611  454  774  842  675  888   33  369  324 1102 1134  747  564 1127 1105  213  110  660 1097  657 1294 1126  333  146  878  560  985  375   54 1429
  491 1028   89 1389 1212 1163  424 1230 1255 1427  126  354   19  592   28 1387  231 1223  468 1274  571 1031  845 1100  866  192  232  147 1401 1022  556  520  332 1240  307  749  844   90
 1232 1176 1149   65   37  795  196  783 1077 1314  340 1345  719   49 1014 1055  960  509 1366  314  183  240  756  917   71 1411  292  287  831  427 1382  608 1049  142  304  830  929 1301
  251  299 1299  662  938  414  684  407  753  481 1107 1435  393  737  804 1174  810 1113  883  402  373  480  273 1154 1334 1412  710    9  628  464  316 1393  311  247 1365  928   31  981
  239   45   44  984 1298  566  392  647  248  895  772  763  490 1002  829  430  969  541  762  834  425  956  800 1190  260 1079 1007 1335  329  342  591  574 1258 1140 1075 1321  785  238
  487   93 1104 1279 1375  156 1046  255  642  160 1231 1027  943 1219 1272  701  867  670   14  682  554  722  323  193  349  366 1116  741  973  920  824  143 1220  723  171  641 1372  881
 1200 1171  267  515  359  638 1394  321  686  344  327  524  120  149 1054 1186  668 1164 1059  477  690  817 1444  954  805  212 1025  649 1106  385   85  813 1297 1406  859  538  346  401
 1147 1153  661 1001  217   56  175 1178 1181  797 1281  410   46 1121 1172  315  152  688  201 1264 1438 1265 1273   98  736  743  440  653  249  389 1426   26  870  557 1307 1403  159  207
  877  244  890 1026  469  636 1043 1099  811  429  390  815  286  717 1267  549 1256  656 1415  266  898   38 1257  532  623 1324   79 1189  786 1008  137  602  370  731 1348  406  615  371
 1210  502  915  893  195  744  854  619  687 1285  433 1204  823  446  715   78  968  925  121 1254 1139  291  111  320 1206  707  420  620 1407 1184  669  104   21  343 1128 1003 1342  569
   47  789  474 1385  993  497  122  330  224  755 1225  360 1398  284 1336  465   41 1346  760  843  622  967 1437 1130  129 1192  781  699  177  422  530 1270  233  220 1229 1441  625  677
  605 1234 1409  100  173  790  382  865 1211  384 1333    3  124 1205  125 1040  846  971 1175  312  683  820  164  966 1221  339  108  309  165  205 1355 1364  742 1076  640 1352  264 1395
  101  891  692 1208  317  803 1035 1440  982 1309  198  947  391  411 1169   22  761  579  189  435  513  484 1368  734  793  528  631  243 1004 1303  261 1227  519 1379  868  253  889  578
  612  614 1217 1034  252 1288  727  905  986 1316  645  102 1362 1419  270  583  338 1278 1392  350 1399  278  187 1152  945  563   61  776  298  285  821 1384  221  980   48  116   36 1215
 1413    1  961  204  694  775  873  537  788  423 1039 1072   67 1137  199 1143 1129 1432  438  946 1286  958  179  534  514  838 1315   12 1038  650  131  409 1283 1282  181   64  963  547
 1293 1323  347 1371  725  959  512  632  166  728   32  357 1067   24  568  909 1048    7  376 1033 1074  703 1306   73 1187  672 1083 1280  466  113 1000 1009  935  405  806 1404   13  449
  396  475  970  953  633  215  673  617  836  263 1277  334  916 1050 1374 1087  211  459 1073  975 1146   76 1101 1045  604  163  765  246   35  764  798 1082  377 1386  939  777   53 1311
 1359 1338  169  924  914  857  955  827  386  439  907   43  496 1188 1162  472  646  283 1141  818  871  241 1094 1242  691  863  951  431  738  696 1078   63  972  807  197  507  234  455
 1391  295  328 1098 1370  944 1125  397  784   75 1133  297 1183  758  621  637  616  704 1325  581  117  887  412  478 1275  942  225  486  555 1096 1063  663 1088   51  680  276   68 1431
  791 1084  301  792 1430  210  896  626  992 1363  948 1155 1358  835  294  418  904 1058  685  610    4  313   91  489  288  840 1312 1032  259  471  535   23 1123 1235   70  860 1159  601
  712  219  718 1019  553 1085  582 1103  930  167  837  451 1263 1344  937  678  228  962  974  990   94  458   55  319  864  511 1109  997  325  216  577  906 1351  262  634 1442  403 1180
  303 1122 1080  450  748  714  462 1177  698  629 1376 1157 1071   30 1243  157 1233  558  658 1425  902  849  379  812 1005  506  218  229 1203  746  999  191  708  644  130  151 1111  381
  300 1295 1216  275  822 1011  911  521  258 1421  352  910 1248   95  128 1044  766  447   52 1090 1236  479  816 1304  779  358   50  353 1024 1051 1410  436 1064 1214  689  337  609   84
 1173  995 1244  516  531  355 1271  900  693  589  852  759  387  498    5 1291  750  542 1136  123 1436 1144  148  245  473 1057 1378 1091 1226  257  135   80  510  639  399   42 1167 1418