  135  430 1201  102  548 1171  788  626  851 1330 1329 1178  280  819  922  984  692  464 1097 1484 1376  730  246  733 1463  961  110  453  592  972 1278   81  596 1040   14   95 1141  178 1189
  468 1227  656  898 1232  584  916 1129 1248  684  880   20  396  599   24 1079 1425  713  341    1  454  401 1056 1456  198 1215  809  576  966  403  858  700 1493  105  315  413 1479 1435  827
  307  226 1283  574  189 1354  393  836   29  672 1047 1426 1242  917  901 1506  703  382  863  893  143  845  768 1341  116 1175 1114  664  267  598   79  996 1239  376  801 1473  978  286  677
 1391 1095  529  840 1401  670  572  906  597 1000 1317  345  563 1073 1475  365 1054 1420 1139  862    4    8  542 1007  549 1074 1301  993  205   69  207 1399  418  909  133  541  478  269  959
 1337  244  777  543  915 1151 1154 1393 1219  186   61 1083  305  160  233  793 1285   72  483 1210  216   36  973 1203  265  450  991   77  938 1173  653 1271   39 1068 1309 1280  952  723 1458
 1085 1022  665 1387  914  378  385  124  277   74 1200  931  871  232  101 1389 1362   35  765  619 1486  564  632  902  370  134 1046  709 1507  848 1064  950 1100  614  140 1182 1157 1288  170
 1322 1370  502    6  525   86  353 1190  192  628   60  603  882  362  804 1318  383 1257  941 1502 1133 1467  530  250 1055 1009 1226  781 1076 1512  155  575  678  588   32  761 1251  865  449
 1193 1487  683 1246 1296  718  912  979 1352 1460  899   11 1167  266  270 1181  264  150  707  682 1267    2  394  697 1087 1279  734 1004  445  654  482   66  826  496  606 1194  171  589  763
 1163   12  377  585  702  480  503  925 1158 1459  673  292  970 1204   18  423  892  263  118  811 1143 1124 1360  182  933  578  568  918  534 1185 1437  467 1088  691  623  988  645  946 1241
  620  357  288  505  495  835 1513  536 1138 1494  313  674  828  297  714  537  913  728 1104  369  485  943  190 1410 1216 1051   50 1134  248 1211 1306  241 1481 1325  731 1043  114  722  520
  696  379   87 1111  122  752  927 1345  338 1109 1128  318  322 1315  439  465 1187 1221  617 1314  238 1255  217  475 1407 1303 1165   76 1284  994  839 1310  897  919  773   31  719  356  229
  256  223 1406   84  997  128  251 1356  255  132   19  955  881 1503 1259   91  577  813 1390  195  129 1191  444 1115  701  115 1099 1348 1346  202  807 1490  659 1112 1312  390 1086 1476  886
 1361  615  675 1041  680 1236   23  559  821 1066  158 1496  162  762   93 1388  487  550 1008 1034   68  695  392 1378 1135  425  120 1455 1468  778  800  759  842  284  581  877  481 1374  552
   56 1198  433  600 1273 1166   83  894  928  990 1363 1238 1176 1243 1324  131  446  119  283 1019  180   58  699  289  945 1511 1063  562  398  642  254 1469  141 1049 1003 1327  947  498  681
 1265 1449  857 1436   43  173  400  201 1084  252  595  310 1208  163  844  260  212 1240 1119  513  830  655 1039   73  348  694  304  565 1489 1409 1470  745 1206 1231 1339  980  236 1245  197
  366 1397  247 1499 1272  780 1170   98 1260  176  956  528 1015  211 1159 1372  499   52  203 1254  524  517 1184   13  535 1237  930  476  500  424   55 1117  891  245 1462  796 1338 1277  644
 1209 1517  521  601  460  335  989 1495  571  790  395  375  607 1295  727   16  441 1516  661  544 1428 1505 1052  841  339  852 1136 1098 1024  384  167  219 1017 1150 1123  364  461  183  271
 1274   34  301 1195  629  106  866  812  509 1320  184 1027  838  640 1412  904  381  911  995 1394  477  586  456  896  350 1464  861  698 1247  139  926 1071 1142  859 1471  602   38   71  593
  177   26  331 1180 1427 1289 1365  932  755  145  671   54  492   15 1183  625  100 1408  279 1347   57 1225  774  716  810  616 1453 1234 1321  253   49 1045  651  797 1450 1065  222 1261  879
  168  569  786 1379 1334 1404  876  298  126  676  803  868 1230 1060  447  923  795  846 1316  429  209  860 1438  855 1417   94  300  663 1197 1113  726  317  687  282  494   28 1217 1162  287
   48 1375 1421  290 1510  785 1429  426  208  910  963  218  539 1177  435   25  554 1477  380   78  451  153  388 1172  792 1392 1442  136 1120  662 1307  349    3 1422  843  303 1335 1131 1030
  799  986 1218  295  556  982  725 1364    7 1351  336  853  974 1077  732  741  152 1091 1202  782 1093  408 1355  399  832 1144  488  421  531  285 1319 1094  706  319  328  686  753  523  772
  514  127 1382  555  419  874 1443  440 1048 1497  766  257  685  787 1398  463  306  884  462   90 1483 1130 1478 1457  409  414  146 1169  299   65  783 1106  705  631 1132  506 1057   44 1268
  196  903 1294  985  637   21  971 1161 1061  992 1044  237   85 1381  340  228  648  242 1405   82  742  771 1414 1340  847  142  121 1037  747  679  712  867 1302 1357  510  873  711 1519   75
  448  688 1434  551 1078  818   62 1213  199 1235  921 1350 1053 1223  929    5  767  553 1371 1336 1023  965  188  330  320 1270 1342  234  138 1020 1070  459 1290  518  103   64  187  442 1482
 1069  729  490  721  327  526  869   37  434 1432 1253  352  258  432 1344  224 1067  174  431 1461 1353 1179 1250   59  570 1385  458  573  532 1276  326  452  149 1349 1402 1148  166  981 1441
  816  754 1448 1164  493 1021 1440 1431  466  512  276 1474  473 1451  736  905  200  474  808  976 1444  737  758   42  689  278  405  560  789  805  368  181 1263  410  274  833  591  957  977
 1249 1386  817   47 1110  975  558 1224 1147  580 1096  942 1033 1286  756 1233  624  872  622 1031 1514  312  144   80   89    9  829  968  112  658  443 1026   51  710   92 1116 1395  406 1137
  837  497  516  533  538 1299  230  895 1122  567  437  472 1359  113  822 1006 1287 1373  890 1012 1192  511 1153  259 1174  704  784  194  107 1207 1282  268  130 1498  111 1518 1075  582  125
  650  344  667  281 1333  609 1266  715  798  109  668 1313  638 1515 1293  887  604 1297  794  634 1188 1118  875 1018  165  355  633  936  157  491 1126  455  469   22  748 1121  386 1366  635
 1103  308  944 1032  834  825  243  117 1411 1228  888  939  824  557  354  373  227  519  291   96  343 1367  935 1311 1199 1256 1220 1501  666 1258  618  137  402 1145 1445  210   63  612  878
  743 1011  151  579  831 1520  583  204  436   10  329 1014  346 1080 1275 1102 1383  717 1304 1305  967  690  412  594 1326  104 1035  802  646  750  367  311  422  964  949  561  749 1343  764
  225  347 1264  179  611  404  235 1446  337  900 1062  940  735  486  508 1013 1418 1323  220  540 1010  361 1025 1500  889  438   30   97 1504 1149 1480 1308  309  360  501 1300 1416  776   33
  471  407  647  316   53  791 1415  221 1298   40 1419 1042  314 1413  587  489  924 1447  293  484 1089 1029  262 1214  987  660  770 1488  296  387  239  507  693 1058 1291  920  998  324 1396
 1002  302  148 1252 1140  323  669  960 1168  420 1212 1400  479  164  815  850  948  515 1292  156 1160  273   27  983  191  123 1262 1028  724 1384 1186 1332 1205  374  470  720  639  608  775
 1229 1423  416  760  613  864 1101  321  954 1108  610  849 1092  108  363  333 1466  630   99  636  522 1001 1105  744  962  951  657 1244 1082  325  351 1430 1491  411  342  547  417  371  751
  814 1377 1452 1036  169  885  566  334 1016  161 1521  605  934  206 1125 1380 1358  415   70  231  969 1492  823  358 1038  185  649  213  240  740 1155  294 1050  504 1454  739 1368   45  708
  545 1081  738 1485  546  215 1281  275  908  457  175  359 1465   88   46 1403  643 1127 1433 1059  272  746  332  590  854 1439  856  372 1509 1508 1156  391  907  159 1152  147  621  249 1090
 1072  757  627  806  427 1146  154  261  953  527  652 1331  958  999 1472 1269 1005  389  883  214   17  769 1369  397 1107  193  172 1222  428   67  779 1424   41 1328  820  937  641 1196  870