 1068 1011  201  164  497 1490 1394  582  366  556    4 1164  138  712  109  720 1041 1273  785  640   45 1104  122   59  884  791  857 1526  696  533  754 1140 1471 1514 1592 1492  261 1242  596 1426
 1362 1502  325 1127  459  420 1238 1070 1293 1173  890    8  737 1581 1235  423 1261 1054  595  275  959  384  320  790  243 1586  498  669  724  311  941  283  698  482  858  360 1165  246 1595  880
 1330  820 1468  125 1131   98  412 1395 1321  434 1452  241   18  980 1433  922  704 1052  198  157  235 1031 1307  163  886 1132 1162   35  925 1437  262  132 1320  656 1315  276  630 1411  903 1111
 1202 1129 1378  144   23 1280  554 1066  947 1188  409 1396 1143  379 1428  997 1107  316  963  806  883 1010  678  603  372 1524  939  742 1187  598 1116  788   52  617   28   87   99 1558  543  741
 1493 1366  523  829  879 1025 1294  121 1222  975  919 1224  926  433  558  631 1449 1174  142  767 1305  808 1124  969  375 1328  231 1271  393 1120  117  461  593  475 1204  508  831  203  359  395
  456   13  713 1332  740  660 1194  711 1042 1274  672  561 1540 1516  342  178 1015  495  942 1259 1505 1036 1352 1089   73  223  823   60  653 1529  478  747  355  929  782 1480  425  170 1287  369
  639  405 1256 1199 1251  307  191  462 1443 1465 1295 1019  626  870  289  569  248  772 1050 1223  358  186  734 1582  446 1000 1220  877  949  594 1487  280 1390  454  668  314  985  211 1136  570
  962   31  193  978 1589  494 1108  605   94  914 1360 1302  725  529  374  950 1133  301 1484 1016  254 1003  382  744  521 1236  286  705  368  195  439  901  931  924 1177 1262 1246 1349  881 1074
  670  496  907 1545  902 1148  757 1090 1012   85  185  654 1370  581 1398  253   63  770 1232  912  326  862  579  493 1363 1491  328 1373 1229 1130  800 1095  120  715 1082  209 1283   65  550  897
  775  786  471 1166  179  391  999  242 1518  690  154  251  718  892 1026  202  874  860  911 1420 1091  646  302 1357  452 1178 1137  524   50 1200 1326 1473  551 1063  589 1568 1528  430  642  388
  726 1233  933  714 1163  431 1234  655  158 1078  597  896   22  232  467 1499  518 1018  700 1356  852  821  856  268 1149   29  916 1590 1382   81 1556  547  973   19  421  799 1572 1139  802  618
  155  659 1550 1231 1470 1344  951  976  703  184 1008    9  647  145  795 1007 1027  746 1275  981 1385 1436  752 1478  160  240  789  150   33  141 1239 1286  553  428  481 1376  436 1461 1301   32
  691  953  842   37   26  563 1144  625  574  407  540  732 1399  994 1432 1170   47  181  406  645 1475 1281  133 1196  841 1006 1423  730  921  432  681  536  988  838  192 1413 1383 1438  869  836
  865  345  503 1560  264  961 1150  429 1230  389  310 1167  687  765  945  419 1409  813 1103  990  568  552  270  843  955 1056 1270  584   68  778 1527 1255 1075 1142 1146  295   49  520  440 1323
  143 1447 1208  818 1500 1268  761  104 1446  442  227  502  759  910 1245  809  771  575  571   39 1509  282  807  365  378 1579 1429  319 1219 1240  294  308  745 1481  357  629  638 1403 1048  445
  750  899  623  878  217 1476 1554  344  545  707  305  244  943  174  176  451  967 1004 1093 1160  663  644  719 1418 1099  692 1380 1247 1546 1342  152 1585  676  463  832  367  864   92 1456  273
   15  490  327   74 1404  466   57  819 1055 1361  968 1319  940  635  970  991  913  591  219 1389  847  336  633 1531 1203  917  484 1431 1186  290  934 1462  347  643  197  516 1512  577  517 1454
  609 1282  350  697 1591  287  207  528  476 1058 1393  103  306 1358  541  987  188   27 1588  944 1381 1542  965   55 1525 1157  387  814  147 1517 1020  300  509  259 1288  565  915 1397  398 1359
  702  689 1077  353 1455  735  686  380 1257  863 1457 1094  255  600  710  733   24 1405  269 1336  352  194  887 1267   71  620 1368  989 1341 1135  356 1594 1419  364  866  263 1538  548  491  277
 1298 1285 1567 1172 1013  567  444 1448  149   20 1073  245  410  993  776  511 1198  531  465 1347  250  634  486 1084 1489 1279  128  338  341 1340  871 1110 1211   89  935  805  214 1325 1371  208
  674  658  979  119  627  587   76 1488 1228  572  906   54 1532 1151  196 1324 1372 1563   78   93   80 1338 1422  183 1051  140  105  505 1442 1521 1266  835  298 1562 1254 1534  559  666  331  651
 1559  321  167  373 1113  226  334  168  137  657  974  472  667 1515  580 1460  414  177  996  622 1327 1057 1469  960  923   69  904 1210 1098  636  614 1335 1118  492 1451  272  293  830 1483 1547
 1417 1190 1510 1134 1179  205  538  610  731 1440  665 1551  848  797 1184  834  318  190  257  124 1145  872  473 1201 1537 1264  824  200 1033  683  920  544   91  774  549 1343  909   56  256  624
 1101  212  324 1272  628 1047 1522  427 1043  590  893  898 1463  448  840  479  127  779 1401  817  798 1002  417 1059  787 1300  110 1069  354  706  652  695  399 1552 1158 1071   62 1214  274 1030
  416 1435 1400  693  315 1060 1205  402 1495 1258  768 1503  671  794  457  107  546 1306  885  784  833  106 1117 1152  422  220  512 1081 1176  161  441 1225  156  480  780  526  971  773  827 1561
  453   44  238 1355  504 1022   75 1192 1580  753  685  506  566 1102 1053  586  297 1564  507  392  604  781 1496  851 1513  371 1114  130 1430  199 1213  169 1464 1156  323 1485  936  513 1519  279
  458  612  139   34   17 1444 1183 1121 1072  729 1587  956    6 1191  340 1105 1367   66  927 1197 1193  708  474  673 1570  905  804   97  173 1414  159 1386 1029 1415 1023 1044  501  247 1250  404
  162  607 1080  763  637 1154 1226  542  826  224 1375 1141   25 1539  583  424 1316 1548  853   90  743 1318  555  828  748  701 1289 1308 1387 1115  396   36 1369  977  822  330  613   16  322 1032
  888   64  153  329  129 1138  488 1569  210  717 1406  709 1421 1067  694 1543  815  889 1252 1009 1185  739  839  123  237   84 1215 1353 1348  562  982  867  964  938   61 1379  337 1474   42  801
  166  984  394 1263 1221  418    3 1126  534 1182 1311  777  606  764  271  954 1001  846  564 1544  783 1024 1536  470  175 1577  762 1314  108 1408  684  118 1507 1241  810 1284  100   77  362  751
  995 1291 1181  811 1571  932   51 1168  438  230 1553 1322  401 1112 1038  135  361 1333 1206  891  648 1253  769  284  443  576 1424 1565 1441  260  172  131  619  728 1276   43  812    2 1482   72
  758 1445  236 1511 1021  680 1128 1535  998 1125 1062 1576 1596  317    1 1065 1345  928  113 1574  146  182  649  952 1584  585  519  755   46  599  727   21  539  859  537  525 1313  895  437  136
  381  189 1278  234  592  450 1593 1035  278  756  385  679 1434  229 1450  148   82 1407  816   14 1159  114  313 1573 1244  573 1076 1304 1410  766  854  716  793 1351  958 1083 1459  522  845  477
  682   12 1497 1472  455  882  986  983  468 1248  171  151  873   30  258  992  499 1494 1365   53  937  664 1189  699 1216  515  116  299 1017  204 1578 1520  918    5 1329 1005  500 1391 1310 1037
 1549 1458   70 1039 1557 1412  216  641 1122 1337  514 1161 1092  469 1498 1533 1209  602 1171  218 1504 1467  222   67  206   48   79  134 1334  265  349 1277  875  435  930   88   38  825  411 1598
  413  621 1296  675  386  312 1392 1040   10  485  180 1354 1439 1175  849  908 1097   86  343 1555  296 1249 1207  447  400 1045  535  213  303  948  487 1028 1260 1364 1046  900 1147  611  377 1541
  557 1402 1109 1501  383  749  426 1212   11  267  376  228 1106 1034  837 1506 1600 1237  662  677  796  397 1269 1088 1377  239 1087 1339   95  722 1566  332    7  661  560  281 1085  792  252 1195
  760  861  370  632   41 1346  292 1079 1169 1453  894 1290 1064 1374 1575  688 1292  225  351  309  215 1427  187  844  333  510  291  578  288 1317  403  339  855 1155  460 1180 1265 1597 1599  112
 1243  464  957  363  588  233 1508  972   96 1388  489  408  165  532  850  721  615  221  803  527 1100  415 1486  946  650 1123 1583  126 1096  530 1331 1425  483 1218  335 1049  249 1350 1416  966
 1477 1309 1227  304 1303 1312  449   58  723  346  608 1153  736  101 1217 1086  390  601 1479  868  285  115 1523  266 1119  111  616 1466   83 1061  876  738 1299  102  348 1014 1297 1384   40 1530