  793 1253  769 1649  724 1664 1286 1659  201  436 1619 1249  114  814  362  901 1551  335  748 1402 1627 1429  205  848  125  887 1073  742  845 1055  158 1221  240  532  533 1538  200   39  102  408 1145
 1547  986 1533 1654  932 1374  194 1666 1341 1552  309  202  643 1443 1653  756  160 1426  368  583  965  284 1185  304 1025  326  557  850 1304  163  703 1505  448  836    4  839   46  256 1006  356 1197
 1399  632  843  121   63 1126  562 1140  698  806 1656  348  737    7 1602 1254  266 1235  286 1236  584   48 1559 1217  299  323 1630  767 1237 1034  884  802 1482  708 1324  615  438 1650   81  930  852
  517  996  465 1513 1228 1113  794  780  126   74 1159  590  830   85   64 1471 1660  835 1207 1214 1283 1107 1004  691  437  350 1066  693 1270  627 1327  373 1210  679  672 1314 1418  404  294   40 1501
   54  105  514 1453  939  663  712 1241  576 1184  152 1394  415  816  558   77  905 1417  758  478   75  119  951   38  325  616 1081  714 1302 1606  837 1582 1183  999 1485 1494 1594 1632  642  267 1528
  313 1171 1626  395 1348  890  611 1151  910 1585  470  480 1610  460  457  568 1339  421  671  980  387 1349  366 1545 1561  489 1102 1105  516  956 1128 1098  744  339  253 1496  585   55 1233  407  311
   50  321  207  889  764  138 1449 1448  330 1597 1336 1566 1497   89  949 1412  899  728  972  738 1179 1378 1474  153  580  236  720  530  452  275 1284  363 1396  227 1148 1265  892 1498  879  925  248
  765 1014 1110 1016  968 1091  591   87 1647 1258   66  829 1342  906  944  522  503 1268  108 1629 1432  193  162  188   76 1078 1335  504  975 1556  695  166  397 1027 1285  735 1531  859  175 1243 1205
  521  334  860  268  842 1440  406 1281  296 1358  942  597 1509  548  391 1116 1147  844  418 1172 1644  115    1  231 1518  487  331  167  118 1154 1277 1641  851 1086  760 1037 1204 1479 1413 1363  314
 1624  416  305 1089  435  915  798  882   88 1298  246 1177 1466  900  943  425  173  875  420  113 1282  380  306 1625 1157 1289 1271  646 1074  247 1375  731  399 1142  773  370 1328 1273  947 1633  645
 1382 1100 1467  783 1264 1663  142  574  555  945 1024  127  564  466  886 1595  694  151 1661  704   79 1377 1364  828 1149 1369 1344  171 1353   16  984  629  661  896  732  609  736  787 1040  252  358
 1481  630   47  133 1039  169  606  235 1401  278  349   99 1224  281 1031  789   18  781 1310 1589  367 1583  983  505 1211 1415 1135  573 1152 1419  515 1255  475 1554 1618  245 1577 1450  870  364  725
 1069 1316  143  156 1598  183  803 1202  547  260  458 1309 1054  893 1330  449 1019 1057  303 1121  666 1526   98 1083  774  537  688 1549  858  111 1079  297 1158  804  500  232 1562 1188  549 1373 1579
  176  512 1381 1215  913 1380  959  473  696 1164 1198  237  411 1305  191 1167 1257   37  676  541  540 1548  439  132 1442 1452 1604  579 1238  392 1546 1143  228  916  529  569  556 1407 1392  177  763
  423  977 1045 1331  110 1044 1013  462 1455  855  273 1000 1192 1371  203  355 1678  577  389  445  799 1613  483  876  961 1326  948  229  678  359  123  658  981 1622  107  994  419  815 1441 1447 1404
   60 1032 1359  361 1357  808 1218  608 1196 1609  464  990  453 1506 1620   56 1067   32 1293  834 1558  141 1681  398  833  104  680  197 1478  877  647  186  280 1459  786 1388 1457 1208  316  692  192
  226 1523  592   14 1203  690 1075  681  633    6 1409  582 1060 1665  664 1259 1174  444 1410  122  847  401 1160  674 1428  338  919 1621 1303 1182   42  320 1499  440 1420  218  650 1521 1367   26  673
 1491  168  405 1398  482   82  551 1571   84  377  347 1340  868  538  120  911  523  442 1321  285 1669  589  747 1623 1514  383  159 1563  987  976 1120 1280 1028 1655  923   72  718 1578 1070   31 1492
  291   90  429  413 1564  686  710  824  785  936 1368 1434 1584 1565 1356 1033 1191   92 1146  813  545  502 1475 1295   97 1530   67  963  625 1029  519 1315 1451  635  602  770  565  636  172 1325   53
  261 1520   95  922  441 1301  570 1114  670 1469  721 1061  328  682  745  771  216  820 1334  219 1052  713 1047  677 1023  705 1488 1150  454 1354 1572  208 1090  817   51 1343  128  417 1022 1502 1408
  869  199 1435  472  753 1532 1137 1267  553  212 1063 1674  241  140  215  477 1035  929  257  494  723 1071  430 1212 1272  250 1574  933  717 1438  103 1640  931  997 1168  251  709 1166 1416  864  662
 1262  734 1131 1445  269  385  112  298  667  431 1219 1216  455 1291  739  881  757 1464 1355 1048 1030  206 1351 1652 1109 1516  701 1133 1534  310  484  788 1234  343  888   93  179  617 1638  277  239
  567  242  954  225 1213  618 1051 1002 1522  840  988  921  217  880  422  599  543 1104  687  554 1405 1242  653  846 1118 1153  234 1136  410    9  928 1507 1504   73  181  969 1111  924  716 1646 1567
  528 1587  409  145  308  276 1555    5 1472 1515  510  778  872 1384  588  759  382  507  867 1397  610  396 1176 1675  223 1261 1130  412  796 1500  263  775  493  433  795 1511  982  587 1470  612 1537
  209 1527  777  318  927  812 1338  414 1493  762 1439  978  394 1134    3  668  287 1573 1038  524  726  264  821 1161  641 1536  526 1288  198 1557 1568  164 1296  476 1076 1139  621  729  357  950  772
 1588  459 1319 1132  689  581  917  288  805 1225  527  914  656  534  649  926 1322  883   30  271   36 1223   27  766  991  184 1446  800 1444 1333  353 1320  700  908 1256 1244  854  259 1668 1580  374
 1193  849   43  665 1345 1376 1508  654  427  467  130 1421 1608 1181  598  853 1495  902 1635 1672  365 1463   23  752 1178  776  684 1106 1200  490 1553  481  332  622   58  360   59  255 1383  327  992
  958 1461  659 1636  315  648 1433  499  566  970  221  254  751  187 1370  456 1292 1124   86  891 1251  934 1616 1570  393  749  495 1607  596  424   21  135  707 1041 1406  265  546 1323 1592 1222  811
 1082  827 1050  719  733  154  898   52 1454  157 1046 1018   57 1614 1077  468 1366 1390 1274  155  626  301  488 1199  204  637 1119   45 1059 1247  501 1542  352  874 1393 1276  912  341 1490 1190 1094
 1544 1058  741  995  957  469  497 1391  878 1458 1385  213 1056 1460  244 1017  894  295  790 1400 1591 1512  375 1156  137  351  106 1195 1144  784  935  651  149  624 1387 1096  706 1575   22  214   29
  857 1099 1117 1414  170 1476 1473  498 1011 1010   83   13  993  447 1155  920  535  150  938  825  182  479  189  340  463 1639  652 1423 1279  907 1560 1313  525 1425  180 1263 1386  117 1101 1064  810
 1615 1643  979  561 1085  605  831 1550 1318 1671  962   94 1332  634 1297  871   25 1187   44 1015   24 1239  903 1350  560 1617  638  750  222  144  369 1389  967  147  388  838  372 1269  379 1275  322
 1248  660 1097  542 1601 1266 1001 1163  100  552 1637 1581  572  575 1108  683  586  345 1095  628  426  196  754  727 1088  604  603 1651  856 1670  451 1346  238  863 1042  402  302 1021  262  966  973
  220  274 1539 1162  578  224  195 1194 1260   78 1519  432  832  865 1287 1123 1648 1141  279 1362 1129 1307 1535  386 1456 1631  895 1312  289  952 1036  809    2  131  210  101 1361  669  300 1486  272
  768 1517  307 1510 1317 1600 1680 1127  116   33  109 1068  185 1308 1489 1080  139  960 1165  779  443   35 1642 1201  971 1087  190  761  623 1084  940  381  249 1395 1465 1299  639  428  539  818   34
  946 1525  371   15  290 1379  390 1246 1468 1679 1593 1503   61  230  740  619  283 1596 1524 1250 1430  644  730  317  807  655  491  178   20  841  702  211 1290 1403  614 1240  571  134  885 1424 1186
 1586   70 1612 1231 1122  866   91   10  346   11  985   12 1329  822 1603 1605  337 1008  513  544  823 1411 1645 1462  450  743  685 1422  446  797  792  344 1484  174 1180  955  819  937  600   69 1540
  496  593 1306  282  161   17 1206 1541 1529 1049  329 1020  953  376 1007 1436 1480 1611   65 1125  270 1576 1103  129 1337  520 1667  620 1347  559 1053  434 1437  746 1220  474  862   62  342 1092   49
 1227  613 1543 1311   28   41  782  492 1658  640 1170  964 1634 1093  989  243  354 1062 1012   19  607  531  675  873  461 1569  400  136  563  506 1628  148  904 1175 1026 1431  909  508 1487  697 1372
  378  333   96 1173 1112  146  293  631 1009  509  722 1477  998 1662 1599 1360 1209   68 1352 1245  974 1138  486  518  861  292  336 1189    8 1229  941  657 1003  601 1252  536 1300 1005  124 1232 1427
  897 1115  801  755 1294 1590 1043   80  594  165 1278  319  384  324  233  550 1072 1365 1676 1065 1230  918 1169  258 1226  471  711   71  511  312  485 1673 1483 1657  791  595 1677  403  699  715  826