  742  377 1196 1074  442 1388  996   21  648 1733 1720 1422  961 1072 1106 1316  983  670 1183  425  510 1246   50  674 1607 1108 1119  503  776 1207 1303 1297  325 1151  871  598 1009   77   65   12 1054 1028
  836  367  957 1237  432  235  749  524 1088 1123 1257   89 1617  988 1048  449 1719  709  277    5  293  621  854 1391  753  798  657 1007 1136 1204 1116 1682 1435  652  474 1541 1564 1308  599  973   80 1221
   88  217 1723  571 1076 1515  635 1164 1024 1452 1214 1381 1750  690  831 1685  662   44  220 1760  131 1395  658 1762 1046  171 1383  843 1283  760  399  766  938  986   63  607  219 1219  604 1181  790  159
  261  403 1117  446  456 1277  910 1022  190  314 1552 1427  312  270  937  152 1414  873 1031  583 1132  995 1095 1439 1260  144 1505  316 1483  128 1478  866  962 1253   35   97 1620 1591  622 1282 1141 1674
 1367 1743   62  575  391 1549 1002  183  630 1543  894 1524  888  917 1114  625   84 1041  352  228  407 1293  146 1634 1111 1569  931 1056 1186 1339  806  656  864  133 1666 1466  243  614 1671  636   99  827
 1735   67  689 1537   14 1756  351  384  872  671   49 1068 1384 1133  727 1361 1465   28  763 1534 1287 1580 1457 1503  338 1118  725 1588  287 1113  318 1017  911  416 1295  489  347  221  189  166 1593 1519
 1209 1576 1758  145 1728    8  322 1053  423  149 1021 1433 1200 1464  518  627 1554  288 1125  118  488  354  632 1090 1026 1754  897  242  265 1011  608  651 1611 1475  959  845  539 1432  196 1372 1222  677
 1567 1403  303  964  646 1163  880 1325  746  616  185 1343  224  878  586 1310  707 1093  774 1168  771  680 1147  458  868 1276 1553  299  229 1523 1311  859   36  477 1230 1517  485  382  457 1657  498 1471
  601  647  819  508  490 1425  833 1039  290 1216  204 1625  672 1386 1315  660 1135 1707  202  402 1730 1533  500  980 1544  330 1227 1097  623  179 1238 1267 1085  392   39  332 1081  939   37 1080 1286 1370
 1078  924 1016  328  990 1201  181 1066  535  901  560 1128  482  101  451  954  799  849 1228   86  802 1667 1532  557  223  410 1065 1138  724 1473   54 1615  701  566 1184 1272 1235 1446 1193  465 1652 1233
 1400  558 1624 1166  835  355  315 1199  280  624 1301 1169  810  282   15  823  121 1067  898 1251 1681 1139  125  212 1555  778  173   96  963 1365  295 1050 1645  928  389  487 1020 1589 1511  696 1612 1663
 1037  199  464 1179  714   73  433 1266 1290  925 1134   82 1062  820  720 1746 1600 1091  781  679 1271  309 1006 1171  187  595 1499  840  932  918 1530  267  782  829 1718 1426  252  569 1107  205 1273 1084
 1602 1319  620  711 1571  371 1635 1646  386 1327  890  516  278  821  123 1321   87  969 1120  817  942  113 1194  215  715   76  546 1570 1347 1248  484  106 1013  857  530 1406 1665  102 1451 1243 1333  779
 1161  592  462 1677 1379 1628 1255   11  305  764  698   20   60  364 1738 1438 1332  985  286  324  923 1528  296  162 1713 1582  415 1448  688  211 1312   23 1049 1034 1229  904  268 1739  666  734 1083 1579
 1122  862 1716 1710  913 1504  494  453  437  998  127 1453  110 1003  740  644  559   47 1689 1428  650  824 1651  137 1390 1613 1265  273 1349   85   56 1322 1577 1101  126  493  735  736  683  412 1601  977
  333 1463 1693  109  728 1299 1371  461  716 1023  311 1673  789 1288  633 1239  208   92   66  310 1245  172  380  682  161  455 1736  572 1420 1525 1654  112 1687 1742  509 1241  828 1392  561 1604  896  686
 1226  967  431 1342 1753 1747 1759 1595 1614  191  260  664 1546  372  478  783  851  395 1594 1443  492 1070  704  970  543 1354  495  945  247  259 1761  637  991  180  452  936  618  589 1137  253 1082  339
 1396  383 1027  943  580 1572 1019  982  308  687  654 1345  245  331 1008  564  585  634 1175  150 1477 1455 1418 1115 1709 1127   72 1244 1727  116 1298  738  248  984 1100 1394  317  111 1314  941  839  733
 1764 1551 1661 1247  825  275 1000 1165 1187 1331  514  374 1655  751 1520 1110 1341 1649   51  552 1261  515   74  850  852  184 1130 1662  241  197  147  237 1217 1574  555 1079  739  956  712  264  486  610
 1669   34  929 1032  528  968 1324   32  838 1320  903 1606  420  417  785  226  615  978 1278  950  507  345  424 1500 1514   31  935 1556  777 1385  768  619  800 1218 1658  815  506 1177  702 1058 1513  405
  805  468  718  926 1482  168 1507 1639  326  499   26 1566 1412  681 1679  381 1678  876  337 1353 1350 1411  574 1598  104  258  375  300 1279 1099   61  266  201 1460 1156 1737 1424  257 1285  675 1042  626
 1112 1623  255 1542 1434 1096  129  427  378 1036  813  933  249 1459 1328 1694  884 1092 1741  946 1722  846 1732  373 1249   94   81 1236  531  394  538 1224  422 1044 1294 1195  940   18  496  251  773  441
  353  156  710  321 1145 1302 1158  629 1340  418  534  497 1715  797  792  430 1416 1540 1317  582  665  236 1726 1644 1143  877  951  385  631   16  887  952  826  176  830 1442 1590  947 1545  454 1223  767
  419  186 1369 1697 1373  175  413 1387 1005 1098  401    4 1479  360 1631  342 1539  893 1069  812  194 1033 1704  294  537 1057  349 1269  787 1627  327 1550 1441 1512  140  541 1680  323  556 1109  471  912
  858 1488 1362  548 1640  527  108  188 1573 1144  883  730 1264 1368 1140 1749  276  155  358 1668 1587 1375  198  808    3  520 1014 1270  706 1721 1052  570  222  105  398  705 1584 1605  368 1213  115  899
  915 1454 1616  581  263 1363   98 1360  999  517 1664  210 1484   46 1470   24  542   78  758  533 1338  729 1202 1731  436 1094  719  794 1461   40 1323  214 1346 1686  953 1413  344  195  750 1740  992  590
  238 1717  244 1203 1206  855  151 1377  549   25  283 1126 1152  976 1603  429 1035 1491  685 1629 1281 1262 1030 1751 1305  661 1380  593  141 1521  170   55 1700  611  958  613  306    6 1242 1047  443 1015
  606 1259  370  467  435 1696 1558 1622 1306  544 1174  130   30  699  340 1220  348 1355 1714 1197  390  861  919  885  793 1397  289  814 1393  748 1699  628   19  882 1268  356  860 1001 1636 1051  359  747
  164  154  568  192  334  975 1250 1275 1518  987 1440  603  545 1103 1711 1374  369 1334  397 1146  762  218  553  274   69 1592  177 1185 1755  411 1501 1437  132 1407  955  645 1703  692 1538 1153 1376   91
  966 1506  393 1352 1399  379 1060  473 1705  703 1124 1178  502 1205  472  440  612  513  822  578  135  731 1040  450 1712 1578 1232 1547    2 1358  148  100  406  554 1626  642 1105 1430 1160  867  525 1335
  291 1632   52  755  320  298 1450 1745 1502  200 1423  818  659   57  319  157 1012 1150  944  875 1490 1102 1729  536  122  609  663 1167  723 1296  694 1586 1405  916 1493 1692  227 1004 1330  759  313  550
  428  765  676 1129 1029  519  262  256  350  641 1659  400   43  934  856  649 1162 1691 1472 1382 1562  842 1474  301  930 1449  881  250  505  905 1481 1176  722 1234  579  439 1284 1142 1401 1444  167  594
  547 1683 1304  600   38 1748 1402 1063 1456 1336   48  741 1366 1708  254  269 1702 1300  588  577  421  989 1752 1535   71 1182   59  908  653  811  965 1641  643  909  853  396  567 1211  408  726  363  272
  529  169 1725 1568  902  708 1415  979 1619  879 1529  892 1621  302  357 1075  469  655 1508  756  848  900  292 1364  669 1010 1445  281  225 1180  801  886 1557  153 1252  563 1561  816  335   29 1148   93
  960 1492 1043 1480 1706  207 1329  414 1212  761 1618 1191  491 1104  178  233  285  466   13 1581    1  737  532  597 1496 1585  139  744 1292  343 1409 1548  775 1359 1763  511  721  587 1436   33 1559  134
 1188  584   42   95   75 1198 1643  691  483 1344  361   53 1724 1064  438 1565 1522  193 1637 1356  540  216 1231 1509 1018   90 1744  927 1077  434 1516  807  448    9  387  617 1089  832 1410 1498  847 1563
  834 1291  119   64  972  163  673  522  684 1326  576 1215  889 1280  745 1675  788  526 1210 1173 1378    7 1650  668 1254  562 1389  809   41  752 1485  717  460 1630 1688 1258 1045  445  447 1038  463 1154
 1431  870  366 1638 1462 1656 1357  565  284  336 1131  103   27 1596  914  470  993 1536  948 1172  234  114  246  165  596 1486 1309 1404 1531  693  971  869  602  891 1468  772   79 1670  444 1408 1055  203
  206  174  297  209 1648   17  638 1510 1256  239  997  107 1469 1575 1610   45 1149 1274  409 1695  921  346  329 1208 1609  743  307  232 1701 1429  404 1757 1419   22  160  784 1734 1417  504 1642  475 1398
  476 1225  376   10  304  480  796  795  769  863 1190 1337 1170  895  981 1073  844 1458 1289  949 1494 1527  481  182  841  142 1159  591  907  605  640  231 1263  639  713  341 1348 1660 1526 1307  837 1351
  459  523 1495 1313  906   83  974   70 1497 1608 1071  732  120 1421  365 1583  551 1476 1061  754  240 1059  136  573  780 1684 1318 1676  920 1633  271 1597  700 1240  279  791  158   58 1647 1025  521  697
 1086  994 1698  874  501  143  230 1487 1447 1653 1672 1157 1189 1087 1489 1155   68  804  695  138  512 1690 1192  117  213  922  757  388 1121  803  786 1467  479  678  770  667  426 1560  124  362  865 1599