  651  208   68 1795  366 1783  528 1448 1784  954  886  567 1141 1212 1013 1401  277  351 1428  702 1549  157 1161 1043  331  659  183  687  193  298 1215 1535 1347  792 1039  883 1440 1663 1167  752  773 1070 1275
 1508  652 1567  696   97 1405  992 1502  833  448  758  781 1499 1760  564   99   38   23 1495  783 1498  689  538  894  364  202 1050  851 1566  824 1816  128  937  672 1409  996  828 1485  710 1352  979 1658  829
  472 1370 1056 1300 1622  419 1822  706  875 1219  712   47 1062 1788  879 1692   31  300  738 1192  708 1742  563 1785  878  770 1689  714  112  917 1407  525 1256  642  458 1290 1098  315 1241   73  750  382 1158
   21  574  872 1281  799  253  898 1189 1779  604  384 1304  955  761 1170 1487  252 1518  625 1154 1473  461 1682  214  818 1561 1421 1625   86   54  296 1329   11 1731 1072  699 1414 1198  496 1695  545 1149  865
 1479  110 1749  532  487 1093  919  321 1755  841 1833  956  479  709   14  191 1599 1174  733  588  846  313  474  806 1492  629 1786 1143 1343 1772  409 1665  451 1204  912  661 1202 1674  975  546  201  972  737
  535 1809  148  531  130 1232 1095 1466 1224 1647  167  490  541  950 1152 1707 1231 1770 1085 1618  109 1348 1636  736  414   30  911  299 1379  274  888  765 1799 1101 1001  516  507 1392 1324  399  180  695 1544
  726 1619 1276 1481  238 1746 1387  227  246 1346  794  476 1520  556  294 1463  353 1434 1754  347 1031  774  930  576   61 1819  848  855 1200  951  749 1602 1044  187 1326  431  207   83 1389 1243 1768  139 1279
 1815 1280 1291  649 1360 1711  129 1729  244 1543  620  368   89  554   22  284  408  843  134 1577  607  827 1513    2 1436 1270 1172 1173 1248 1782  767 1650   25 1462 1437  108  754  312 1739  105 1359 1190 1187
  329 1488 1787 1283  887 1644  166  413  901  174 1145 1765 1331  701 1759  616  316 1048 1526  432 1555  468  936 1464  798 1287  330 1737 1410 1496  731 1461  269 1220  228 1431 1404  267  446  132  237  540  217
 1828  367   51 1796  864  965  958  819  135 1846 1010  492  766  365 1245 1023 1490  358 1157   92  859 1305 1252 1218  405  611  319 1024 1573 1338 1673  373  536 1478 1350   69 1403 1344 1400  416  586 1021  595
 1843 1003 1244  195 1263 1342 1649 1472  589 1586   79  295  645 1109  177  149 1613 1217  153  463  209  500 1444  428  885 1313  943  900  697  658  406  821 1307   75  899 1349  938 1122 1394  520 1723 1693 1465
  890  288  519  113 1841  241   72 1377  632 1449  721  154 1071  184  986 1794  424  921  203  600 1590  680 1357  880 1540 1757 1058 1251 1484  282   98 1372  753 1790  336 1237  250   76 1163 1486 1603 1797 1455
  325 1221  732  679 1386  985  895 1542 1267 1147  142 1752 1533 1634  387 1264  379  462 1302  235  491  527   57  825 1284  530  186 1732 1014 1250  610 1365  997 1537  307  581  991   88 1651 1672 1835   10  966
  164 1591 1363 1638 1659  456 1453 1475  683  302 1812 1186  759 1235 1131   13 1328   55 1089 1592  278  495  715 1698 1164 1583 1298  832 1184 1569 1045  260  756  558  793  324  444 1337  668   19  182  548 1041
  293 1399  199  800 1691 1395  489  231 1015 1249  747    5 1380  257 1541  571 1182  628  342  593 1084 1316 1282  418 1706 1094 1196 1805  343  622 1075  433 1020  882  276 1516 1823   50 1662 1376 1482 1088  219
  256   43 1734 1019 1255  785  634  115 1804  816 1777 1371  511  716 1443   77  467 1411  988 1501  348 1382 1741 1319 1687 1253  272  388 1128  323  602  127   49 1820  789  920  328 1848 1009  786 1064  980  889
  994   78  626 1042  335  926 1268 1239 1624 1446  795  636  356 1522  230  802  372 1419 1593 1652  410 1242  633 1278  422   20 1601 1452 1775  744  862  103 1493  537 1429 1314  305  190  101  281 1660 1373 1595
  425 1696 1262 1545 1269   32 1457 1362   39  584 1146  688  226  976 1162 1125 1500  925  114   37  682  145 1438    1  876 1420  262 1728  569  987 1642  172 1643  590 1351  817 1839 1637  609  273 1361  877 1286
 1356 1585  285 1105  140 1655 1582  442  517   27  339 1022 1191 1057  647 1432  694 1358 1847  150   53  671  657  551  673  698  959 1246  777 1800  447  371 1563  170  222 1747 1271 1735 1584  834  570 1318 1427
 1471  857  719  445  662  947 1730 1036 1135  522 1629  685 1079  830  720 1103 1756 1726 1005 1289  188  104 1068  811  635  573 1686  598   34 1060  547 1456  508  941  561 1576  232  981  155  982 1425  933 1375
 1034  403  106  459 1521  640  523  605  742   29 1681 1721 1393 1325 1285  118 1631 1320  779  820 1810 1616 1040  200  608 1831  289  916  407  973 1477 1666  678  429  389  729 1701  613  957 1509  457  449  896
  650 1059    8 1581 1097  488  844  863  152 1480 1750 1183 1308  377  550 1006 1139  401 1228    4 1588 1165 1391 1301  555  512  303  748  185 1236 1247  763 1037 1077 1552 1110  159  949 1303 1536  206  867 1817
 1524 1685  218 1261  144  117  411  326 1620 1112 1594 1633 1574 1011 1063   84 1506  161  676  572 1178  691  983 1470 1030 1623 1683  234 1733   35 1295  243  381 1753 1066  644 1803 1225  338  498  158  392 1027
 1530  374  417 1055 1025 1606  852 1519 1197 1538  539 1718  780 1767  375 1826 1621  223  197 1272  286 1568 1381  189  440  639 1185  790 1306  549 1385   64  318  116  837 1607  826  923  292  198 1076 1763  606
  974  481  275  402 1032  993    3 1656 1713 1626  724  582 1669  119  340 1258 1049 1710 1418 1148 1080  309 1273  220  497 1390 1341  194 1648 1597 1630 1090  100  594  908  977  370 1397  436  638 1000  475 1439
 1539  904  989  242  808  248  858 1824  437  667 1083 1029  355 1061  552 1330 1134  866 1773  801  805 1507  435 1764 1751   81  953  398  907  665 1441  666  213 1776  804 1082  125  693 1712 1807  847   71  772
  450 1641 1646  301 1460 1679  624 1150  239 1704  771  856 1415 1194 1680 1838   46 1744  333  743  212  971  216 1199  722  524  245  434  918  494  337  503  568 1309  902  934 1559 1340 1181  910  615  815 1353
  469  968  906 1416 1832  247 1546  162  176  960  939   91  357 1761 1528  502  111  363 1531  891 1697 1227   52 1155 1494  553 1789  961 1046  268  654  486 1715  603  728  909 1670  210 1627  205 1557 1836  577
 1102  394 1719  279 1450  797  290  621 1096  412 1476 1322 1426  151 1550 1720 1188  385 1534 1525 1527  928  143 1467  513  482 1374 1315 1433  518  204 1661  168  137  842   41  840 1565  175 1179  617  762 1447
  893 1705  871 1310  138  396   48  390  784  775 1067  484 1551 1086 1708  430 1514  869  534  807 1743  849  215 1769 1106 1578  962  369  438  141 1791 1615  334 1454 1018 1209 1132   62  263  755  560 1548 1504
 1677   70 1345 1208 1081  131 1714 1133 1639 1571 1678 1004  884 1808  251  514  504  596  345 1126 1368  123 1140  813  757 1668  700  181  839 1748  264  543 1445 1596  686  454  963  881  730  692 1107  713   85
   82 1099 1505  587 1176  619  764  266  591  526 1296 1137  160  641  914 1766  942 1388  376 1814  627  745  796  280 1366 1740  717 1206  835 1369 1211 1604 1233  327  860 1818 1008  831 1333 1406  352   36  426
 1153  931 1598 1738  291 1193  782 1327 1201  169  122 1355 1402  845  664 1007 1515 1115  308  124 1532 1114 1849 1166  704  675  287  836  380 1223  850 1260 1422   56  165   28 1580  838  320 1667 1117  663 1203
 1335  421  317 1205  854  221 1383  311 1123   12  592 1774  787  601  670 1834 1688 1033 1469  788  265  768  575 1547  332 1274 1069  631  718 1121 1104  746 1825 1294 1703  751  121  259 1336 1017 1277  107 1517
  945  360  707  361 1038   17  470  225 1806 1609  791 1474  542 1175 1408  270   67 1676 1430 1317  597  559 1424 1554  970  684  579 1265 1052  853  769 1560   63  102  630 1840  580  623 1780 1793  964 1675  171
   18 1051 1608  465 1207 1213 1297  322   15   26   59  585 1829 1230  637 1002 1254 1830 1564  897  304 1821  741   80  932  478   58  453 1092 1605 1579  439 1575  690 1120 1054  705  913   44 1781 1562 1716  924
 1168  383  427 1195 1413 1654  477  179 1801  521 1423  499  944  464 1100  735 1558 1529  544 1398  903 1435  493 1321  999  236 1412 1216  599  423   74 1489 1016  660  480 1632  823 1238  510 1073  473 1813   45
 1553  452 1234  133  271   94 1837 1671  362 1151 1160  892 1378  346 1214  178 1556  653  483 1653 1811  612  378 1842  803  681 1127  455  810 1722  515 1111 1118 1792 1844 1028  471  249  557 1694  211  578   95
  614 1612 1266  995  739 1458  969  776 1334  404  349 1116   66  703 1065 1589  258    9  990  940  868 1299  509 1229 1142  873 1288 1736  870  674 1762   16 1570 1700 1384  255 1293 1108  297  935 1323   33  359
 1617  915 1226  778 1078 1442  822    7  618 1491  420 1159  146  583  998   90  874  984  905 1312  501 1845 1240  723 1210   87 1136 1354  929  566  306  229 1587 1130 1468  529 1628 1684 1572 1144  809  441  192
  156  814  400 1156  163  386 1827 1523  967  734  677 1087  565 1053 1640 1709 1026  395  393   96 1802 1047 1367   24 1724  643  533  391 1113  669  655 1727 1339  314 1511  922  948 1635 1699  505  485 1512  443
  254 1364 1259  240 1600 1396  173 1497  341  946  310 1222  760  646 1035  415 1758 1124 1257 1798  725 1503  196 1171  506  727 1510   42  233 1614 1292 1091 1177 1417 1459 1664  136   40  147  120 1645 1611  354
 1657 1451 1180 1483    6 1725 1138 1311  740  562 1778  812  350  952 1012  261  126  460  397 1332  978  927  861  344 1745 1717   65 1610 1169  711  648 1690 1129   60  224   93  656 1702  283 1771 1074  466 1119