  909  995  445  526  272 1028 1567  695 1465 1869 1557  930 1826 1832 1532  427  295 1615  451 1565 1361  412  737  464  808  880  555 1426  251  939 1449 1336  794  562  307  111  169  487 1746  879  893 1876 1303 1068
 1644 1740 1041  772  731 1602  536  539  591  543 1338 1684 1859 1761   75  135  356  245  129  374  965  952  172  598 1015 1584 1250 1288 1523 1111 1716  725  486 1887  479 1534  780  227 1686 1536  502 1089  910  904
 1817 1640  501  517 1050 1298 1853  506 1587  241  381  216  263  825  927   32 1005 1129 1891 1207 1513 1399 1695  616  560  446  594  811 1222 1576 1629  875 1874 1013  379  987  393 1512   50 1153  554 1214  355 1308
  151  173 1309  689  313 1416  860  584 1775  337  873  416 1072 1811  676 1617 1756  890 1299 1383  718 1803 1060  700   66 1856 1865 1924  806 1433  686 1413   73  631 1379   44  513 1554  834 1778  693  881  265  239
   61  982  553  782  369 1184 1612 1673  646 1714  747 1466  182   16  574 1198  328  929 1657  601  154 1712  899 1407  568 1783 1151 1908  615  824  821 1639 1752  914  678  706  923   53 1672  587 1793 1925  557  299
  277 1911  878 1772 1273 1095 1150  551 1905 1556  475 1326 1517  101 1621  134  402 1850 1044  617  484  803  257   57  835 1562 1486 1324 1824  711 1132 1083  360 1375  268  258 1882  752 1105  142  753  837  495 1374
 1359  375 1572  885    1  863 1025  719 1239 1094 1243  913 1012 1864 1622   18 1235 1242  230  322 1643 1428   87 1546 1888 1161   98  284  665  443  246 1524 1607  727 1500 1391  224  113  386 1377 1408 1914  383 1738
  262  240  120 1566 1484 1217  392 1437  189 1087 1246 1283  655 1438  335 1885  523   13  408 1758 1327  190 1229  473 1928  184 1390 1625  735  166  827 1417 1106 1108  714 1133 1253 1889  664 1478  201  651 1721 1667
 1821 1241  368 1527   12  508  552 1026  128  956  291  991 1017  629 1552 1855  941 1920  534 1102  765  359 1767 1380  871 1922 1649 1096  161  862  458  696  106 1282   40  961  634 1727   83 1341 1873 1091 1485 1034
 1879 1719  906 1400  882   28  756  716 1699 1782 1613   69  945 1493 1917 1800  816  463  750  442  556 1049  236 1110 1363  376  757  456 1016  509   17  253  312 1899   99  790 1913  185 1401 1348  548 1606 1062 1678
   81 1306  332 1447  522   72 1481   14 1334 1892 1195  874    5  636 1718 1762 1819  924 1635 1511  588  618 1040 1353   64 1863  869 1530  285  380  321  237  524 1886  732 1743 1473  905 1482  326 1487  749  395 1204
 1201  801 1006  460  739 1875  512 1154 1164  411  902 1593 1790   59  948 1648 1344 1370  352  468 1234 1325 1097 1549 1152 1295  818   48 1598 1750 1203  213 1199  758 1693  998  499  645  679  575 1311  141  768  269
 1816 1705  305 1838 1694 1502  643 1553  345 1352  781  203  829  928  864  388 1734 1043  637 1654 1180  163 1472  774 1100  653 1926  721  255   42  530 1677 1505  146 1077 1244 1356  677  150 1521  652 1422  481   76
 1258  738 1444  609  870  202 1004 1655 1121 1092  533  405 1771 1107 1123 1082 1420  745  997  364  639 1268 1681  351  470 1561  570 1730  850 1520 1494  516  649 1898  674  130   91 1373 1488  770 1605  687  949  110
  861  348 1423  547 1452  938 1442 1188  944  108 1293  972 1698 1477 1589 1929  410  891  447  433 1591   71 1707 1516 1531  717 1412  999  510   96 1439  561 1522  148   43 1729 1884 1002  690  799  671 1170  382   34
  969 1424 1088 1362 1932  703   68  571  157  810 1451 1550  197  179  776  842 1470 1779  884 1079  839 1582  581  343  138  453 1544 1893  183  667 1018  670 1156   93 1749  304 1330  764 1650 1768  669 1265 1117 1547
  762  789  578 1059  638    7 1895 1346  324  660 1200  900  788 1345  958 1165   95  920 1637 1814 1259 1651  800 1781  249   41 1266  569 1496 1319 1193 1323 1903  472  459  137 1406 1269 1010 1805  436  505 1232  153
  792  429 1711  912   37 1078 1274  935  589  320  219 1339  766  454 1479 1936 1209  480 1063 1358 1147  497 1149  438  357 1045 1240  975 1290 1807 1616 1208  399  474 1022  807  186 1902  697  444 1660  342 1726 1806
  256 1261 1223  140   56 1871  270  590  682  353  579  963  104 1652  139 1128  279  955 1284   78  769   36 1256 1384  171 1575  361  347 1263 1118 1563 1829  707 1262 1867 1571 1564 1061 1320 1398 1935 1528 1464 1402
 1794   80 1307  779 1497  314 1627  713 1506  742 1051  327   45 1680 1313  221  841 1116 1148   26 1369  701 1842 1535 1669 1815  391 1731 1146 1501  847 1248  892  743 1848  298  387  209 1701  622  859  936  177   20
  144  544  222 1436 1098 1833 1157 1177   77 1798 1702 1392  390 1337  992 1769  640 1409 1019 1927  167 1799  306   88  457  217 1101   97  136 1857 1084  934 1789 1023   25 1755 1704 1797 1249  210   33 1054  422 1247
  403  349 1351 1159  489 1090  529  488  888  612 1228  605 1854 1514  260  254  214 1906 1674 1197 1780 1539  724 1608 1741  398  876  218 1626 1029   51 1210 1001 1301  734 1167  385 1804  845 1160 1357  767 1126  103
  831  993  220  672 1321 1568  626 1011 1414 1646  974 1194  708    2 1457  231 1555  132 1558 1403 1525 1847 1046  582  125 1278  740 1335 1904 1801 1085 1483 1696  232  229 1454 1140  511  187 1851  293  396  288   70
 1529  783  856  435  661  744  354  921 1499 1595 1456  289   29   52 1219 1900  736  531 1839  683  648 1537 1469  528 1665  207  406  331  538 1038 1064  957  624 1322   65 1909  466 1896 1302  962 1316  805 1599 1849
 1057 1190  925  283  832 1427  428  563  726 1585  537  976 1368  981  105  580  666 1735  986 1109 1915  114 1182 1827 1542  417    3  916 1907  614  681  602 1441  971 1460  613 1910 1039  500  362 1933  625 1114  867
 1035 1410 1697  791  476  450  325 1569 1471  274  455 1559 1518 1365 1093 1220  668  485  798  915  515  469 1281 1260  100  817  773  287 1310 1658 1751  192  180 1604  659 1113 1508  897  704 1708 1792 1130  174 1158
  477  872  621  558 1468  709 1628 1748  434 1056  401  541 1009 1843 1245  973  223 1586 1664  796 1538  196 1058  950 1862  397  630 1610 1371  267  259  282 1676   11  586 1286  675  894  868  723  855 1717 1820 1231
  244  102 1185  797  858  733 1215  755  296  635 1125   86 1292  176 1742  164 1277 1332  908 1841   90 1421  143  545 1300  233  728  694 1382  278 1445  564  607 1367 1227 1912 1690  843 1773 1860  264 1744 1810 1931
 1264   19  722 1653 1763 1075 1777 1475 1389  763 1255  849  685  252  339 1703  449 1099 1137    8  814 1172 1583  926  793 1495  786  953  198  248 1636  931  611  145  234  467 1459  478 1432 1791 1342  212 1355 1877
 1202  748 1173 1709 1683  238 1808  720 1715   67 1178 1668  853 1700  191   55 1448  158 1601 1603 1890 1314  194 1765  702  647  809  823  691  373 1880  127 1916  546  535 1630   79  358  830  654  494  426 1453  960
  540 1624 1822 1328  261  317  838 1666 1736  968 1134 1216  964  437   54  983  954  300  567   21  498  123  795 1315 1596 1252   82  577 1131  250 1872  775  705  610 1830 1176 1305 1835  126  977 1682 1397 1138 1837
  895  633  208 1881 1112  419 1343 1115 1331  115  532  606 1753  985 1796  292 1802 1723  658  365 1507 1042  989 1519  225 1659  947   24  518 1866  603 1491 1033 1570  979  286  199 1446  771  483  942 1142 1237  572
 1894 1387 1545 1592  836 1609 1597  297  492  409 1205 1614  778  967  430  271  152   60    9 1480  204  330 1883 1619 1418  432 1710 1759  124  937  121 1577 1733  215 1230 1270 1318  308 1737 1509  341  461  822  932
 1878  852 1462 1809 1831 1490  684  400 1844 1823 1381 1395 1354  315  698  273  959  566  751  759  951 1145   63   46 1396 1503  597   85  901 1774  107  235  425  970 1425  593  329  988 1206 1008 1080 1271 1510  482
  336 1276 1526  193  812  303 1461 1688  819   84 1923  302  787 1071 1254 1435 1419 1139  628  378  384 1053 1192 1760 1670 1007 1687  131  754 1443  851 1785  159  919 1551 1732  247   27  746 1251  820  804 1163  644
 1213 1166  527  777 1858  112  784 1728  340 1429  922 1638 1279 1463  122 1786 1127  319 1224  984 1162  663 1196  407 1086  109  620 1713 1662  243  887  165 1846 1430  760  917 1285 1620   74  175  195  886 1366 1349
  441  865 1212 1296 1272 1136 1171  266 1489 1757  116   47 1360  156 1641  448 1119 1541  599 1868 1689  370  160  592  310  898 1155 1440 1642  943  206  316 1764 1267 1388 1788 1930  642 1393  346   35 1280  966  294
 1623 1124  350 1825  333 1590  493 1845 1122  452  205  334  168 1347  940 1027 1179 1921  542 1720  828  866 1574  608  226 1581 1840  990 1048  595  311  785  118 1350 1174 1036  496 1144 1745  996 1784  394  514  471
 1329  188  802  372  550  363  848 1901 1376 1186 1037 1573 1633   30  431    6 1364  309 1000  656 1600 1386 1189 1588 1405 1685 1304 1211  619 1515 1476 1378 1498  424 1739   39  657 1594  627   22 1024  200 1067  413
  420 1543 1870  389 1238  911  585  162 1066  490 1175 1706  813  883  978 1120 1287  440 1411  119  710 1372  525  903 1540  276 1340  877  367  211 1631 1431  421  549 1828  761 1492 1030 1560  699 1169  338 1081 1897
  907  729  149  366 1724 1579  117  415   31 1415  559 1852 1634 1663 1394 1770 1725 1020   23 1795  281  301 1918 1191 1103   15 1533   94 1226 1580 1236 1766   38 1291 1183  889  846  896  833  133  576 1458  520  840
  462 1218 1812  519 1275 1618 1404 1104  521 1671 1474 1135  715  826  280  377  946  573 1834   10 1221 1691   58  181 1919 1692  178  662  504  155  228  741  980 1787 1754  242 1076 1675 1055 1032 1297  491  565 1656
 1070 1455 1233    4 1317 1065  323  404  418  844  815  994  641 1289 1611 1632 1747  344   62 1003   89 1776  275 1141  918 1578  503 1934 1813 1661  650 1861 1257 1836 1333 1385  371  147   92  632  414  933 1052  692
 1450 1647 1014 1181 1722 1434  600 1031  730 1021  857  623  688  673  604 1143  680 1467 1645 1818  507 1069 1047  290  712   49 1074 1168 1548 1504 1294  583  170  596 1679  318 1187  439  465  423 1073  854 1225 1312