  524 1626  816 1322 1645 1395  814 1411 1733 1806 2018  177  581  643 1084  975 1489  442  720  507  439  110 1552  735 1699  448  922  415  329 1598   12   29 1689  321 1245 1423  226 1816 1472 1687 1431  587 1446  855 1371
 1831 1196  817 1280  453 1415 1763  113 1453 1841  604  709  947 1324 1694 1544  732  227  352  318  153 1661  354  859  611  674 1165 1175   19  957  106 1609 1747  464 1157 1835 1925  263 1146 1417 1523 1076 1538  176 1362
   16  657  447 1360 1105 1505 1235  297 1590  608  444  729 1189 1429 2010 1555 1250  193  899 1920 1965 1812 1208  706  194  849 1219 1781 1917  790  422  898  203  890   77 2023 1374  443  355 1519 1252  307   76 1930  937
 1765 1817 1993  511  320 1995  435  243  989 1167 1773 1575 1600 1702 1828  500 1340   44  875  103 1070  238  296 1103  420  540  716  602 1867 1384 1121  910  417  999 1476  302  811  731  476 1314 1530  987  695 1630 1375
  645  705  509 1977  286  484  746 1499  624  862  660  876 2019 1486 1247  761 1928  339  872 1161 1981 1160   98  654 1228 1352 1929 2014   73 1890  454  573 1263 1801 1493 1041  101   60   80 1229 1397  481 1393 1081 1073
 1788 1437  669  497  156  980  337  616 1884 1506  853 1550  171 1097  112 1513 1421  225 1498 1470 1650 2021 1469  181  261 1992  526  934  997 1526  718 1365  977 1390 1958 1936   47  471   40 1276 1667  360  552  758  733
  920  572 1881 1037  451 1188 1560   32 1063 2000 1551 2004 1874 1177  209   61  777  277  831  596 1065 1674 1938  878 1038 1908 1203 1012 1419  268 1885  141  249 1863  472 1090  902  367 1811  988 1385  403   64  794  707
 1091 1001 1636 1270  234 1705  969 2022 1369   92  632 1268  537  221 1183 1639 1942  684 2003 1679  523   69 1864  711 1459 1396  192  845 1058   27 1666  961  928 1351 1032  893  204 1963 1291 1317  419  933  285  120  901
 1593  372  441  198 1686 1299  749 1571  774 1518  183 1024 1145 1574  236 1372  107 1855 1212 1888  229 1912 1236 1178  488  994 1096   13 1570  410 1408  212  328 1294  423  717  932 1999 1786 1508  967  341 1761  675 1311
  124 1281 1045  700  752 1129  713 1753 1748  909  136  492 1830 1017  549 1154  964 1790  715  562  335 1231  982 1186 1464  680   28 1107  923  750 1315 1814  169 1844 1974  553  725  514 1961 1588  158  615 1205 1569 1532
 1982  208  740 1784 1969  897  998 1614 1633 1810  305 1853 1918  762  402  310 1409 1769  807  842  548 1435  398 1741 1785 1023  304 1185  653    3  253  838 1651 1704  519 1110  833  115  917  480  879 1297  911  865  126
 1515  818 1837 1000  804 1772  290 1022  889 1494  288  266  873 1768  803  392  459 1553  399 1698  561 1150 1664  919  683  753 1347 1700 1528   78  469 1440 2006  280 1457  232 1612 1355  381  289  311 1922 1613 1222  673
 1194  598  216  180 1344  798 1204  237 1610 1139  108 1246 1420  490 2024 1675  778  272 1338 1727 1502  379  582  135 1062 1300 1829 1283 1441 1434 1970   67  948 1142  347 1520  371  148  953 1190  754 1558  456 1910 1706
  214  228 1485 1356 1692  844 1660 1122  317  741  793 1730  857 1607  786 1749   88 1015  670 1631 1894  569 1665  770  621 1750  343  955  319 1313  824  938  773  896  521 1009 1039 1184 1214  951  577 1668  618  676 1913
 1663  579  309  100 1718 1561  651 1955  258   68 1447  496 1071 1066  512 1497  913 1840 1399 1861  555 1901  827  764  246 1597 1271  943 1043  767 2008 1163 1388  499 1108  245 1818  467 1151 1310  276  576  331 1467  900
 1565 1549  173   14 1331  884 1579  874  927 1143 1128 1866  739  545  361 1305 1008  487 1956  748  424 1871 1092  635 1104 1501  430  950 1261 1759  506 1416  349 1225  445 1760 2002 1789   38 1406  848  766  416 1288  122
   17  691 1739  637 1778 1815 1389 1158 1758 1927  639 1050  930  885 1074 1224 1059 1919  125   99 1088  808  362 1075   39  213 1755  235 1527   91 1720  202  369  836  105  880  852  525 1514 1819 1842 1647 1383 1734 1051
  344 1623 1449 1566 1116 1319  440  323 1964 1318 1339  351  359 1891 1935  568 1774 1181  199  326  461  145    9  597 1460 1078 1897 1682  482 1670  240 1870  233  594  956 1046 1546 1209  397  782  812  796 1847 1966  425
  165 1987   15 1627  270  536  881 1258  283 1800  294 1845  768 1671 1042 1478 1577  503 1767 1427 1217  167   50 1649 1638 1804 1537  412 1126 1490 1292   90 1770  567  664   56 1159  721 1503  756 1240 1717  118  271 1377
 2025 1906 1230 1950 1119  127  954 1701  428   34 1049 1654  696  915  505 1902 1886 1448  801  161 1745  334  269  678  689  984 1010  418  690 1504 1426  574 1673 2020 1454  160  479 1320  710 1255  564 1572  769  791    6
 1512 1223   85 1249  129  300  140 1680 1456  894  429   53  745  906 1887  907  941 2001  952 1140  730 1509 1652  130  914  247 1573 1766 1883  908 1933 1796 1131 1563  433  460 1274 1603  646  513 1358  771  457 1475  231
  315  822 1301   58  944  623 1545  365 1838   83 1398 1524  364 1868 1777 1601 1735 1026 1990 1676 1657  338  504  390  275 1621 1635   52 1911  979  279 1244  631  298 1422 1337  463  325  378  452 1991 1821 1813  374  542
 1197 1984  324  252  813 1659  661  262 1233 1069  314  287  498    5  385 1802  510 1458 1068   49  585 1134 1951 1719 1507 1334   59 1728 1904  776  935 1367 1876  895 1048 1923   23 1442 1251 1248 1722 1025  993  648  662
 1697  218 1531 1099  182 1216  205   45   26  306 1094 1967 1153  188 1924  348 1797  104  962 1754  207  414 1738 1210 1125  942  785 1857 1307 1428 1072 1878  697 1521 1363  677  356 1820 2005  726 1166    4 1141  722 1608
  945  230 1004 1583 1308  248  426 1619  652  960 1960  692 1564 1295 1285  617 1825  384  931  189  434 1438 1690 1850 1729 1327 1662  404  912 1655   46  861 1656  995  528 1463  805 1164  693 1451  265  665  578 1239  358
  630  877  755 1272 1624 1035   22 1169  373 2011 1218  551  159  856 1433  217 1080 1852  679  759  699  727 1149 1726 1257  502 1030  313 1877 1567 1803 1350  737 1715 1594  527  543  851  284 1589 1783 1461 1089  220  620
 1985 1206 1896 1554   18  421   81  162  530  102 1085  607 1412  663  936 1903  333 1940 1170  470  475 1869  666  179 2009 1259 1044 1809  299 1202  867  828  888 1843  292 1534  789 1321 1971  847  251  575 1709 1693  892
 1937 1123 1648  274 1548 1382 1994  163  382  427 1622  837 1028 1120  541  308  408  797   11 1316 1762 1333 1277 1882 1056   31  376 1342 1138  522  592 1592  147 1468 1944 1952  870 1155  478 1289 1254 1067  312 1658  222
  629 1227  201 1156  986  295  595 1535 1328 1945 1381  483    1  891  781  638  593 1547 1862  806  554  393  976  965  560  146 1242  531  431 1162 1479 1678  293 1135 1873 1543  515 1477  605  991 1805 1380 1581 1443 1947
  350 1267 1430  990 1972 1542  834  584  556   71 1604 1824  765 1098 1522  474 2007 1949 1943 1450 1400   93  340 1832   30 1111 1201 1273 1256  800 1473  190  685 1379  368  583  380 1432 1677  571  164  586  698  387 1444
 1736  239  174  626 1378  409 1061  391  609  273 1466 1345   36 1003  809  738  840 1946  534 1405 1500  485 1200  949 1484  802 1713  916  992 1578  241 1688 1488 1187  255 1410 1979  116 1641  170 1031 1742 1332  996 1672
   33  250  547 1359 1851 1846 1983  267 1482 1079  734 1180  830 1988 1483   10  694 1083  728  377   48  172 1215 1644  712  437 1114 1265  823  628  185  839  370 1286 1370 1293 1173  533 1711  747 1568 1618 1721 1822 1487
  603   25  958 1779 1898   62 1540 1756  278 1341 1404  178  921 1006 1839 1724 1465   41 1764   37 1731 1133 1836  614  200  187  636 1791  149  196 1962  649 1939  863 1174  342 1481 1115  195 1253 1823  886 2016   72  723
  826 1865  411 1087  495  625   21 2013  244 1284 1052 1179 1260  832   82   74  219 1968 1492 1392  346 1533  508  401  264 1211 1193  655   79  779 1653 1895 1826   57 1634 1095 1834 1495 1606 1685  493 1124 1376 1859  563
  518 1737 1997 1643 1018  704 1932    8 1681  633  407 1525 1957  150 1584 1582 1182   94 1723  644  539  438 1326  682 1771 1418 1130 1684 1455  109  449  389 1027   63 1207 1996 1168 1019  719  742  658  736  121   86 1934
  157 1907  971 1617 1106  291 1872 1854 1152  375  413  946 1743  846  133 1221  544  138 1562 1275 1290 1021 1591 1989 1751  829  191 1226  388 1264 2015 1585  215  972 1973  566 1176  775  114   51  788 1132  860  184 1516
  634  968 1336  559  858 1541 1013  517  535  810   55  613  186 1199   87 1637  854 1948  224  985 1640 1394 1309  546 1054 1976    2  622  744  610  929 1880 1510  501 1100  580 1752 1471 1848  395 1011 1959 1366 1909  918
 1599  254 1213 1403 1536 1057  432 1975 1323 1060 1262 1234 1632  197  139  588 1109 1279 1127  256 1744 1053  841  820 1879 1703 1002  406  123 1330 1576  137 1580  687  612  606 1856  142 1557 1113 1605  242  843  281 1172
  966  825 1986 1602  926  864  558 1914  978 1304 1611  925  973 1082 1915 1144  686  332   35 1269  152 1827  882  619 1373 1137 1858  520  714 1064  322  166  887 1287  473  641 1238   24 1620  724  259 1916  821 1266 1900
 1148 1402 1296 1716  489  529  981  760 1529 1782 1926  394  784 1195 1220 1517  708  465  757  486 1833  282  591 1787 1998  671  667   95  656 1436 1725 1329 1921  111  939  702  557 1237 1496  532   42  450 1298 1241  905
 1047  772 1232  589   96 1102 1799  869 1198 1905 1849  336 1714  550  353  211  599   65 1282 1893  903 1629  850 1445  883 1474  672  795 1117 1539  330 1775   75 1005 1425  787 1795  783  703  386 1732  600 1596  477 1348
 1462  455  154  627 1808 1792 1642 1086   97  647 1171  206 1118  570  494 1776  659  151  117 1625 1192 1978 1556 1899 1628  143 1875 1695  815 1491 1439  904 1112   66  327 1029 1712 1941 1055  516 1020 1302  799  303  131
  168  701 1587  257 1615  363 1343 1780 1034  974  871  681 1794 1361  446  345  405 2017 1889  642 1040 1511 1136 1798 1357 1696   89 1093 1710 1368  316  119 1349 1278 1007 1101  132 1480  601  743  668 1386 1414  128  792
  924 1793 1413  468    7  436 1646 1452  763   84 1669 1954 1354  134 1243  819 1033 1860  565 1559 2012  366  866  396  357   54  970  155 1335  650 1683 1746 1953   43 1401  301 1740 1980  144 1807 1036  175  983 1616  640
 1586 1364  688  400  751 1595 1892  538 1014  383 1346 1303   70 1312 1691  210  458 1077  780 1407 1707  868   20  959  223  491 1147 1931 1325  835  466  590  462 1387  940 1306 1016 1424 1391  963  260 1353 1191 1708 1757