  539  562 1633  965 1535 1658 1741  282 2101   41 1346  927 2019 1650  154 2072 1616  818 2088  611  566   67  448 1244  477  349 2046  178 1045 1860  597 2105  594 1885  225  247 2051  809  620 1588  683  646 1669 1102  236  996
 1604  401  521  675 1079   48  389 1031 1883 1226   49  242 1018 1209 1451  405 1093 1210  561 2066 1757 1176 1911  430 1173 2096 1855  950  792 1178 1241 1139  964 1214  510 1471  364 1435 1969  172 1133  319 1490 1884 1013  894
 1690 1763 1697 2035  797 1190  281 1434 1587  854  296 1004  790 1822 1746 1154  284 1640  262  324 1844 1105 1163 1231  245  951  655 1590  506  727 1888 1676  283  825 1802 1511 1224   32 2003 1264  447 1136  892   23  255  763
  598 1698 1271 1910  119  336 2064  730 1372 1843  982  442  957  990  512   11 1724  897  218 1418  626 1566  777 1581   12 2077  672   84 1893 1050 1756 1223 1821 1157 1540 1894  657 2099  126   69   66 1876  287 1634  734 1322
  884 1908 1524 1624  774  333 1809 1076  796 1556  274 2062  244  332 1625 1851 1747  239  858  361  895  384   94 1257  519 1836  577  595 1033 1769 1497 2013  149  449  801 1736 1334  901  170 1611  599 1313 1725  711 1563 1283
  949  124  623 1755  331  941  288  305 1661  452  848 1503 2038   43  104  926 1135 1374 1751 1440 1370 2068   61  617  724  291  812  779 1645 1920 1319 1356 1631 1066 1504 1249   96 1712 1221   78 1401  803 2056  824 1987 1510
 1119  335 1187    9 1811 1545 1087 1818  386 1097 2014  429  358  235  392  843  770 1787 1938  342 2097  937  962  480  550   58 1961 1793 1428  992 1519 1854 1878 1827 1114  959 1764 1023 1247 1160 1112 1382   16  426  147  503
 1235 1586  719  303 1454  486  145 1687 1609  674  144 1445 1550 1703  428  402  243 2103 1253 1092  859  739 1311 2023 1456 1427  352   44 1598 1913  781 1037 1719 2078   29 1463 1685  607 1069  984  268 2011  677  353  195 1752
  553 1993  445 1380  139  707 1103 1461  203  173   18 1643  471 1617 1073 2041 1675  925  746 2069  647  956 1569  151  983  390 1718  669 2040 1621 1834 1863  768  820 2090 1162 2065  508   14  417  527 1848 1236 1232  523  605
  465 1211 1042 1807   55 1652  644 1728 1429 1716 1840 1561 1651  872   46 1059  930 1300 1605 1281   99  290 1748  736 1512 1636 1499  485  945 1298 1720  593  341 1200  161  128  870  692 1782  654  678  695 2007 1648  977  403
  294 2050  354   40 1770   36   54  952 1351 2031 1377  497  731 1216 1918 1639 1259 1868  362 1991 2107  343 1121 1254  320 1768  453 1495 1753 1218 1039  863 1412  241  708  446 1070 1520 1438 1990   47 1790  204  570  584 1147
 1436  113 1656 1158 1394  292 1628 1202 2026 1467 1296 1477   81 1277  742 1603 1686  877 2024  120 1233 1667  258  461  947 1592  137   22   98  326  832  836  467  552 2091 2002 1857 1515   24  555  581 1186  133 1937 1780 2047
 1113 1988 1167 2053 1552 1085   63 1785 1182  534 2111  642  102  687 1177 1688  314 1514 1794  651  740 1788   86 1285  214 1189 1099  451 1194 1417  688  114  103  219 1344 1032  408  874 1957 1415 1354 1713  915 1762 1864  264
 1632 1329  308 1396 1835 1386  116   31  165 1681 1798 2086    5 1501 2089   39  325  629 1183  907  301 1367  855 1452 2073 1055 1397 1376  254 1225  706  233  289 1895  115 1842  425  136 1134 1410 2084 1496 1261 1409  676 1784
  759    3 1869  340  229  514  689  838 1533  699  278 1553 1916  816 1522  297  295  524 2010  882 1378 1507  787 1721   70 1488 1774 1482  267 1108  537 1583 1601  814 1292 1846  679 1166 1861  766 1815 1011 1323  722 1044 1483
  383 1289   75   79  406 1858  903 1331  399  658 2095  250 1195  737 1419  888  418 1830  194 1272 1278 1056 2079  822 1898 1036  868 1082 1327  906 1120 1900   89   59 1484  621 1408  208 2022 2004  886  393 1897 1338 1116 2115
   19 2104 1479  293  732  582 1841 1832 1939  533 1892  709 1340  946   28  601  748 1789 1109   80 1578  176 1903 1970  246  653 1321 1808 2114  988   74  733 2030 1256  794  936  407  857  483  180 1750 1773 1927 1266  568  304
 1383  344 1577 2063 1954 1337  234    2 2025 1642  576 1771   21 1730 1856 1242 1392  558  969 1273 1197  862 1192  632  321  191 1722 1395 1695  330 1263  385  684  891 1560 1175 1282   77  624   60 1516 1212  755 1234 1850  637
 1026  221  372  817 1607  587 1288  939  694   71 1829 1805 1230 1156  899  285 2098  826  938 1426  472 1620  211  640 2033 1671 1950  904 2045 1433  517 1046  735 1726 1049 1534  271 1912 1217 1947 1548  663  469  198  215  551
 1739 1015 1678 1930 1833   20  337  456  413  963  890  978 1169  845 1549  649  758 1568  153  875 1072 1315  209  240 1783 1305 1227 1493 1358  416 1003  609  603 1626 1260 1402  286 1727 2001  300 1304  835 1341 2074  696 1388
  917   38  998 1649 1387  752 1803 1715 1152 1138 1052  656 1705  462 1880 1067 1644 1384  511  309  547  501 1476 2108 1999 2093  865  810  424   73  376  800 1151 1691 1431  585  645 1914  269  367 1480   82 1302 1733  142 1608
 1365  713 1518  942  799  783 1423 2012  454  101  619  365 2094 1038 1375  549 1485  427  924  266 2042 1614 1532  257  127  140 1345  633  106 2043 1976  565 1732 1701  205  893  827  458 1708 1942  981 1405 1599 1274 1359  975
 1527  935  960 1865 1373 1547 1164 1921  197 1171 1889 1810 1080 1820 1944 1800  844  691 1978 1665 1663  387 1104 1030  237  520  400 1506   95  698 1206  920 1679  491  256 1301   45  798  931  272 1449  315   42  409 1945  811
 1458  871 1974  754 1981 2083 2057 1579 1155  914 1711  614 1399 1252   76  725 1441   64 1310 1265  202 1551 1028  869 1228  685 1523  559 2029  375  560  357   17  885 1083  423 1061  627 1110 1400 1839 1391  635  554  422 1595
 1101 1245 1024  189 1986 1852  602 1814 1934 1737  279 2006  226 1870   30 1637 1075  495 1062 1475 1048 1131  902  591 1006  280  813 1965  117  391 1709  164 1813    6 1145 1655 1594  776  263 1459 1317  563 1096 1536 1505  207
  360  667 1738  167  622 2028 1797  918  148 1575 1314  785 1172  121   62 1666  419  648  356 2000  780   52 1398 1641  628 1149  129 1660 1469  769  171 1824 1775 1268  829 1179 1871 1971 1316 1926  968 1817   25  912  531 2070
 1128  793  381  318   91 2109  158  673  541  741  881 1270 1243  604  987 1432 1975 1258 1882 1464 1962  346 1058  249 2059  238  368  150 1959 1692 1600 1541 1364  275 1931  123  896  526 1905 1240 1612 1680 1508  747  883  850
  316 1250  729 1205  182  955 1963  616  557 1529  329  953  610  502  659 1222 1558 1411  253 1453 1276 1339 1699 1220 2054  572 1654 2081 1123 1051 1700  373 2067  828  382  313  339 1029  217  499 1150 1111  789 2037 1710 1826
  210  431   33 2052 1823  468  934  379  910 1837 1907  227    7 1555 1940 1090  564 1500   26 1010 1977 1035 1291 1859  317 1130 1019 1537 1627  232  438  638 1877 1694 1664  138 1165 1677  756 1203 1502 1016  761  395 1984  856
 1564  802 1761  670 1618 1925  702 1336  805  538 1729 1951 2112  186  193  466  571  985 1001  686 1489  370  504 1215 1958  909  536 1602  608 1168  484  889  463 1437  481  866 1280  487  580  345 1326 1185 1825 1422 1896 1765
 1184 1124 1020 1297  394  819  441 1350 1100 1473 1985  478 1847 1571 1593 1576  726  276 1193  388  721 1795  765  529  306    8    1 1269 1362 1470 1487 1933  459 1772  671 1089 1450 1819 1796 1585  298 1447  455  488  911  970
 1646  532  377 2009 1777  118  556  224  397  919 2048  933 1936 2016 1702  260  473 1619 1531 2018 1328  476  703 1478  634  979  782  500  460  540  359 1902 1086 2055 1141  842 1623  660 1295  718  887 1335 1744  525  753  795
   35 1381 1684 1838  961 2008  661    4 1574  261  846 1153  492 1098 1849 1279  369  804 1494  630 1159  823 1891  479 1239 1290 1881   65  954 1306  432  489 1668 1779  522 1853 1890 1238  743 1924  641 1960  350 1517  105   72
  168 1932 1237  867  710  323  490 1349  440 1107  997 1008  575 1307 1457 1492 1997 1481   90  548  347 2113  880  444 1347  443 1007 1949 1776 1430  415  130  248  201 1929 1704 1792 1442  351 1565  980 1731 1068 1629 2087  108
 1246   83 1804   56 2110 1760 1791 2102  681  815 1005  398  778  177 1544   57 1054  457 1923  908  190 1455  767 1127 1972   53 1486  967 2049 1081  876  586  900  513  643 1759 2039 1657 1143 1014   85 1343 1831 1766  530  110
 1948 2032 1786  439 1188 1040 1982  905 1742  535 1543  578  464  971 1693  631 2060 1330 2076  705  111 1979  744 1591 1525  216 1421 1360  652  837 1122  668  976 1002  252  434 1554 1207  131 1196  100  773  700  944  650  898
 1672 1941 1539 1754  181 1064 1707 1964 1416 1546  528  579  435 1126  474  704  750 1361 1717 2082  861  157 1065  302  156 1584 1915  174  141 1446 1622  509 1582 1009 1696  723  712  366 1366  507 1088  132 1342 1180 1091 1425
 2044 1325  928  482 1294  299  749  230  760 2020  420  966  222  493  590 1872 1928 1448  662  411 1262  932  192  830 1980 1904 1324  589 1662 1303 1078 1801  437 1071 1674 1439 1740 1027  162  588 1723  764  745  122 1673 1526
 1286  498  839  784  196 1219 1996 1509  410  788 1630 1812 1806 2080  169 1369 1137  851 1567 1352  450  807 1424 1828  771 1353   51  412 1312  112 1682 2015 1538 1606  143 1389  310  972  786  179  738  184 1095 1670  831 1735
 1115 1647 1638 1659 1318 1333 1874  682  717  135  573 1144 1057  206 1886 1355  864  163  666 1589 1406 1542  615 1012  322 2116  212 1689 1491   92 1867  265 1191 1251  772  618  494  470 1778 2036 1887 1201  833  849   27 1034
 2034  545 1125  183  821 1060 1749 1899 1998  596  834 1443  940 1472 1966  380 1077  378 1267 1142 1129 1952 1198 1635  999  134  994 1404  109 1117  543 1513  270  228 1474  613  200  841 1148 1528 1781 1420  664  636  569 1683
  363 1953  612  989  334 1460 1255  160  396 1967 1332  991 1875 1213  751  518 1275  185  355  327 1320 1161 1653 1901 1758 2027 1170  421  125  762  720  259 1403 1132 1610  852 1413 1293  808  995  701  155 1866 1530 2061 1284
  728  515  860 1873 1017 1946 1597   97  806 1462   13  152 1816   88  715  404 1714  475  639 1992  916 1919 1199 1407 1000 1444  436 1799   68  714 1047 1022 1955 1025 1021  107 1094  913  840 1994 1063  791  690 1498 2075 1745
  542 1580  159 1308 1906  188  921   50 1393 2092  757  312  716  986 1573 2085  311 1204 1208  847 1572 1299 1983 1041 1956  878  929 1909 1043 1106  923 1706 1357  567  922 1385  199  853 1734 1053 2071  338   93  231 1390   15
 1379 1570  583  277  993 1363 1287 1767 1557  665  146 1468 2058 1845  307 1371  496 2106   10 1465  273   87  775  873 1995 1466 1743 1084  680 1309  505 1968 1174  175 1368  606 1074 1943 1615 1559  600   37 1348  166 1521   34
 1935  251  187  433  223 1596  328  516  697 1118  371 1613 1140 1248  546 1989  374 1414  974  213  544  879 2100  948 1562 2021  592 1922  220 1879 1862  693  348 1229 1973 1146 1181 1917  958  973  625  414 2005  574 2017  943