  961  532  882 1442 1882  125 1506 1369  934  682 1234  109 1301  156 1833 1222  551  795 2188  525  427 2063 1355 1753 2145 1938 1987  841  531  634  322 1597 1290 1842  391 1651 1818  202 1061 1388 1284  797  745  468 1520   22 1634
  921  941  157  686 1429  965 1232  798  936 1872 1339 1829    7 2119 1052 1382    1 1364 1593 1067  590  849 1143  227  470 1924  561 1433  178  316 1365 1350  665 1960 1618  537 1499 1038 1423  479 1495 2072  946 1747  704 2043 1613
  141 1696 1982 1574   27 1782 1249 1219 1240  299 1638 1552 1192   44 1513 1185 1181 1140  349 2056 1213 1352 1089  643 1957 1981 2194  225 1663 2172 1707  494  455  914  810 1203  337 1878  517  450  324 1254   40  869 1210  844 1081
  728 1899 1050 1888 1666   85  108  786 1063 1809  863 1415 2112 1367 1379  687 2064  540 1670 1068 1202 1356 1316  906 1903 1371  298 1112 1413 1006  352  627  577 1039 1724 1078 1604 1104 1220 1375  359 2057    2  506 1090   43 1048
 1150 2028  721   90 2054 1167  478 1626 1114 1682   38  612 2015 1015 2153 2139 1933  308  508 1931  396  890 1168 1837  458 1134  436 1370 1518  353 2179  719  962  707  149 1361 1325 2115  689 1291  628  958 1440  170  986  550 1384
 1912 2094  407  357  924 1510  897   61 1603 1739  181  624  218 1281   67 1806 1338 1426  770  585 1656 2122 1346  970  116 1349  971 1876  700 1243  813 1544 1275 1041  120  114  581 1502 1083  519 1277 2114 1094 1741 1288 2001 1679
  603 1334    5  968  382  394 1359  787  258 1259  325  265  198 1414 1333 1922 1631 1100 1633 1536 1702 1118  857  867 1585  277  605 1497  753  859 1968  393 2144 1629  873 2049 1546 1335 2046  692  662 1424  672 1079 1498 1032 2067
  766  556  790 2128  802 1293  579  138  691 2023  998 1323  855  309 1890  964  562 1984 2025   12 2069  217  587   77 1500 2034  361 1738 1436 2071 1142 2033 1892  242  106  317 1097 1387 1024 2201 2061  370  399 1292 1001 1851  742
 2178  514 2010  632 1130  872  712  279 1973  268  780 1871  292   66 2024   96  343 1394  950 1863  744  256 1012 1673 1866  735 2187 1701  619   76 1956 1961 1655 1131 1932  305 1260  137  520 1461  121  573 1734 1751 1486 1637 1199
 2118  433 1256  646  698   33  453 1473  207  518 1376  858   73 1759 2164 1082  117 1441 2142 2190  191  462  388 1831  372  725 2162  241 1822 1579 1408  985 1541  300  635 1029 1779 2135 1836 1850 1147 1616 1908 2138   64  345  409
 1340 2160 1189  621 2167 1303  730  854  336  754 1472  667  817  237 1391 1467 1802 1668 1190 1321  757 1906  546  926 1138  281 1205  319  588  779 1559 1934  251 1952  346 2176  496 1194  310 1580  761  705 2146 1674 2156  548  216
  383 2003  192  957 2018 1527 1689 1218 1732   37 1042 1125 1407 1245 1949  879 1425 1225 1180  831 1377  591 1172  839 1915  683  195 1247  668  282 1383 1537 1422 1198  853  979 1570   34 1565  654  984 1596 1345 1268   17 1839  658
 1312    8 2081  983  193  888 1875 2129 1840  996 1504  814 1877 1145   97   14  527 2045  710 1055 1849  128 1399  641  284   57 1725 2124  953 1280  425 1102  980  480 1563  720 1353  196  801 1770 2173 1773 1858  656  194 2040 1318
 1372  206 1750 1010  822 2070  931 1076 1226 1568 1066 1614 1947 1623  495  516  913  944 1161 1169 1108  584 1197 1566 1474 1825 1542 1564  838  311 1236  467 1817  815 2014  424  589  175 1126  270 1133  889 1186  567 1721 1366  652
 1074  763 1403  395 2084  738 1901  419 1765   58 1400 1824 1785 1368  847 1517 1069 1266  330  664  892  893  920  625  272 1098 1267  966 1269 1514  303 1619 1635 1590  115  411 1250 1410 2191 2006 1683 1602 1166  716 1344   60  448
  369  981 2009 1561   74  679 2143 1404  454  246 1827  160 1049  113  438   31 1955 1465  457  731 1529  827 2016 1835  935 1058  295 2148 1237 2095 2052 1865 1555  600  487 1043   47 1989  631 1036 2002  100  126  911 1123 2079 2168
  234  426  866 2157 1636 1896  356  989  539 1661 2120 1944  807  812 1644 1586 1929 1803 1409  437 1786 1319  653 2032  338 1013  402  197 1482   46  224  418  606  723 1821 1287  711 1337 1713  129  922 1804 1153 2126  774  918  750
 1550 2180  301 1438  982  173 1677  444 1902  163 2036 1685  398  885  159  473 1904  582  231  796 1443 2082 1397  549 1411 1761   89 1075  955 1330  315 1917 2105  139 2047 1967  236 1093 2026 1110 1446 1562 1667  164  640  793  657
 2123  248  726 1883 1607 1080  586   30  545 1211  647  283 1939 2027 1026 1625 1758  851  269  594  142 2076 2088 1294 1298 1845  536 1037  592  501 2192  563  344 2186 1816 1808 2096 1617  297  293  431  749 1453  257 2140  593  633
  669  239  994 1749   42 1620 1832 1692 1059  876 2141  443  860 1698  200 1754  410  651 1489  363 1874 2038  107  663  502 1152 1706  123  680  932 1519  792 2041 2110 2066  569 2008  378 1525  203 1235  620 1264 1437  332 2000 1278
  824 2089 1101 1121  907 1475  917 2196 2078  174  104  602  717 2104 1363 1599  684  690 1790  447  420  335  110   39 2121 2035  523 1815 1373  997 1296  327  930  422 2048 2013  782  671  400  252 1396 1156 1299  789 2184 1509 1711
 1257 1523 1420 2075  864 2107 1610  976  805 1894  205 1253 1251 1327  176 1611  208  697  416  146 1300 1248  401 1182  262  799  321   24 1336 1030  187 1493 1681 1615 1716  820  493 1723 1870 1905  243 2017 2019  709 1791  446 1483
 2111 1224 1060  575  254  877   25 1124  978  846  466  245  341 1820  895  397 1490  184 1035 1727 1273  471  708 2183 1117 2154 1612 1757 1624 2007 1722  875 1630  342 1160 2060  189 2050 1797 1492  547  484  905 1954 1920   70  158
  127  910 1231  760  995 1795 1405  515  660  722 1911 1963 1557  526   11 1468 1271  901  912  862 2205  432 1332 1208  559 2131  909 1480  623  756 1813  509   88 1549 1227 1760 1909 1485  230 1680 1925  732  329 1643  152 1386 1381
 1132  601  313 1645  937 1175 1494  676 1241 1252 1745 1228  580  386 2083  228  477 1347  264 1342 1999 1962  999  967  183  290 2127  111  939  811 1462 1936  392 2177 1005  947 1913  784  574 1491 2185   21 1289  486  916 1942 1881
 1385 1091 1774  318  771 1767 1242 1676  900 1476 1206 2073 1974 1031 1728  557 1969 1471  896 2195 1393   55 1567 1780  604  226 1215  576  428 1155  249  993  740  475 1159 1744  320 1571  260 1460 1930  105  951  463  566  497 1953
 1755 2193 1158  706 1020  938 1329 1726 1558 1533 1972 1034 2097  528   29 2149  185 1445  340  648  821 1575  276   59  348  130  538 1419  940  209 1843 1548 1018 1464 1099 1392 1466  769 1008 1431  727 1054 1488 1040 1136  809 1985
 1793 1650 1317 1021   75  880  898 1139 1684 1469  659  429 2098 1983 1547 2005  568 1522 1543  280   80 1971  459  542 1406  439  991  186 1672  255   15  871 1686 1002  151 1783  693 1873 1695 2150 1233 1229 1216 1246   78  423 2030
 1087 1996  103 1665 1354  358 1077  642  360 2151  381 1742 1799  607  558  222 1109  734 2102 1162  312 1113 1276  172 1512  837 1487 2209 1937 1095 1516 1378 1348  210 1709  238 2134  263 1986  751 1028  596  856 2202  155 2051  355
  992 2092 1283 1307 1314 2011  736  387  743 1315 1521  485 1449 1416  215  544 1274 1787 1578  899 1508 1718 1700 1812 1532 1004  800 1046  373  362 2197  741  296  112 2090 1144 1784 1798  762  874 1262  347  685  492  752 1149  247
 1639   18  374   69 1065  764 2074 1852  489 2012 1730 1641 1704  179  504  464 1715  806  661 1165 1017 1328 1997   10 2039 1687 2200 1551 1141 1127 1891 1553  833 2031  440   51  323 1477  990   99  773  469  973 1188 2147 1176  499
 1479   36 1694  564 1357   83 1389  915 1177   54  145 1402  377 1428  253  389  244 1652 1622  273 2116  302 1699 1592 1297 2199 1648 1662 1418 1311 1501 1608 1868 2087  835  465 1669 1515  868  949 1157  925 1212   86  456 1163 1794
  385  614 1478 1120 1524 1539 1073  904 1600 1595  306  929  894 1609 2166 1450  842 1053 1217 1627  886 2101 1814 1628  777  267 1975  165   72 1576 1417  417  565  630 2125 1064  583 1204 1998 1897  288 1341  785   45 1834   49  507
  655 1085 1678  214 1762  848  747 1729 1789 1859 1828  637 1105 2174  794  412 1965  908  168  778 1940 2091  952 1658 1587   20  948 1554 1671 2053  541  261   92 1116  755  331  101  371 1129 1819 1907  221  408  945 2029 1855  445
 1115 1810 1756  498 2198  287 2132  177  259 1918 2161  729  275  368  608 1594  413  954 1007 1654 1697  881  490 1092 1207 1943  823    6 1239  696  830  891  250 1003 1588 1027 1800  840 1646  367 1844 1719 1463  229 1244 1360 1847
   63  688  714 1690 1528 2106 1331  140 2159  828 1928 1047 1398 1146 1921 1481  617 1496  942 2152 1022  733 1151 1788 1941  919 1103  613 1265  928  171  415    3   65  435 2206 1107   94 1119 1978  808 1642 1238 2169  902  598  147
 1792  681   91 1951 1781  124  449 1994 1534 1898  380 2158 1448 1752 1261 1045  354 2062  180  182  154 1601 1457 2137  136  832 1016 1526 1178  903 1946  943  699 1735 2165  883 2189   23  923  529 2080  201 1640  959  220   28  715
  781 1326 1305  852   13 1084 1980 1895  713 1019  350 1717 1769  461 1688 1768 1014 1841 1191 1857   19  829  530 1977 2171 1282  167 1170 1447  803  510 1993  326  927  133 1887 1322  304   98 1505  442  488  972 2068 1538 1173 1230
  223  987 1649   50  213 1051 1304 1154 1657 1805  543  988 1807  724 1221 1771 1864 1343 1484 1184  131 1072 1740 1736 2065 1605 1070  834 1796  644  878 1556 1778  421 1869  695  441  884  505   81  638 1591 1128 1862  307 1086  500
 1111   41 1071 1991 1995 1358  791 1209  162  132  483   16 2182 1653 1535 1766 1867  535 1577 2055 1430  694  865 1456  211 1772  960 1988 1214 1581  521 1011 1023  616 1279   84  974  609  629 1458  836  969  767  673  772 2021 1992
 1861 1270 1164 1263 1374 2100  472 1950  365 1135  414  333 1598 1659 1183 1743 1432  153 1675 1923  289  274 2022  204 1009 1033  235   26 1444 2175  219  434 1200  460  845 1660 1801 1459  850  144 1174 2020  404  765 1948 1958  816
  476  122  199 1540  240  511 1856  819 1560  474 1893 2109  554  366  649 1137 1056   93 1313 2133 1714  294 2086  611 1879  278 1990  451 1057 1927 1272 1451 1884 1286  650  555 1435  804 1569 1582 1703 1777  328 1390  825 1889  148
  384 1187  364 2155  626 1826  286 1302  482 1285  963 2181  572 1710  571  291  746 1507 2093 1632 2058 1916 1380  759    4  636 1830  674 2136 1748  481  491  512 1900  534 1584   48 2059  843  212  788   68  666 1201 1964 1572 1708
 2042 1976 1395  702  339    9  783 1664  956   79   53  675  232 1421 2044  190  513  595 1096 2113  977  975  143 1737 2085 1044 1959 1854 1025 1848 1503  188 1454  522 1306  406  768 1439 1880  503  403 2204 1731 1000 1223 1573 1308
 1195  887 1763 2208 1926 1811 1148 1255 2203 1606 1196 1320  119  390  718  135 1764  775 1693   35  379  677 1062  266  166   95  161 2207 1720 2037 1309 1647 1171 2163   62  285  818  737  622 2099  578  861 1621 1966 2004  645  430
  933  618 1886   32 2108  748  524 1545 1705  271 1589 1530  739  314 1945 1258 1106   82  334   71  102 1455 1324 1452   87  118 1733  351  597 2117  169 1935 2077 1885  533 1853 1295 1511 1470 1910 1860 1351 1088 1427  826  233 1838
 1434 1979 1823  678  776 2103  570 1583  701 1412 1776  452  150 2170  615 1914 1775 1310  552  599 1746  703  639  134 1691 1919  870 1846  375  405   56  553 1179 1122 1531 1970  376 1362  610  560   52 1712 2130 1401  758  670 1193