  945 1688 1451 1487 1867  134 1710 2090   24 2014 1160   72 1062  330  269 1371  867 1588 2075 1822 1060 1211 1956  244  663  360  636  575 1000 1435 1652  218  449 1520   74 1961 1613 1913  911  643 1125 1003 2261  776 2041  665 2304 1025
 2210 1666 1862 1018 1698 1765  557    4   41 1779  698 1387    1 2063 1948 1939  222   43  324  420 1739 2208 1592 2264  944 2213  756  533 1277 2136   39   89 1041  823 1232 2137  481  308  391  680 2191 1009 1139 1750 2133  159  689 1722
 2053 1382 1191 2110    3  150  129 1983 2077 1210 1267  413 1689 2224 1008  239 1700 1490 1827 2125 1778 1094 1715 1072   33 1159  990 1661  569  270 1086  465  266 1626  808 1806 1648 2257  788 1541   82  702  275  122 1161 2131 1076  869
 1898 2144  964 1885 1562   87 1553 1812 1512 2148  303   54 1420 1654 1829  531  523  396 2139 2245 1373 2172  136  999  476 1367 1509  271 1996 2042 2058 2069 1110 1294  957  502  142   35  650   78  278  603 2196    7 1323  717  805 1496
 1694  299  573 1517  666  952 1384  780 2082  179 1153 1276  400  296  366  226 2204   88  816 2072 2296 2033 1304  637 1826  924  922 1152  338  770  812 1136 2228 1875 2178  626  461  503 1631 1368  180 2242 2028  784 1882 1646 2021  494
  571  156 1569  517  380 1683 1236 1823  941  727 1949  397 1408 1641   15  457 1852 1965 1313  971 1456 1105 1921 2096 1412 2186  757 1537 1696  992 1254 2275  267  738  581 1208 1656  154  444  672 1769  870  594 1255  817 1071  997 1969
 1073 2132  704 1821 2185  309 2240  623   95  158  526 2061  504 1134  546 1599  189 1640 1305  858  714 1742 1476  215  448 1590 1929  880 2295  342 1341 1619 1179  534 1638  988 2176  447  653 1162  560  198 1649 1386 1144 2145 2045 1123
 1805 2220  163 1428  825 1578 1855  768 2108 1091 1501  403 1349  458 1419 1741 1164 1246 1381 2129 1055   25 1527 1132  485 1670  127 1802  713 1603 1703  214  694 1023 1413  478  203  474 1327  217  866 1048  152 2007  821 1884 2237 1788
 2009  595 1504 1257 2008 2262  577  285 1287 2265  140  891  286 1202  807 1777  464 2122  701  934  633  319  206 1791 1057 1655 1499 2184 2248  555  718  829 1315    6 1209  599 1725  410  845 2049 2085 1249 1201  993  356 1350  576 2285
 1767   16 1247 1699  322 1559 1336 1165  237 1820  881  469 2109 1463 1270  336 1609 1081 1284 2160 1116 2267  467 1351   28 2199 1102 2027  942 1155 1158 1991  834 1493 1389   38 1360 1472 1339  796  735  188  554  493 1177  562 2004 1253
  549  752 1263 1319 1282  640 1601 1251 1379 1508  886 1876 1642  802  800 1250  697  828 1697  601 2177  505 2153 1013 1892 1849 1848  417  536  101  194  786  200 1440 1810   84 1754 1728   60 2130  424 1340 1261  991 1851  844 1467 1842
 2094 1625 1198   19 1555 1174 1260  688 1432 1147  719 1481 1014 1552  975  300 1318  884  340 1813 1212  350 2080 1100 1297  484  137  747 1479   23 1916 1819  518 2001  686 1298 1908  418  528 1890 2164   61  126 1746 1418 1836 1717 1773
  920  642 2163 1042 1938  372  627  279 1356 1543 1598 1185 1101 1955  658 1912  677 2216 1470  824 1054  506 2272 1967 1176 1872 1167 1392 1628  160 2031 1130  789 1994  508 1859  343  109  470  260 2219  471  107 1727  357 1097  616 1561
  630  193 1976 1756 1743  746 1227 1784 1002  861 1483 1324 1787 1291 2297   51  664 2282 1616 1573 1726 1657   81 1405  856  703 1258   46 1902 1026  762  332 2150  778 1980 1299  596  873 1396 1863   92 1997  250 1362  199  255  843 1347
  318  522 1376 1607 1871 1563 1217   13 1719   31 1542 1080  492  740  994  439 2016 1596 1963 1792   91 1444  527   27 2052   75 1702 1951 1539  804 1800 2018 1556  315 1424 1932 2141  108  468 1676   73  205 1999 2091 1063 1218 1582  548
  446  725  954 1691  989 2093 1433  106 2065  693 1874  908  669 2192 1286 1837  515  995  302 1199 1469 1370 1757 2015 1653   85  261  793  578  288 1993 1783 1295  921 1811 1252 1900 2154 1375  902 1059  532 1454   69 1624 1036  815  104
 1833 2288 2200 1554 2236   26 1704  647 2203 1925 1442  691 2037  956 1056  614  131   40 1020 1118  409 1452  758  846 2066 1786  195  813  979  615  408 2134 1182 1736 1045 1503  273   67 1175 1878 1630 1331  826  358  918 1507  480 1229
 1445  608 1523  167  304 1401 1764 1137 2258 1117  759  284  398  907  164 1033  710 1037  144 1494  544 2038 2101 2270 1931 1012 1141  489 1762 1620 1572  841  423 1403 1034  282  981 2286 1312 1306  840 2071 1901  639 1235 1933  958  741
  769 1234 1357 2293 1934  274 1448 1518  293  231  850 1970 1536   70 1192 1069  950 1107 1423 1770 1292  631  622 1333 1173 1400 1203 2165 1832 2289 1718  838 1985  292  170 1712  675   20 2102  421  145 2247   45 2260  100 1015   76 2271
 1831 1721 1238  138 1049 2226 2019  606 1205 1502 1513  151   93 1127 2024 2159  395 1567  169  225 1462 1635 1311  984 2127  220 1881  711 1222 1087  209  779  510 1707  987  801 2190 1352 2048  676 2142  497  232 1709 1740 1544  422  177
  996  632 1737 2218   34  297 2046 1564 2135 1441 1597  836 2174  928 1095 1978  542 1643  648  513  191 1148 2040  612  737 1818   90  755  482  963 1907 1279 2055  121  268 2006 1887 2239   44 1436 1681 2301  709  743  348 1090  213 1103
 1530 1497  898 1550  590 1005 1281 2086  854 1557  349 1589  224 2206  948 1438  591  871 1658  235 2067 1843 2079 1540 1416  384  915  441  827  814 1720 1310 2147  690  373 1035 1314 1982 1886  370  721  598  629  803 2138   66 1146 1109
 2097 1066 1096  914  574  426  847 1029 1111 2003 2057 2050 2116 1548 2151 1079 1768 1583 1228 1485 2222  148  241  657 1854    2 1193   52  298 2047  204 1943  196  568 2118  882 2012 1992  785 1840   68 1089  687   29  184 1664 1535  582
  291 2084 1923 1869  732 1880 1565 2011 1237  674 1776 1001 1952  961 1372 1672 1659   11 1946  538  113 1514 1039  842 2229 2254  893 1853  208  933  661 1414  236  459 1342  583  580 1733 1909  744   30  777  857  524 1264  722 2119  334
  670   86 1220 1242 2114 1547  123  716 1010 1716 2246 2291  729 1168 2225  412  983  399  147  388 1142   50  229   65 2115  588 1156 2232 2223  862 1984 1968 1077 1417  178 1326  641  885  900 1223  792 1334 1751 1335 1364 1083 1692 2276
  782  684  344  311 1915  331  371 1075 1576  491 2188 1781 1215 1615 1953  634 1491  982  182  519 1524 1986  238 1426  383 1345 1891 1734  795 1841 1325 1492  143 2056  619  864  475 1230 1421 2266  695 2290 1374 1944  490  865  197 1971
  810 1074  931 2124  375 1363 2100  105 1027 2234  736 1959  245  477 1064   12 1011  589 2211 1004 1365 1268 1021 2193 1680 1135 1243  305 1425 1964 1904  451  883  876  201 2044  183  202 1998 1621 2076 2123    9 2059 1196 1667  190  587
  130 2107  947  453 1526 1449  734 2081  887  897   62  925  909  320 2087 2117  431 2280 1675 1121 1119 1990 1723  438  955   53 2074 1204 1358  621  495  355 1803 2156 2170   98  797 1369 1046  728 1259  567 1355  853 2025  943 1383 1245
 1639 1353 1877   77  667 1120  767  644 1920 1937 2303 1221 2126 1213  765 1796 1330 1458 1465 1166  600   21  124 1093  365  525  597  970  116 1834 1815  545 1534  681 2062 1332 1181 1126 1398 1289 2073  967  433 1973 2233  530  625  434
 1453 1893  656 1817 1007 1760 1633 1051 1595 1795  700  552 1571  791 1533 1040  511  436 1214  895  125  837  254  307  168  878  115 1460  499   14  848 1816 2302 1950 1455 1145 1714 2155 1748  949 2194  323  649 2169 1830  312 1006 2195
 2143 1296  390 1617 1883 1184  890 2064 1343 1338  723  435 2231 1906 1761   22 1744  507  973 2205  500  877  860 1388  609 1942    5 1903  253 2279  892  585  859 1366 1650  726  263 1790  377  696  419  406 2287 1858  440 2060 1058  317
 1302 1427  773  316 2269 1861  328 1780 1170  155 2157 1288 1154  679 1216 2263   17  628 1545  754  537 1515  172 1856 1446  301  337 2183  227  875  135 1233 2026 1265 1078 1701 1896 2179 1300  889 1917 1068 1478 1682  566 1273 1085   18
  974 1771 1678 1397  605 1303 1171 1516  207  437 1283  429 1346  742  175 1570 1979 1687  479  242 1623  874 1713 1525 1511 2104 2070 1391  912 2020  462  425  586 1546 1947 1705  407    8 1988 1706  369 1549 1758 1050  818 1104  290  868
 1241 2241  414  611  514 1586  501  181  739 1828  646   96  764 1395  411 1407 1930 1798 1608  257 1824  118 1987  604 1495 2235 2221 2243 2187 2281  353 1459  749  761  416 1809 1092  120 1532 1106 1157 1602 1574  132 1587 2111  326   71
  294 1674  775 2252  783 1510   58 2168 1070  940  243  685 1755 1801 1394 1380 1143 1178 1749 1272   99 1591 2268 1905  917 1926 1868  724  287 1200 2215  550  563 1484  894 1030  149   10 1894 1309 2095 1911  186  247 1399  960  602  913
  715  185  359 2035 1522  624  968 2273  926   36 1977 1422 1693  903  187 1808 1604 1766  730 1489 2017  103 1390   59 1189 1864  565  310 1636  771 1439  692 1275 1580 1753  430  966 1529  570 2173 2238  221  173 1415 1919 1846  230 1745
 1473 1686 1989 1138  809  228  980 1690 1393 1061 1936 1498  455  998  939  798  833  863 1149  953 1359 1082 1528 1966  153 1474  936 1957  259 1088  248 1450 1186  405  651 2256 2083 2214 1865  219 1995  731 1695  750  946  128 1593  234
  454  820   48  112  852 1468  314 2051 1329  141  660  321 1632 1860  655 2284 1187 1150  379  635 1975 1190   55 2255 2209  364 2161  111 1307 1361 2054  402 1285 1918  819  781 2230  404 1618 1568 2166 1038 1645 1558  592  772 1673 1457
  427 2088 1738  607  547 1480  265  216  671 1814 1206 2294  442 1024 1151  262 1194 1651 1378 1531 1112  473 1600 1708 1113 1108 1328 1669 1644   63  673 1464  976  930 1219 1131  720  822 1835  617 1224 2167 2128 1348  910  937 2000  415
  102  385  806  977 1065 2146 1637 1660  831  905   32 1084  678 1629 1317  378 2089 1344  929  277   97  916  712  329  645 1839  965 1774 1430 1043  432 1581 1488  382  855 1954 1431 2010 1482 1825 2068 2283 1551 2189 2251  162  333 1022
 2227  133 1752 1320  794  572 2250 1044   42 1897  392 1910  272  252 2182 2298 2092  246 1163 1244  289 1560  325  166 1797 1266  751 1566 2113 1500  306  352 1895   37  899   56 2140 1889 1729  753  176 2217 1857  347 1634  146 1668 1804
 1404  389 1047  171 1844  512  295  483  972  620  553 1622 1850 1016 1122  212 2078  498  790  832  959 1129  561  774  161  386 1945 1385  654 1239 1316  354 2106 1671 2030 2002 1471 2043 1575  401  558 2120 2300  662 1684 2039 2278 1207
  117 1031 1610 1402   57 1584  683  174  763  463 1785 2212  904  584  335 1409 1461  830 1240 1724 1290 1579  443 1443 1301 1172  223 1958 2022  264 1197 2274 1406  888  682 1866  496 2277   49 1611 1711 1231 1538 1032  668 1847 2201  283
  487 1922  280  192 2253  540  341 1870 1879 2099 1133 1521 1647  835  579  486  613 1052  539  932 1128   64 1505   94 1888 2180 1914 1429 1293 1747 1434  466  339 2152 1475 2036  707 1928  157  879  733  452 1665 1477  521  787 1940 1730
 1974  114  906  387 1377 1594 1322 2112   47 1337  652 1941 1262  564 1612 2158  748 2292 2181  610 1763 2149  251 2023  240  428 2171  139 2098  969  638  851  556  450 2207  799 1124  520 1271  938  896 1732  351 1935  367  618  543 2103
 1195 1927  516  249 1256 1411 2013  361 1775  849 1180 1226  901 2259 1845 1519 1924 1789  593 1269 2198  460 1577  488 1605  258 1782  745 1679 1410  811 1614 1662  985 1807  110   79 1019  374 1437  394  276 1354 1169   83 2202  699  986
  393 1028  362  363  233 1960 1735 1873  381  541 1321 2249  978  281 1794 1663 1466  659  535  923 1099 1278 1248 2244  705  472 1838  313  346 2032 1981 1731 1799 2299  256  872  935 1606 2105  760  927  456 1962 1067 1017  766 1280 1188
 1140  119 1772 1274  706 1585 1225   80 1114  165 1183  509 1098 1308  529  345 2034  919 1677 2162  327 1793 2175  559  839  210 1053  368  211 1972 1447 1899 2197  708  962  376 2121  951  551 1759 2029 1627 1115  445 1486 2005 1685 1506