  104 1475 1134 1530 1211 1027 1855 1807 1738 1335  681 1637 1683  868  775 2011  460  628 1375  584  232  834 1016 1178  142  934 1501 2357  138 2388  603 2299  782 1657 2229 1866 1226  548  322  749 1379 1043 1384 1961  914 1153 1248 1941  907
 1899 1221  193 1615  884 1218 1925  719  545 1714  874 1661 1287 1024 2247  866 1832  166 2010 1733  700 1327 1402  473   66 2054  643  645  500 1927 1803 2201  287  443 1322  568 1838 2180 2173 1104 1331 1539 1711  331  911  205 1404   22 2106
  253 1540 1679 1681 1648 1473 1018 1542  709 1220 1037  841 2318 1953  966 1052 1094 1053 1491  189 2323  219 1035 1901   50 2243 1951 1782 2119  717  592 1099 1845 1924  281 1656 2277 1167  135 1000  693 1877 1813  481  141 1514  156    9 1092
 2126  260 1516  119  343 1497 1967 2235 2322  546 1543 1396  882 2103 2093 1216  233  741 2105 1172  305 1050 1581 1124 2157  618 1023 1937 1562  521  265  137 1578 2379  954 2172 2231 1181 1149  440  606  376  525  491 2085  991   75 1127 1794
 2207  195 1846 1083 1107 1662  560  607  710 1580  742 1752 1863 1524 1609 2122  432 1479  149  359  112 1101 1076   59  654  757 1934 2125 2364 1202 2088  274 2076    4 2189 1034  538 1296  629 1480 1502 1239 2368 2340  698  242 1986  657 1237
  830  126 1791 2219 1430 2041  765 2390  761 2165 1987  164 2068  341 1974 1123 1709  663 1121 1445   65  153 1498  227  516  887 1245 1959 1115 1975 1811 1669 1608  890  635 2121  313  997  990 1792  173 1268  355 1086  278 2311 2389  851  559
 1569 1179  656 1323 1005 1981  247 1918  812  234 1767 1316  509  118  892  414 1940 1594 2218 1203 1900 2044 2242 1913  872  630 2287 1554  598  375 1213 1106  708 1271 1598  962  859 2097  485 1787 2027  472  403  353  201  795 1212 2365 1625
  327  461 1950 1307  684 1028 1720 1192  802  349 2137  424 1152 2384  573  447 2362 1284 2383 1686 2186 1273  738  861  921 1078 1234   12   98 1973  329   79 1409  350 2190 1867  669 2310 1842 1102 1286 1191  221  978 1128 1437 1265 1865 2305
  168 1744 2369  858 1784  467 1525 2191 1374 1939 1225 1757 2019  506  800  379 1819  185 1059 2128  623 2288 1166 1980 1242 1532 1795  737   73  551   91  808 2154 1798  493 1673  883  154  357   53 1394  704 2017 1935   16 1928 1306 2166  636
 1665 1853  577 1678 1339 1305 2335  751 2114 1587 1659  178 1142  764 2361  346 2169 1116 1982 1837   74  289 1015 1978  429  484 1098 1025   69 1137 1171  146 2004  569 1739  392  855 1085  441 1573 1560 1725 1103  267 1730  421 2276 2347 1089
  214 2367 1260 1114   92  797  712 1691   36  762  383  113  676 2203   34 2115 1045  428  529  116 1158 2284 1872 2302 1302 1856 1911 1824  720 1194 1651 1904 1469 1354  362 1400 2075 2297 2213 1466 1488 1325  127   96 1397 1507  625  865 2118
  586 1763 2187 2107 2014  706  222 1441 1060  477  206 2261 1895 1196 1898 1544  863 1508  256  124  597 1806  651  869 2380 1723  276 1510  608  102 2150 1294 1014  556 2399  453 2136  471  735 1881  410 1710  499 1278 1138   80 2320 1486 2003
 1370  679  985  950 2079  744 2291 2183  181 1249 1256  876  248 1450  948  674  909 1671 2092  587  705 1633 2142 2254 2046 1204 2256 1343   54 1864  714  870 1477   49 1547 1464  976 1677 1173 1349  314 1443  252 2086 1007 1684  299 1520   25
  798  532 1500  585 1119 1799 1991 1210 1764  108 1910  951  464 2029 2296 1272 2158  449  600 1945  941 1277  202  547 2272  129 1132  576  924 1262 1977  209   31 1897  683 1929 1682 1696 2152  967  159  613  212 1874 1629 1289 2370  523 2215
  374 1958  886  776 2260 1948 1444 1868  295 2240 1592  133  939 2353 2208  739 1576 1993 2009  336  264  470 2377  522 1634  690 1420  230  612 1199  187 2091 1726 1509   97 1882  457 1093 1462 1160 2072 1423 1439 1008   33  701 1989  368  807
 1690 2146  531  771  285 2184  345 1454 1328 1522 1646  101 1814  596  913  337  419 1070 1267 1195  747 1538  400   81 2178 1628 1161  707 1851 1133 1676 1411 2036 2127  945 1209 2253 1891 2334  999 1889  617  210  570 2000  644 2391  170  439
 2271  773  162 1817  847  275  338 2292 1750  539 1090  496  199 1552 2202  427  565  476 2237 1645 1389 1878 1823 1395 1585 1347  176 1695  957 1460 1317  423 2371 1373  111 1117 1557 1108 1859  804  626 1407 1773 1890 1141  871  803 2308  332
 1995 1668 1110 1362  237 1921  652  989 2130  463 1765  582 2177 1358 1276 1692  822  595  575 1565 1377  420  269  732 1463  123  378  730 2304 2176  627  391 1574 2047 1759  839 2155   24 2372  107 1909  837 2164 2135  880  842 1001 1907  373
 1274  208 2021  266 1742  220 2373  614  898  143 1905  767 1366 1176 2025 1494 1703 1972 2049  151 2082 1136 1769  445  261  498 1523 1481 2064 2255  675 1985 1240  177  319  466  361 1920 1984 2123  788  139 1642  716 2238 2026  554  207 1408
 2062  752 1222  323  422 1148  311  407  342 2326  434 2376  723 1635 1505 2032  979 1344 2363 1788 1432  900 1410 1434 1345  370  813  983 1857 2295  302 1398  479  394  121 1235 2138 1044  964 2005  517 1154 2375 2140 1359 1038 1570  505  778
 2099 1966  746 1020 2349 1774 1381  511 1451 1151  811 1843 1164 1943  490  239   55 1983 1694 1003 1258  450  148 1097  224 1259 2012 1751 2350 1205 1527  726  508 1243 2204  339   58 2331  937  216 2039 1285 1728  922  495 1549  670 1760  885
  238 1461   51 1779  609 1496 1781 1627 1004 1536 1324 1618  748 1531  501 2313 1713 1617 1162 1489 1075   40 2069 2048  446  482  826 1109  293  786  594 2108 1630 2345 1504  468  213  257 2374 1746 1288 1650 1606  664 2257  298 2071  947   57
  198 1241 1771 1815  263 1869 1976  120  770  923 2067 1215 1189 1255  727  249 1719 1946 1298   43 2268  799  191 2080 1361 2358  753  526 1392 1019  660  277 1566  259 2223 1712 2312    5  665 2163 1405  475 2396 1626  631 2141  492 1616  824
  647 1424  291  125 1435 2234  602  928 1283 2280 1990 1457 2226  977 1827 1558   90 2090  258 1734  925 1385  528 1998 2248  970  943 1415 1745  620  641 1688  354 1254  145  932  857 2283 1135  503 1310  836  672  574 1988  687 1912 1079 1766
 2241 1180  850 1010 1852  601 1916  348  371 1147 1448  527 1535 1534 2354   56  906  725 1388 1012 1521 2285 2342  729 2355  820  933 2395 2102  894 1378  553  905 1736  152 1796   67   27   61  973  365  755 1674 1187 2262 2043 1206  879 1453
  144 1672  621 1610  246  363  283 2214  288 1894 2293 1263  488 1780  671  610 1355  225 1664 1422 2209 2319 1470 1367 2303  715  959  182 1357  853  579 1282  223  180 1150  413 2325 1112 2198 1467 1559 1923 2149 2324  790 1472   20 1066 1777
 1080 1614  696 2386  402 1295 2307  910  134  639  351  226 2162 1583 1783  292 1471 1670 1105 2175  828   68  777 1009 1049  235  815  633 1860  377 2194 1326 1068  903 2267 1944   23 2100 1484   72  940 2328    1 1561 1244 1884 2074 2057 1447
  347  632 1252 2258 1311  896  648 1741 1996  832  917 1073  309  167  483 2070  875 2161  549  398 1893  304  310  785  217  971  829 2317 1125 2053 2338  763 1071 1537 1706 2360 1724 1214 1883  395 1487 1776 2263 1065 1418 1888  774 1051  417
 1808 1029   52  312  211  759 1482 1201  388 2197  442 2249 1459  599  893  662  155  382  352 1749 1828 2013 2065 2279 1054 1666 1455  486  677  524 1721 2111 1997 2038 2083  326  325 1632 1111 2037 1021 1590   32 1848  494 1861 1968 2139   87
 1840 2015 2084 1919 2095 2233 1224 1228  783  843 1456 1334 1577  996 1318 1969 1604 1829 2196  324 1649  444 1428  255 1425 1062  459  160  358  510 1700  721 1069 2221 1551  818 1964 1140  655   45  888 1548  817    8 2220  736  228  862 1041
  622 2006 2033  750 1233 1077  333   47  462   94  271 1605  131 1261 1591  952  624 2385 1847 2211 2007  878 2151  513 1622 2222 1290 2343 1122 2061  658   39 1875  280 1022 1805 1965 1095  175 1533  877 1363 2348 2051  128 1575  615 1314  387
 1595  518 1644 1429  703  926  789  593  478 2337 1960 1528 1957  489 1067 2392   95 1163  405 1293   85 1364 1599 1611 1588 1620 1529  968  590 1793 1131 1515  334  673 2081 1390 1303  502 1308  854 1887  864 1188 2066  958 1264  558 1040 1825
 1246 1013 1251 1304 2239 1036 1727  591  194  975 1922  183 1159 2153  270 2160  203 2339  646 1555 1419 1689 1365 1999 2316 2159 1011 1230 1908 1351  279 2321 2341 1839  308  401 1006  262  456 1143 1492  297  163 1017 1862  702  891 1427   29
  827  908  649  438  889   48 2024  437 1740 2286 1156  821  650 1582  408 1963  306 2094  992  416 1002 2060  589  515  409 1915  666  284 1340  534 1126 1663 2002 2018 1336  605 2112 2174  787 2400 1081 1820 1177 2227   83 2225 2314  695 1056
   76 1589 1440 1546 1300 2170 1600 1130 1433 1593 1039 1835  465  895  713 1144  454  380 1952 2270  188 2200  215 2131 1270 2333   14 1253 1844  793 2055 2244  435 1057   11 2210  231  801  504  563  758  243  919 1416 2278 1962  122 2179 1596
 1938  949   63 1063  791 1096  724  860   15   42    6  192  987 1876  810 2020 1393  273   77 2016 1705  873  935 1399 1413 1830 2232 2052 1619 1155 1955 1639  540 1350  642 1113  766  792 1873 2306 1716 1818  995  241 2205 2144 1541 1778 1031
 1870 1836 1652   82 1926  680   18  699 2290  251 1885 1442  844 1330  169 1563  931 1979  436 2245  106  552  105 1332  691 1717 1421  831 2281  165 1903  745  881 2098 2352 2077  634 1360 1809 2023 2059 1146  760  728  611  845 1064  197 2228
 2264 1797  794 1914 2050  754  536  972 1603 2113  386  897 2344 1804  136  132 1474 2185 1165 2298 1731  171 2008  846 2056  425  254 1338  856 2031  389  806  396 2171 1269  823 1758 2087  114 1810  840   99  711  743  452 1994  916 1602  535
  718  381 1088 1186  557 1485 1785 1047 1790  307   19 2134 1513  390  296  474 1892  953 1383 2030 2330 1048  779 1572 1545 2397 1707  240  320 1493  915  734  564 1732  918  580 1368 1446  537 2212  530 2022 2101 2117 1250 1207 1232 2045  480
   84 2265  415  772 1170 1623  330 1184 1567 2148  430 1275 1499  993 2110  157 1654 1169  190 1631 1821 1412 1391 1297 1643 1612 1511 1858  200 1417  689  692  512 1680 1190 1183 1087 1227 1772 1517  236  819  849  781 2332  668  507 2217 2063
 1753 1747 1697  412 1118 2193  809 1786 2366  174  196 2394  300  733  542 1315 2001   62  433 1880  140 2109 2273  722 1157 1506  393  686 1640  769 1414 2309  805 1833  244  301  364 1693 2040  245 2120 1789 1636   46 1685 1468 1761  404 1386
  451  369 1854  619 1382 1026 2387  616 1800 1061 1906 1120 1658  282 1942  399 1704 1896  360 1266  955  816 1476 2195  697 2351 1403  431 1319  469 2199 2145 1091 1675 1321  682 1372 1257 1902  796 1280 1655  286 1341  335  543  520  110 2129
 1174  384 1046 1579  566  100 1932  833 2282 2147  541 1956   13   70 2182 2035 1931 1624   86 1145  103 1406  653  731  550 1834 1238  229 1729 1698 1601 1309 1871  497  455 1660 1971   28 1841  969 1483 1168 2078 1380 1490 1356  814  688 2393
 2192  961  965   89 2143  555  904   35 2275  637 1801 1431   21    3  998 2104 2274  406 2356  397 2216 1312 1387  109 2359 1236 2156 1518 1182  852 1718 1722  147  980 2327  571   93 1748 1568 1082 1231 1129  418 1526 1737  838 1292  902  946
 1702  784 2188 2096 1699  186 1223 1768 1320 1175  982  581 1185 1200  848 1754 2252 1208 2236  929 2301 2346 1564  583  172   78   26 1299 1042 2028 1055 2206 1074  561 1072 1886  448  694  385 1333  544 1301 1638  936  835  638 1100 1458  930
 1478 1346 1329 1198 1597 1342   60 1917 2315  328 1755 1193 1775 1701  661 2133  986  678 1247  161 1933  290  572  578 1217  514 1743  640 2124   64 2289  117 2259   44  150 1436 2073  659  204 1556 1831 2329 1503 2294  756   41  317 2300 1816
 2269  426 2398 1291  321 1058 1139 1802 2381 1762 1219 2116 1770  567  184 1495  685 1032  912  318 2251  956   30 1519    7  179  960 1930   17 2224  942 1954  927  268  984 1279 1369  768 1281 1084 1376 1512 2168  115 2382  740 1936  899 1647
  344  487 2266 1756 1826 2230 1553   71 2181 1229 1449 1313  944 1197 1667 1879 1337  272  588 1401 1371 1687 1030 1849  356  604 2089 1586 1812  372 1641  366 2378 1571 2042  533  130  981 1352 1550 1735  867   10 1992  411  963  294  367  920
 1822 1949   88 1607 2034  303  780 2132  218 2250  988 2246 1353  825 1613  458 1621 1708    2  250  519 1653 1715 1426 1584  994 1465 1947 2058 1033  316  974  158   38 2167  901 1452  938  667  315 1348  340 1970   37 2336 1438 2401  562 1850