 1332 1269  994 1796 1837  307 2305  145  782 2231 1439 2385 1613  984  244  559  106 2350 2488  905  906 2238 1494  855 2203 1587  724 1511 2230   89 1025 1808  267 2394 2139  810 2186 1887  187  814  209 1106  210 1831 1618  361  101  405 1884 1375
 2077 1358 2151  828 1629   98 1684 2028  396 1792 1342 1868  726  849 1700  198 1945 1187 2431 1417 1927  375 1642 1170  581 1526 1285 1128   38 1160 1288 1574 1809 1048    8 1069  334  234 2245 2003 1778 1910  669  550 1286  403 2323 1675  473 1310
 1046 1721 2377 1122 1096  538  683 2097 1633  458  603 2346  922 2436 1580 2248  235 2101 1732 2157  565  789  570 1222  854 1384  879 1336 1659    3 2049 1972 1325 1327 1197 1192 1490 1665 1047  962 1768 1907 1198  305  408 2038 1644   75   73  491
  173  992 1193 1229  328 1491  226  585  606 1338  744  446  549 1888 1538  876 2166 1436  146 2136 2164 1815 1371 2455 1799 1921 1586 1258  383 2468 1389  883 1306 2390 2114 1448 2209 1989 1975 1211 1504  768  554  365  947  506  336 1604  368 1353
  333  601  271 2313 2111 2070 1296  955 2362  592   77 1908 2258  474 1807 1089 1142 2116 1929 2435  845 1440   16  353  769 1520 1592 1742  323  995 2140   92 1121 2250  823 1711  657 2012  468 1343 1486  819 2093 1180 1750  495  385 2059  398 1509
 1636 1983   35  705  421 2450 1648 1377  337 1821   10 1066 2134 1626 1340  265  661 1127 1103  754  692 2225 2296 1860  720  862 1843 2467 2470  612 1535 2292  589  429  103  552 2318  274 1345 1859 1779  339 1420  555 1979 2053  371 2191   57 1939
  344  110 2220 2170 1462  576 2062 1072 2009 1075 1777 1707  919 2004 2132  757  884  243  777 1827  227 2300  264  671 1978  783 1073 1487  631 2496 2060 1960 2130  562  844 2442 1475 1272  530 1461  254 2247   32  301 1195  139 2154  517 1986  927
 1033 2328  407 1388   80 2156 2256 1235 1150  560  945 1257  256 1835 1614 2437 1167  533 1294   64 2117 1034 2061 2333 2179 2068  951  157  475   20  118 1074 1623  950  380 2184  359 1472 2284 1171 2105 1724 2007 1965   85  802  963 2069  626 1174
 1378    5 1913  616  813 2115 1932 1298  582  764 1266 1366 1413 1727 2490  850 1244 2364 1956 2193 1364 2107 1771  316 1654  762 2030  131 1651 1974  801 1457 1252 1802  909  184  721 2144  136  778 1717 1549 2474 1324  588  953  241  741  586  123
  143  985 1261   18 1985   51   93 2055  120 1129 2416  284 1473  809 2297 1026 2480  704 2008 1708 2475 1130 2445 1264 2021 1703 1488  393 2178 2242 1080 1395  162 1941  668 1254  988  228  579 2332 2138 2495  112  830  212 1551 1576  887 1203  510
  686  387  427 2392 1739  561  800 2127  436 2108  609 1014 2039 2388  402  315 1573 1747  384 1694 1305 1428  750 2314 1647 2202 1155 2212 1515  287  182  207 1267  901 1099  917  568  134 1260 2408 1373 2249 1307  192  273 2160 1853 1179 2152 2201
 1434 2479   41 1123  611 1879  165 2176 1097   99  501  914  269   96 2010  283 2180  761 1456 2141 1217  792 2013 1137 1017  104 1667 1038 2221  781 2006 1243 1893 1105 1632 1918 1441   68 1482 2268  332 2146 1308  732 1996 1620 2074 1894  731  934
  224 2192  499 1973  664 1173 1317 2182   50   58 1669  247 1199  968 1575 1552  255  360  249  290 1583 2087   39 1745 2081 1801  824 2113  208 1374 2425 1877  167  956 2259 2067  438  598 1350  481 2312 1948 1625 2207  805  221 2282 2384 1225 2347
 1153  910 1219    4  676 1493  217  216 2375 1157 1645 1016 1035 2096 1601 1517 1968 2241  317 1820  418   40 1418 2399  497  629 1146 2352  836 1797  628 2197 2493 1926 1581 1044  329 1119  220 2169 1054  413 1083 1282 1702 1013 2083 1411 1239 1331
 2426  600 1382 2032 1304  993 1806 1396  898  160   69 2403  502 1737  575  518  772  872  279  840 2324  520  503 2099 1743 2106 1159  492 1568  358 1166 1161 1037 1346 1275 2210  172 2041 2253 1200  313 1471  515 2000 2211 1208 2215 1124  733 2438
 1781  415  863 1070 1679 1133  672  465  345 2420 1699  178 2341  194 1903 2204  242 1723  236  944 1652   33 1362 1594 1247  690  507 2477 2086  483 1368  920 1748  881 2042 1958  747 2135 2037  649 1098 1638 2071 1337  916  351 1628 1569  434 2360
  168 2340 1117 1560 1915 1383 1964 2410 1422 1101  647 2393 2020 1668 1259 1050  788 1478  288 2029  797  412 1923  331 1168 1864 1019 2310  355 1424 2045 1423 1120 2457  114   54 1846 2430  540  229 1065  696  258 1496 2461 1464  521  825  597  281
 2274 1278 1598 2073 2485 1662 1615 2035 1588 1299 1505 1311 1134  374  282 1862  237  523 1479 1612 2251  395   25 1372 1376 1092 1190  541  807 2285 2308  295 1646  787 1704  263 1596   63  150 1627  653  670  225  943 1401 2017 1850 1847 1980  940
 2382  933  138   27 2150  478 1390  925  633 1349 2228 2194  574 1776 2386 1442 1052  852 1995  231  627  397 1249  257 1608 1453 2421  571 1527 2381 2121 1753  753 2440  453  989  730 1722 1210 2406  553  697  401 2487  253 2261  811 1355  619  885
 1100 1322  610  904 1314 1754  873 1541  202  196  888 2052  818  954  531  519  786 2014 1216 1297 1394  891 1086 1444 1728 1450 1469 1757 2196  454 1689 2365 2125 2016 1365  928  322 2423  689  364 1590 2216 1407  542  203 1145  414 1637 1876 2449
 1112 1741 2043 1480 1242 2033 2036 2233 1866 2354  352  386 1528  426 1245 2343 1942    2 1357   82 1361  431 1729  362  899  882 2267 1740  860 2336 2019  296 1283 1408 2147  866 1360 1571  400  452 1189 2131  312  694 1677 1109  121  111  975 1734
 1906  563 2185  129  155  971 1102  496 1783  620 2463 1896 1152 1547 1591 1078   26 1643 2424 1603   61  651 2051 1661  140 2172 1826 1795  870  451  752   95 1404 1670  790  911   65 2222 1811  206 1998  699 2309 1468 2476  536 2075 1022 1230 1775
  504 1512  773 1657  275 2278 1008 1963  921  319 1897 1685 1184  406  977 1832  604  806 2335  966 2002 2262  416  543  341  643  578  812  472 1607  166  841  912 2046 1077 2219 1224 1248 2275  991  650 1688 2187 2415 1280 1999 1004   90 2244 2391
 2307 1312 1531  116  544 1058 1290 1736 1188 2448 2142  837 2290  486 1467 1481 1698 1577  583  684 2404 1597  309  846 1135   62  848 2367  379 1110  674 2330 2133  980 2444 1125  424 2091  392  734  972  816  211 2351 1944 1507  122 1886 1006  551
 1090  433  614 2291 2486 1919 1430  238  420  784  851 2181 1680 1177  108 2079 1957  624 1147 1178 1262 1878 1227   46  105  325  717   22  461 2206 2499 2283  996 2320 1600 1933 1226 2065 1056  276 1205   47 1563 1271 1557 1051 2217 1883 2100  441
 1609  896 1539  779 2026  815 1819  175 1399 2276  251 1015 2022 2473 1793 1169  239 1766  834  357 1706  685 2325  957 2226  725  794 1326 1251 1782 1452   45  642  907  130 2432  638  605  330  310   72 1714 2491 1931 2237 1451 1228 1540 1990 1351
 1543  711  979 1369  148 2266  766 2257 2389 1391 2409 1542  193  417 1085  432 2295  278  445 1497  534  548 2066   78 1001 1323 1814 1131  948 1635 1344 2183 2214 1061 1447  509 1313 1339 2471  646 1265  965 2270 1250 2078 1397 1513  262 1114  394
 1060 2094  356  422 2456 1693 2031  771  835 2232  113  861  738  932  703  535 2163 2417 2356 1914 1138 2048  662   34 1214 1761  982 1270  593  615  349  340 2338  470 2387  304 2280 2149 1516 2464  480  599 1400 1861 1720 1917  545  678  743  986
 2279 1695 1519  455  532 2168 2143 1524 2085 1010 2145  655  693 1489 1976  115 1966  637 1967 1639 1696 1683   59 2188   28 1622   76  987  886 1938 1458  233  508 1149 1905 1032 2395 1143  294 1036  125 1318 1605 1500   83 1953  485 1348 1043 2057
  584 1300 1746 1902 2118 1021  878  246 2466 1925 2289 1049 2110 2269 1363  161  285  745 1518  289  527  180 1492 1421  679 1673 2234 1735  457 1329  476 1585 2288   49  964  539  736 1970  444 1882 1410  622 1514  751  701  900 2224 1081 2015 2383
 2124  659  867 1687  466 1548 1798  320 1664 1940 2380  142 1039   84  261  524 1692  763  348 2129 1759 1952 2034 1433 1024  200  248  164 1599  141 2095 1885 2319 2167 2005 1756  153  742  729  737 1993 2315   81 1844 1255  572 1758  970 1900 2260
 1822 1589 1954  185 2500  338 2153   88   48 1162 2453  127 1545 1901  567  847 2357  713  712 1045 2326 2472 1419  343 1769 1865  410 1059  219 1582  463 1126 1132 1213  793  124 1221 1154 2427 2428 1031 1460 1570  791 1870  682 2123 2348  623  376
  775 1071 1640  298 1713  760  308  681  277  718 1828 2011  505 1055 2162 1962   17 1067 2171 1856  727  469  935 1093 1201   13 2478  425  889 2446  990 1804 1240 1079 1579 1550 2412 1040 1218 2064 2208  232 1755  915 2303 1872 1163  181 1650 1719
  482 2439   24  634 1405 1751 1672 1164  780 2072 1502 1785 2223 2027  625  411 1674 2235  710  675 1385 1498 1561  215  939 2322  960  936 2370  391  462  119 1194 1412  746 2293 1416 1554  577 1544  658 1449  467  877  698 1686 1521 1111 2411 1463
    6 2465 1435  303  286  858  430 1316 1477 1559 1273  144 2302 2413 2311 2359 1867 2355 1094 1470  942  639 1655 2433 1572 2240 2376  487 1678 1892 1204  369  464  842  363   12 2317  190 1148 1402  326 1233 1749  923 1483  648 1984  102  938 1191
 1873  511  370 2366   37  382  723  293 1839 1118 2452 1763 1794 1666    1 2023 1858  272  183  999   53 2024 1319 1726  869 1443 2301 1165 2462  381 1682 1005 1281   74  607 2236  514 2088 1415 1386 1534  299 2044 1455 1836 1293 1681 2199  865  765
 1671 1881 2161 1084 1352 1676  372  908 1151  829   31 1690 1891 1530 1909 1961 1537 1445 1182  537  895 2239 1220 1020 1387 1108   87 2218 1176  324 1610  366  179 1774  770  373  808 2363  749  902 1465 2265 2200 2098  189  856  961  590 2419 1116
 1041 1842 1930 2481   11 1000  613  484 1947 1773  350 1140 1567  838 1062 1760 1824  665 2304  218  981 1403  347 2255 2050 1309  759 1525 1279  564 1303  260 1414  404  177 1790 2405 1634 2429  526 1556 2334 2063  321  798 1380  875 1653 1503  378
 1238 1335 2401 1762 1427  443 2402 1841 1920 1212  201  186 2122 1816 1068 1767  931  477  755  706  636  644 2414   43 1712 1095 1855  903 2277  100  969  874 1231  409   29 1606 2137  587 2482 2441 2287 1237 2104  853  448  147  456 1791  832 1916
  767 1710 1028 1565  512  892 1484 1904 2294 1578 1347 1994  439 1725  154 1107 1949 2080 1088 1937 1253 1595 2422 2175  135 1555 1621  471 1987 1370  314 1624  280 1934   70 1007  918 1341 1485  654  708  967 1027 1789 1800  107 1398  666 2189  109
 2484  318  556  709 2190 1292 1057 2281   15 1823 2177 1522   66 1426  163 2273 1276 2344 2299  894 1765 2263  291  776 2092  695   94 1817 1812 1268 1787 1181 2498  388 1274  660 1731  974  440  795 2229  377 1246 2025  493 2243  525  128 1104  389
  300  174 1982  214  522 1330 1454 1658 1895 1232 2001 1992 1425 1087 1476 2306 2342 1082 1977  133 2494   71 2148 2264 1709  871 1833  126 2120   55  728 2018  890 1064 2489 1438 2272  595  621   30 1584  640  602  594 2205  489  222 1834  959  978
 1172 1641 2109 2407 2316  893  983 2058 2126 1474  722  667   23   19  223 1003 1536 1619 1321 1874 1922  641 1287   42 1950  833 1356 1691 1506 1997 1301 2418   21  756 1553 1091 1840  924 1716  997 1011  803 1562  297  973 2254  569 1660  821  547
  176 1042 1813  691 1845  270   60  213  946  171 2339  880 1499 1446 2458 2371 2321  596  673 1546 1936 2398  423 2329  785 2460 1277 2090  822  864   91 2103  399  488 2112  843 1381 1009 2447  204  250   56 1854  680  428 1501 2327 1924 1291 2397
  687 2459 2400  435 1053  566  719 2198  558 1063  156   67 1284  199 1630 2076  354 1928 1818  195 1770  714  716 1829  117 1951 1115  513 1302 1848 1911 2331 1875 2056 1955  702  608  735 1838 2246 2158 1315  688 1215  459 1611 1508  346 1959 1289
 2443 1320    7 1825  442 1863  817 2469 1889 2379 1857  252 1788 2054  748  929  132 1333 1076 2396  645  926 1437 1738  529 1701  152  311  292  700  941 1849 1209  739 1206  949 1431 1851 1564 1409   79 1241 1912 2082  197 1523 1852 1367 2368  306
  958 2372 1631 1393 1354 2369 2227  500 1786 1156   97 1899   14 1510  617 1971  804  419  335 2155   52 2040 2084  205 1256  839  930 1991 1943 2361  149   44 2102  437 1890 2119  976  618 1935 1764 1730  259 1144 1196  897 1697 1012 2298  170  820
 2497  546 2286 1898 1656 1602 1663  663 1236  913  191 1018 1202  158 1175  774  652  516  827  937  799 1495  479 1113 1752  169  740 2378 1466 2252  137  630 1141 2195 2349 2358  591  266 1780 1744 1803 2213 1029 1023 2373 2337  868  327 1593  715
 1359  188 1223 2271 2159  240 1406 1185 2174 1136 1649  796 1566 1030  557  859 1158 1772 2165  857  635  826  268 1715 1334  159 1616  390 1234  952 1830 1880  449  632 1429 1981 2353  302 1969 2434 1379 1733  230 1139 1295 1328  831 1810 1183 1459
 1533  498  707 2374  998 1869  677  342 2128  151  528 1988  447   36 1784  450 1186 1617  758 1263    9 1805 1432 2451 1705 1002 2173 1207 1558 2345 1946  460  656  494 1529  573 2454  245  580   86 2089  490  367 2492 2483 1718 1532 1871 2047 1392