   72  533  812 2067  453 1975 1527 1435  793 1614 2249  535 1207  438 2341  184 2248  166 2244  439 2255 1301  391 1488 1299 2482 1204   73 2151   97  525 1110 2233  137 1103 2147 1861 2346 1070 1734  893 1291 1891 1343  332 2414  314 2087 2158 2017 1272
 1218  594 1320 1786 1813  141 1145 1302 2038   60  713  580 1383 1203 2358 2555 1433  287  627  733  345  759  325 2009  604 2031 1087 1688 1669  729 1770 1256 1720 2343   13 2551  979 2525  394 2562 1523 1434  500 1670 2077 1163 2424 2428 1179  870  435
 2123 1436  475 2246 1129 2423 2265 2127 1649 2308  823 1312   59 2463 2080  590 1237  579 2192 1352  665 2565  238  510  904 2156 2012  568  658  284  990  139 2552 2286 2206  875  962 2268    9  431 1353  265 1871  148  888 1692 1742  457 2022 1663  104
  128 1809 1037   11 1820 1883 1240  583  972  851 1464 2317 2429 1715 1959  820 2446 1623   82 1803 1610  560 2566  788  769 2097  492  602  951 1630 1923 2225 2025  181 2583  854  140 1171 2585  418  415 2272 1455 1480 1542  400  807 1018  952  520 2328
 1441 1701  626  110  251  956 1912  772  222  246 2181  731  921 1705 2280  984  764 1089 2303 1557  743 1546 1924 1002 2092 1039  871 1031 2435  389  491 1074 1505 1983 1683 2361 2273 2100 1158 2200 2481 1996   83  109 1896 2405  361 1014 1379 1632  343
  124 2470 1767 2102 2330 2403 2431 2455  694 2212  143 1357  515 1307  503 2105  886 1112 1337 1876  281 1367  994 2065   80  960 1847 1063 2374 1674 2129 1893  883  212 1361 1793  369 1303 1685 2251 1169 1028 1375  819  957  895 1181  145 1564  467   38
  402 1968 1454 1317 1733 1117  822  995 1916    2  599  782 1385  423 1508 2582 2021 2554  763 1821  153  696 2546 2218  725 2472 1535 1808 1638   16 2508  933  355  529  866 1183  611  848 2519 2150 2229 1452   36 1660 1974 1471  481  195 2409 1603  368
  502 1539  977 1648 2345  868 1377  661  537 1143 2098  842 2575 1627   27 2347 2365 1529  169  254 1245  662  118 2498  622 1467 1624 1732  259 1951  341  292  489 1790 1576 1164 2369 1780  997 2170 1652  645 1666 2054 2072 2515 1365 1410  258  711 1427
 2541 1791 1249 2292   41  825  689  354 1659  458  887 1854 1283 1714 2190 1165 2094  748  160 1507 1358  943  747 1538  179  649  239 2331  578  688 1839 1837  449 2028 2284  838  132 2487 1043 1148  102 2070 1642 2216  742 2016 2580 1345  138 2253 2411
 1985 1483 2258 1709  348 2260 2417 2314  268 1957 1242  643 1153 2381  231 2440   89  722 1619 1516  151 2579 1205 2149 1236  375 1354  342 1736 1120  442 1386  511  913 1391 2476  337 1585  405  993 1633  416 1288  225 1477 2046 1995 2336 2061  955  198
 2591  334 2091  256 2351  881 1992 2477   31  855 1676 1263 1578 2164  305  791 1465 1711 2193 1058  245 1007 1094 2196 1764  116  827 1640  762 1852    6  546  691 2293 2121 2601   63 1966  814  313  653 1954 1878 1267 1394  958 1657 2040  800 1944  826
 1396  589 1409 2419 1339 2450 1651  285  319  240 1860 2252  930  680 1184  308  829  664 1277 1066 1665 1643 1387  219 2133 1856 1725 1225  218  620 1744 1422 2581 1421 1540  199 1664  517  892 2449 1378 1655  916 1083 1848  940 2055  483 1099 2104 2523
 2076  836 1269 2442 1142 1134 2035 1374 2114 1522 1689 1198 1628  552  894  685  244  364  547 1824  136 2544 2001 2289  350  521 1250  380 2550 2471 1118 1290 1150 2564  243 1537 1895  473  512 1100 1362 2188 1721 1712 2240  586  417 1549 1442  799  392
  596 1336 1811 2386 1470  885 1010  802  805 1572  914 1581 2401 1853 1493   23 1531 2013 2039 1221 2437 2479 1137  486   10 2392  558  294 2134 1726 1846  523  625 1899 1298   66 1699  487 2180 1788 1645  202 2307 1254  683  985 1844  942  967 1059  657
 1961 2406 1196  880 2160 2106 1234  779 1727 1294 2593  165 1697 1556 1653 1723  226  211 2466 1468 1914 1573 2553 1146 1936  276  395 2433 1418 1446 2462 1051  326  735 2313  550  353 2270  899  774   26  897 1265  746  682 1574  896 1757 2107   29   48
  232 1543 2398 1453 1004  928  973  858 1605 1962 1918 2275 1601 2438  581 1547  318  965  519 1223 1890  126 2510 1591 2204 2226  948  672  302  718 2445 1805  569   21 1261 1219 1741 1866 2282  450  278  706 1055  335 2410  796 2290  434  327 2161 2372
 1982 1731  635 2456  427 2005 1768 1400 1881  127  647  671 2527   43 1496  176 1970 2168  567 1154  624  999  600  811  905 1027 1429 1698 2117 1998 1084 1819 1498 1140 1512 2096 1801  289 1338 1319 1424 1166 1922 1208 1706  797 1167 2296 1384 1259   87
 1667 1908 2586  668  474  692  154  180 1894 2145 2458   15 1857  636 1414 1671  613 1761  681  588 2584 2382 2316  101  571  727  781  821 2211 2215  587 2439 2478  705   64  373 2018 1889 1988 1691 1292   37  690 2033 1513   51 2572 1838 1300  701 1321
 1586 1173  324  177 1753   71  804  989  426 1485 2141  330  966  344 2397 2063 1108 1048  898  792 1211 1314 1877  398 2306 1065 1462 2057  359 2335  358  399 1180  737  605 1431 1057 2393 2596 2516 1162  174 1356 2496 1948 2006 2014 1416 2227  969 2052
 1082 2008 2285  755 2501 2333 1132 1044 2197 2262   25  513  978  384 1484 2558 1851  618  156  941  407 1393 1677 1030 2588 1481 1182  506  845 2209 2148 1138 1760  615 1133  266 1407 2231 1696 1634  484 1589  777 2492  171 2420 1019 1729 1064  129   24
 1560  817 1306 1580   94  949  162 2048  409 2140 1606  714 1875 1224  241 2595   84  425  703  501 1743 2298 1938  538 1832  813 1003 1554  279 1937  678 1332 2350 1716 1981  603 1771 1116  253 1859 2261 2300 1845 1460 1412 2203 1942   32 1215  728 2326
 1231 1444 1616  530  760  376  290  740 2366 1448 1258 1092 1794 1555   77  861 1675  754 2600  352 1965 1408 1123  597 1929  301 1185  850 1008 2494 2139  876 2281 2537 1958  968  608 2383 1126  485  270 2089 1308 1062 1246   57 1933 2370  715 1773 2488
 1587  801 2122 1313   22 2592 1829    7 2176 1152 1525  986  790 1157 1251 2263 1054 1775 1328 1682  910  131  295  420  540 2213 2146 1755  666 1826 2311 2291  445  204 1151 2325 2020  142  316 2461 1085 1486  508  329 1088   19 1802 2109 1582 2010 2353
 1093  123  708  869 1419  320  479 1342 1769 1904 1253 1967 2334 2376 1577 1990  981  610 1993 1346 1499 1351 2078  824 2056  193 1109  872  133    4 2568  542 2443  789  452 2074 1404 2242  837 2159 2539   50 1947  532  436  296 1867 2505    3 1816 2278
 1437  700 1935 1243 2559 1104 2003 2402  815  272  507  168 2507 2430 1141    5  108 1552  780 1678 2047  189  698 1506 2256 1550 1684  676 2395 1598  686 2283  810 1728 1248  403  440  273 2337 1779  925 1911 2027 1175 1869 2387  856 1113 1195   39  922
 2299 1443 2548  695  304 2119 2093 2474  539   20  563 1371  111 1810 1186  707 1344  401  488 1489 1071 2421 2576  915 1778 1504  794  551 1842 1238 1902 2274  669 2228  163 1047 1722 1758  356 1656  207  234  924 2201 2322 1934 1650  808  468 1170 1964
 1440  751  659 1114 2453   33 1804 1800 1694 2210  357 1750 1363 1029  923  233 1324 1568 2549  317 1596  963 1216 2502 2348  390 1862 1984 1551 1870  639 1604 1252 2207  412  675 2517  185  223  908 1765 1115 1840 1818  650  758 1949  975  173 2217  816
  534 1644 2191 1772 1843  224 1827 1494 1703 2110  188 2128  574   98 2071 2044 2186 2153 1042 1679 1724  773 2073 1359   92 2598  601 1403 1492  527  213 2448  203  674  640  934 2043 1579 2267   49 1795  939 1420  901 1176 1622  651 1090 1331  974 1255
 2138   18 2486 1613 1033 1325 1717  312  783 1049 1787  677  209 1247 1618   14  593   34  575 2590 2412 2377 1941  157 1095 1776 1022 1060 1364 1000  778 2177  907 1745 1873 1599 1177  192 2416 1920 2427 2356 2088  135 1430 1334 1214  716 2338 1075  432
 2271 2342 1189  379 1986 2422 1621  663 1740 1463  660 2287 1021  159 1491  739  201 2108 1583  617 1559  996 1680 2163 2167 1584  831  462  366 2294 1347   85 1415  419  673 1567 1382  857 1097 1594  242 2391  227 2545  377 1469  630 2234 1662 1220 1874
  592 2491 1178 1273  573  338  422 2082 2024 1898 1389 1777 2375  749 1814 1401 1260 1209 2257  518 2045 2051  106 1976  704 2323 1056 2357   47 1192  565  406  543  113  437 2434 1262 2219 1973  351 2064 1329 1081 1617 1040 1915 1006 2304 1625   95  495
  504  753  833 2050 1284  756  172 1293 2400 1199 2079 1286  291 1370 1766  309 1398 2367 1200 1885 2301 1797 1036  480  642 1536 1230  386  841 1024  693  959  591 2037 2513  433 2441 1532  906  388 1461 1759 2522 1646  638  374  554 2459 1202 2310 2465
 1304 2060  612 2518  300  732 2007 2415 1783 2084  397 1887 2318 1268  609 1960 1921  570  867 1647 1135 2000  323 1781 1925   52  768 1989  149  931 1041 1476  730 1997 2125 1615  524  466 1096  299 2321 1194  134  372 1637  250  505  776 2475 2542 2464
 1451   42  252 1946  339 1038 2404 2237  220   40 1511 1296 1545  559  631  741  183  903 2068  549 2532 1593 1076 1333 2205  346 2214 1078 1629 2118 2175 1855 2380 1349 2155  237 1009 2042 2187 1457  456 1005   56 1833  757 2563 1380 2531  122 2195  528
   79 2587  726 1472  267 1763  236 1858 2368 2126  414 2302 1905  830 1626 1903  976 1136  859 1756  367  577 2534  584 2220 1473 1708 2235 1868 2208 1229 1172  411 1149 1707  178 2011 1015  717 1322 2315 1091 1257  889 1026 1282   61 1608  404 1270 1274
 1806 1311  363 1405 1017 1534 1020 1190 2360 2103 2385 1226 1035 2349 2029 1752 1987  288  105 1495   90  271  988 2085  221 2418 2528   44  720 1366  982 1518 2543  646   68 1830 2169  786  476  274 1939  494  595 2447 2130 1310 2238  146 1906  670 1693
  863 2599 2015 2162  257 1963 1565 1297  770 2090 1456 2480 1372  443 1681 1122 1235 2540  360  387 1316  277 1799  911 2224  472  983 1061  745 2327 2340 2379 1850 1754  697 2556  920   74 1917 1023 1281  935  652 2120  161 1053  555  803  459 1892  158
  566 1561  553   58  408 1239  497 1999   28 1034 2166 1139  333 2034  298 1479 1719 1502 1849 2363 2185  562 2111 2329 1654  175 2053 2309 1032  937 1570 1101 1919  849 1428 1013 1206  723 1979 2344 1953  607 2222  944 1280  564 1524 1275 1159  283 2236
  912 1016 2319  347 2389   65 1980 1607 1102 1909 1073  336  463 1738 2019  293  656 1119 1672 1835 2452  719 1210 2432 1376  182  349 1907 1213 1789 2172  340 1831  130 2500 1977 1762 2223 1575  843 1050 2002 1519  766 1503   30  107  877 1978 2194  493
 2069  322 1227 2594 2305  545 1639  576  478  557 1222 2570  891  385 1528  247 1746 1530 1807 2536 1392   54 1595  205  987  430 1276 2152  809  155  490  215 1863  936 1080 1686 2497  828 1687 1340 2489  448  616 1710 1072 1068 2396 1932 2174 2407 1588
 1620 1822   69 1233 2490 1285 1487  860 2547 2524 1815 2457 1784  971 2142  752 2413 1067 2324  208 1900 2533   76 2004 2569  572 1888 2578 1834  114 1501  628 2276  832   45  721  862  152 1011  548  310 1279  992  710  382  421  621  103 1602 2499  918
  260 2232  846  331  120 1459  765  784 1217 2538  882 1735 2589 2154 2597 2573  471 2297  170 1823 2116 2049  194 1641  167  275   78 2202 2136 2577  164 1156   53 2506 2157 1197  961 1326 1330 1449  884  444 1390    1 1635 1327  655 1548  424 2288 2178
 2332 1309  619  598  516 2230 1201  544  477  315  451  264 1910 1737  900 1439 2059  806 2571  531 1474 1373  255 1490 1590 1945  798 1388  865 1668 2473 2179 1232 2295 2173 1515  206  947  262  498  197 1782 1447 1991 1702 1228 1111 2426 2378  541 2113
  835  496 1785 1940 2483 1798 1926   96 1884  200 1432 1466  229  210  834  396 2320  938  509 1478 1335 1882  249 1264 2277  902 1241 1475 2269   62  654  785  556 2199 2460 1718 1124  712 1287  465  150 2362 2574 1381 2086 2339 1897  187 2095 1244 1865
  761 1121 1943  464 2036 1045 1841 1864 1695  321    8 1751  119  840  196 2241 2189  767 1558 2371  216  852 1739 1348 2355 1950 2239  998 1690  879 2567 2264 2560 2444  470  446 1278  378 1952 1544 1774 1673  282 2359  795   67  991  261  303 1025 1521
 1562 2247 1658 1271 2198 2511  125 1930 1131  306 1514  362   17 1879  191 2266  954 2399 1130 2075  738  147 1411  709   46 1500 2390 2312 1266   88 1187 2165 1341 1069  269  950   81 1836 2259 1730  307 2131 1566  878 2493 2279 1395  919 1191 1128  844
 1417  582  929 2026 1212 2373  228 1160 2484 1592 1079  311  585 2066  121  370 1438 2495 2526 1747 2243 1106 1402 1569  410 1509 1612 1661 2509  413  648 2115 2041  734  847 1541  606 1174  724  286  460 1955 1046 1571 1631  514 1969 1295 2221  235 1563
 1086 1323   93  522 1520  644  383 2436   99  873 1355 2451 2101  297  637 2184 2521 1749  641 1931   70 1127 1458 1052  469 1928 2112 1012 1553 1927 2557  684  190  248 1704  186 1880 2137 1193  687 2467 1956 1713  214 2514 2099 1305 1425 2530  429  679
 2144   91  874  144  744   75 1828  381 2394 2062 2254 1368  428 1147 1482  623   35 2520 2245 1397 1426 1972   55 2388  461 2030 1600  441 1886 2081  946  328 1526 1318  736 2132 1450  953 2468 1825 2171  917  964 1188  447 2408  455  818 1748 1105 1872
 1360  482 1792  112 2182 2529  853 2503  932 1399 1413  970 1796 2364 1161 1107 1971 2485 1517  839   12  775  526  864 1812 2083  634 1125 1423  371  280 1350 1445  909 2183  699 1144  230  117 2454 2023 1700 1994 2504  499  927 1497  632   86 1817 2469
 1533  633  926 1597 2354  629 1369  771  217 1098 2032 2561  614 2250 2135 2425 1611 2352 1636  536  561 1289 2384  393  667 1913 2535 1510 1406 1168  100  787  115 2058  890 2512 2143 1077  945  263 1609  980 1901  702  365 2124  454 1155  750 1315 1001