  721  212 1610  691 1031 2656 1458 1838  258 2529 1022  491   69 2289 1115 1783 2112 2103  587 2034 1906 1042  650  227  559 1512 2530 1058 1094 2628 1587  565  352  902 1229 2160 1182  102 1078 2291  734 1688  785 1156 1913 1773 2280 1938  640 2538 1852 1770
 1486  610 1650 2417 1120  668 1659 2424 1137  360 1614  415 2566 1746  140 1578 1865 2703 1380 2236 1001  870  416 2396  993 1096 1985 2148 2697 1439 1383  463 2540  701 2410 1090  240  823  434  798 2447  765  117  315 1687  585 1532 1029 2407  271 1035 2443
 1643 1204 1020  497 1564  443  779 2469  791  915 1786 2046 2242 1592 1249 1850  245 1648 1243  270 1980 1927 2473 1256    2 2361  431  504 2043 1328 2433 1628 2268 2702 1264  318 2491  553   39 2188 1657 2416  422 2209 1289  459 2366  233   80  725 1917  872
 1187  321  261 2119 2390 2037 1598  758  493 1131 1236  873  374 1744 2076  475  930  757 2436 1816 1809 1433  224  153 2679 1861 1854  617  916 2490  983   94  682  356 2200 1797 2327 2507 2227 1922 1172 1235  908 1796 1886  912 1600 2217 2163  126  692 1480
 2224  586 2320 1582  472  184 2431 1902  605   35 1445 1825 1849 1901 1246  467   57  903  336 2129 1464 2358 2323 1320 1013 1143 1166 1562 2052 1293 1438 2278 2203  601 2231   47 2515  922  444  560 2445  588  137  643 2613  256 1367 1240 2558 2695  755 1601
  986 2352 1663 2166  844 2552  948 2074 1803 2608   34 1845  614 1179 1009 2272 1429   68  698 2263  599  883  877  859 1427 1170   99 1641  970 1624 2583 2283  498  667 2598 1317  503 2083  264 1930 1363 1358 2550  507 2312 2319  203  563  529 1732 1263 1349
 1586 2035  958  750 1228 1016   14 1032  690  551 1781  147 2362 1602  191 2444  528 1057 1216 1089  982  971  546 1612 1141 1423 2225 2696 2384 1482 1356 2237 2586  684  884 1149 1881 1059 1362 1347 2080  869 1350 2392  753 2682 2005 1884 1949   88 1827  167
 1853 1691 1889 1425  683 1677 1774 2557  418 1378  408 2617 2118  513 2141  625  384  673 2599   40 1791  198 2335 1123 2261 2421  132 1758 2308 1334 1265  136 1735  332  556 2568 2215 1223  236  945 1164 2397 1507  887 2534 1139 1572 2214 1531  253  743   54
  370  773 2609 1128 1655 1954 1660  998  634 2413   20  712   79  992 1004 1529 1654  223  723 1426 2486 1375   95  645 1664 2071  896 1455 1253 2081 1150 1472 2088 2373 1940 2593 2468 2359  726   60  432 1867 1525 1136 2055 2704 1063 1814  988 1297  130 1513
 2506 2276 1146 1558 2130  527  312  782 1754  345  478 1197 1909  145 2069 1720  567 1312 2101 1474  366 1794 1298 1018 1557 2146 2012 1970 1811  113 2193 2380  832 1305  334  426  965 1495 2626 2652 2282 2648 1716  346 1787 1483  576  302  669  453    9 2458
  955  183 1550 1385   97 1279 1176 2475 2535 1694 2333 2337 2091  286  913 1075  180  129  975 1079 2234  208 1125 1876  423  686 2290  835 1191  987 1860  606 2171 2372  127  160 1594  404 1669 1738 2300 2039 2441 1882 2176 1086 2085  944 2094 1943 1489  568
  308  720 1855 1656 2304 2385 1010 2097 1666  171 1333  850 2480  210   90 2301 1496   21 1373 2546  410  770 1023 2096 2470  618 2689 2207 1389 1615 1979  339  313 2403 1567 1479  301 1468 2388 2029 1266  395 2612 2353  693  237  994   32 2477  364 1620  862
  826 2524 2235 1341 1167  134  646 1028 1937 2162 1405 1083 2488 2555 1301  543 1544 2460 1577  186 1990 1665 2004 1622 2512  124 1820  344 2218 1637  202 2501 1737  906  461  658 1209 1764 2563 1712  121  438 1300 1995  150 2457 1255  966 1895  290  659   13
  260  827 1998 1287 2614  412 1672 1338 1201 1723 1871  639 2624  707 1493  561  411 1084 1778 1000 1952 1224 2245 2006 1304 2432 2346   89 2019 1953 1393 2349  747 1381  365 2170  257  728 2260  924 2699 1651 1698  608  479  465 1104 1233 1589 2658   28  474
  871 1476 1898 1473 2422 1271  189  706 2685 2093 2195 1813 1540 1071 2149 2644  263  911  176 2244 1012 2600 2692 1208  511   85 2220 1840  383  110  505   59 2144 2033 2050  403 1030 1935  756  730 1605 2121  652  534   86 2134 2155  679 1674   33 2476 1785
 2673 1420 1217 1749  274  960  656 1485  914 1976 1126 1565  324 1584 1596 1908 2156 2305 2587 1093 1518  600  402  818 2109 2178  621  449  288  865   19   77 1662  846 1463 1158 2140  790 2204 1411 1157  326 2082 2169 1511 2639  858 1734 1017 2428 2691  532
 1629 2073  166  298 1221 2153  262  670 1152  569 1873 2182 1609 1005 2007  220  394 1718 1552  211 1941 1070 1780  607 2334 1024  836 2560 1903  481 1676  205 1428 1957  204 2135 1226  297 2570 1052 1960  218 2189 2041 2437 1491  400 2514 2066 1856 1335 1573
 1821 1331 1129 1231  494 2292 2298  792  289  307  947  615   71 2318 1477 2099 1192 1617 1232 2065 2693 1509  512  442 2221  229  353 1097  531  583 2239 1870  738  696 2058 1915 2606 1623 1206  562 1481 2525 1753 1162 1106 2183 2485  502  886 2321 2382  244
 2206 2623 2660 1222 1244 1859  420  641  192 2611  239 2601  828 2499 2650  961 1288 1214 1675  752  612 2219   25 1494 1556 1417   74   18  169  786  207 1490 1296  662  401  704 2003 1842  849 1599  941  177 1699 2640  284 2665  808 1984 2531 2545 1879 2369
  968  674  781  329 1875 1792 2562 1202 2591  542 1571  178  533 1254   73 1470 1776  331  907 2015  388 2393 2579  964  389 1673 1268 1015 1403 1238 2354 1174 1055 1324  119  468 1721 1717  789 1750 2405 2357  953 2347 1351 1595 2620 1447  724 1768 2683  875
  592 1714  347  593 2556  159  341 1076 1642  934  181 1007  196 1419 1996 1046 2021 2185 2068  367 2667 1436 2571 2208 2040  267 1109 2325  295    8 1283 1321 1631   84 1444 2446 2253 2243 1715 2310  809  273 2356  294 2610 1418 2092  821 1775 1151 1148 1487
 1713 2467    4 1683 1864  946  135  890 1037 1925 1517 1160 1690 1205  744 1613  323  759 2674 1630 1765 1241  943 2023  935 2698  521 2139  951 2493 2344 1006  247  699  632 1818  163  894 2275  675 2649 2638 1400  837  155  749 2138 1177  623 2395  624 2504
  815 1041 2179  460  122 2251  158 2174 1634 1907 2342  437 1888 2633  304  604  515  281  386  199 1357 1709 1213 1323  613 2409 2394 2496 2273  440 1002 1733 2212 2646 1465 1978 1247  246 1294  687 2582  997  830 2577 1127  369 1276  918 1894  428 2619 1646
  978  188 1325 2438 1434  170 1962  156 1877 1161 1153  936  762 2064 1563  566 2256 2452  285 1684  672 2116  151  860  868 2406  157 1219 1833 2270 1619  888 1502  630 2340  954  772 2258 1396 2398  746 1064 1958 1707 1967  107 2643 1863   78 2154 1377 1947
 1497 1144  454 2024 1133 2271  864 2350 1942 1757 1539 2636  580  598  354 1284 1051   70 2128 2554 1963  168 2419 1760 2198 2594 2590  291 1019  787  439   96  526 1697  777  483  803 2250  584 2463  722 1955  848 2028 2637 1072 1184 1371  802  840 2588  146
  447 1910 1112 1911 2492 1988 2089  554 1899 2569 1168 1671  558  252  799  106 1412 2561 1410  885 1644 2466 1621 2360  310 1987 2449  195  963 2399  694  200  131 2194 2400 2418   48  539 1784 2067  228 1862 2279 1119 1352 1872  161  616  280 1575 1203 1121
 1832 1390 1171 1460 1831  719  882 1337  845  387 2000 1528 2152 1504 1638  695 2338 1702  678 1611  657 1422 1178   26 2257  506  717 1520 2549 2254 2051  182  406  708  545  476 1365 2629  530  709 1633 1805  268 2465  999 1945 2246 2031 1332 1904  804 2511
 2387 2125  627 2016 2299 2056 2510 1982  343  105  793  482  362 2434 1308  976  741 1568  109 1290  495  445 1475 2306 1499 2249 1570 1661  942 1981  241 2377 1185  234 1392  519 1200 1934 1761 2120 1395  226  926  520  824 1944  800 1993 1745 1790 1549 2519
  325 1708 1696  876 2018  969  397  807 2132  514 2022 1536 1837  230 2621 1014 2618 1836  855  731  766 2378 2063  430  473 1965 1839 2047  702 2645 2592 2339  700  619  611 2049 2061 1829  425  314  368 1053  219 2002 1545  419 1554  231 1105 2622 1237 2386
 1327  671   56  535 2311  893 1682 1421   10 2045 1711 2233 1939 2425 2363 1834  929 1566  296  287  508  967  796 1382  838  737 1374 1597  225 1456 1220 2442 2122  375 2199  774 1921 1045 1340 2181  487 1498 1081 2196  112 2165 1329  819 2108 2313 1667 2522
  243  378 1299  265 1804 2439 1581  429 1931 1604  466  266 1983 2518 2286 1618   83 2450 2322 2014  525 2059 1366 2454 2435  626  572  805  382  309 2672 1230 1527 1975  595 2053 2544   43 1727  278 1085 1376 1450 1606  496 1446  974 1626 2489 1752 1099  775
  221 1560 1788  100 2294 1190 2126  154 2430 1789 2332 1857    6 2543  518  340 2404 2113  854 1591 1282   51 1251 1635 1082 2127 1262  255 1710 1905 1060 2281 2585 1286 2677 1519 1116 1132 2631 1394  398 1645  488  421 2371 1639  489 1756  810 1391  399   72
 1379  952 2635  861 1212  727 1524   58 2455 1759 1360 2284 2567   93  164 2009  784  259 2173  206 2161  937 1443 1916  889 2288 1500 2202 1992  328  852 2440  636 2143 1026 1159  622 1432 1569  685  839 1548 1793  407  927 1316  797  538 2402 2186 1227 2669
 2426 1933  676 2287  215 2551 2415 2036 1466 2090 1225 2252  413  103  597 2104 2513  333 1021 1291  377 2032 2177 1163 2497   41  213  371 1040 1424 1257  536 1155  654 1406  165  739 1234 1823  718 1049 2105 1102 2240 1730  250 1936  451 2559 2364 2474 1101
  101  867  905 2351 1193  152  891 1454 2365 2508 1748 1658 2168  348 2630 2086  771  557   22 2030 2521  761   92 1896 1245 1124 1858 1033  524 1893  550  242  628 2572 1330 2564 1866 1701  991 1918  317 1722 2429 1130 1388 1521   23 2293 1345  681 1065 2302
  981  909 2478 1273 1868 1258 1652  355  729 1401  125  843 2391 2595 1295  629  361 2307 1054  409 1307  251 1580 1751 2180 2042 2690  703  133 1441 1869  457 1692 2274 1399 1199  769  716  485  813   46 1728 1973 1997 2370 1354 1608 2671 2296 1782  814 1027
 1088 2634 2651 2653 2020 2541 1843  940   11 1703 1044  740  269 1822  764 1579 2532 1835 2027 2681 1741 2248  380 2343   49  396  392   62 1453   30 2123 1874 2401  647  523 2668  469  661 2151  917  742 1484  801  760  470 1248 1402  745 1309 2479  995  990
  829 2503 1303 2213 1011 1771 1404 1181  173 1368  548  232 1534 2238 1342  663  162 2565 1430 1574  831 2057   63  175  458  649 2001  305  780 1897 2374 2684  878 1968 2010 1435 2484 2602 1891 1740  509 1270 1890 2464  149 1145 1731  715   17 1346 1242 2526
 1555 2348  602 2662 1559  322  901 2262  767 2379 1926 2345 1194   45 2427 1914 1919 2663 1173 1056 1252  197  980   44 1526  104 1278 1175 2603 1043  857 2616 1108  209 2483  939 1693  956  480   66 2423    7 1113  898 1800  897 2539 2694  214 2575 1505   37
 2500 2265  577  962  589 1695 1492  537  776 1449 1183 2259 1880  794 2329 1437 2615   12 1777 2038 1846    3 2456  735  174 1414 1169 2124   42 2075 1537 1725 1344 2453 2303   91 1189  292  895 1510 2150  118 2172  748  697 1196 1281 1211 2536  249  920 2509
  933 1210   16  919  651  594 1080 1966 2316 2461 2008 1653 2589  834 1103  283  736  564  979 2523  949 1932 1706 1186  436  405 1533 1488 2451 2355 2211 2025 1885 2241 1815 2229  279 2060 1319  456 1779  433  637 1034 2044 1407  754 2367 1583 1198  710    5
 2670 1719 2175 1649 1686 1239 2017 2062 1452 1048  477 1516   53 1535  950 2701 2688 2462  486  985  500  393 2223  372 2324 2528  688 2228  306 2408 1603 1413   81 1098  427 1848  338  187 2102 1920  144 2664 1959  254 1047  201 2110  350  391  928 1801 1924
 2687  335 2226 1515 1142 1742  581 2676 1387 1679 1828  320  900  185  812 2581 1946 1277 2700 2192  272 2412 1999 2411  111 1092  931 1069  300 2448 1077 1442   65 1036 2533 1095 1415  957 1680  788 1370  390  856 1314 2084 1543  591  984 1588 1269  108 2389
  275 1397 2159  866  638  778 2680 1878 2111  811 2013 2317   64 2107 1541 1762  680  359 1091 2627 2230 2678 2548 2527 1819 1647 1817  277  358 1384  337 1087 1114 1808 1900 1964  141 1336  795 1514 2654  573 1451  620  238 1008 1039 2597  248  216 1948  303
  435 2210  450 1066  114 1561 1523 1250 1547 2078 1302   55 1729 1590  299 1459 1929  293 1408  446 1807 2578  327  582  842  732 1322 2266 2661 1369  635  783 1353 1343 2314   76 1138 2553 2376 1313 2158 1685  863 2197 2095 2472 1841  853  282 2481 2147  142
 2205  492  540 2070  642 1546 2482  522 2098 1062  653 1409 2077 1928  660  547 1311 2264 1117 2330 1478  138 1700 1747 2657  120 2026 2494 2487  677  596 1769 1670 1073 1462  363 1448 1135  711 1147  923 1724  822 2191 1956  376  190 2336  381  452 2596 1530
 1274 1989 2580  816 2011  833 1260 2605  590  609 2517 2114 1067  574 1339  499 1795 1668 1359 1122  910 2495 2328  847 1471  664 1386 2184 2607  385  379 1261 2383 2537  751 2642 2505 1585  603 2326 1272  666 1038  143  932  879  316 1636 1912  116  357  193
 1977  115 2117   29  319 1551 2459 1969 2106   31 1830 1616 1798 1593 1974 2641 2277 1991 2100  194 1772  705 1826  648 1766  665  222 1259 1111 2157  235 1806  904 2584 2048  579  128  549 1538 1467 1361 1607 2675 1068  448 2375 1812  841  575   36 1887  989
 2167 1180  713 2341 1632 1416  881   87 2381  490 2187 1398 2142 2647 1627  631 2498 1553 1810  471 1503 1824   75 1726  501 2576  541 1892  349   67 2655 1110 2297 1739  424 1508 2255 2502  959 1689 2079 2269  351   82  763 1799  373  925 1107  172 1951   15
 1705 1851  768  139  441  880    1  973  455   27 1844 1681 1318 1704 1165 2285 2604 2471 2190 2133  571  276  311 1457 1218  825 2625 2542 1306   38  972 2216 1285 1326 1100 2222 1961 2574 1364  851  179 1134 2136 1050  330  996 2331 2686 2368 1154   24 2267
 2547  570  714 1678  414 1950 2420 2232 2247 1061  484  510  516   61 2520 1755 1280 1994 1461  633  552  874 1522 2131 2054  806 1275   98 2666   50 2137 2201 1188 1542  464 2072 1625 1355 1469 1501 1640 2516  555 1267 1763  820 1025 1743  817 1292  148 2115
 1140  644 1372 1315 1986  921 2573  689 1431 1506 2087 1348  938  517 2309  544 1767  123 1736  578 2315 1972 1923 2164 1440 1971  462 2145 2295 1847   52  342 2414  733 1074 1310  899 1207  977 1195 1883  217 1215 1576 1802 1118  417 1003  892  655 2632 2659