  314  735  865 2571 2403 2653 1115  861 2257 2042 2470 2021  534  155  689 2668 2473 1044 1096 1193 1278  604 1561   26 1142 2702  573 1432  847  773 2795  703  748 1704 2452  138 1340 1701 1378 1972   25 1875 1837 2681 1730 2391  472 1776  629 1840   99  400 2682
  874 1281  223 2711 1093  218 1958   58   41 1140 2690 2189 2657 1146 1528  741 1838 2699  199  520 2433 2047 1396 1843 1898 2082 1308 1924  526 2211 2306  614 1461  991 1560  889 2194  222 1564 2121  544  872 1996 2109  553  280 2029 1929 2408 1087 2793  306  165
  724  908 2620  332 2323 1243 1445 2374 2009  642 1331 2495 1202 1411 2642 1017 1712 2073 1870  715  179  619 2054 1204 1231 2755 1883  412 2341  952 1926 1793 1491  605 1820 2164 1390  249 1634   31 1496 2013 1435  260  750   79 2445 2327 1500 1136  942  409 1852
 2314   45  899 1006 2418 1203 2560 1706 2270 1657 1961  283   21 2622 2108 2268  333 2412  429  746 2210 2633 2632  691  117 1170  835  788  562 2077  221  937  915 1911 1476 1995 1361 1501  687 1268  693 2566 1659 1715  304   97 1293 2067 1816 1678 1950 1064 2315
 1808 1160 1024  309 2593 1001  612  270 2783  540  154 1351 1580 1964 1448  242  794  809 1568  717  777 1948 1213 1895 1680 2008 1660 1375 1902 1207 1387 2506 2365 1866 1619 1566  185  927 2402 2087 1628 1941 1953  532 2510 2464 2171 1508  924  311  390  170 2661
  449 1951 2492 1306 1345 1643  217 2277  474  498  135 1949 2367 2357  561 1360  128   89 1546 1544 2444 1599 1380 1309 1045 1959 1912 1337  959 1169 2383  287 2023   62 1828  632 2769 1740 2025 1434 2174 1583 1151   83 2399 1187 1103 1848 1391 1847 2802   16 1897
 1639 2739  912 1727 2416  147 1338   29 2024 2608  554 2766 2796 1780  609 1249 1209  120 2753  664  399 2400  361  420 2100 1485 2518 1294 2554 1737  713  761  714  359 1397  551  197 1774  488 1836 2734 1915 2780  279  659   76 2641 1275 1542 1862 1453  466 2646
 2439 1139  196 2203 1265 1800  877  423 2237 1282 2084 1178  856 1019  797 1105 2168  356   53 1555 2182 1399 2134    8 1545  826  858  545  391 2680 1302 1359 2689  326 2673 1700 2342  446 1742 2720  335  695 1842 2424  495 1152 2513 2200 2786  730 2239 1262  893
  722  190 2173    6 1154 1745  997 2271  514 1536  781 2298 2494 2516 2624 2019  732 2758  299  585  964  999 1186 2496  174 1728  634  157 1102 1484 2281  556 1758 1119 2664  308 2036   11 1677 2564 1860  523 1080  871 1810 2463 1171 1095 1244 2501  932 2354 2249
  401 2366  697 2469 2655 2295  655 2787 2654 2401 2581  961  354 1098  115 1066 1436 1806 2364 2576  880 2519  841 1150 1335 2051 2039  673  364 1303  641 1705  775 1766  271 1606 1137 2441 1812   71  830 1343  513  979 2471  802 2379 1415  161  278 2080  351 1746
 2721  358 1785 1480 1767  933 1781 2443 2254 1034 2475 1444 2220 1250 1462  951 1058 1109 1158 1332 2384  592 1149 1283 1804  617  864 1916 1012  229  904 2667 1805  842 2556 2355  702 1413 1205  327  485 2524  900 1314  624 1279  994 1863 2030  832 2026 1131  822
 2250 2075  806 1079 1813 1935  680 2625  982  528 2612 2340 1020  507  548 2192 2621  145 1425  859 2597  129 1264 1018  756   10 2487 2504 1144   73 2547 2104 2179 1877   65 1648  343  785 1603 2451   56 2512  625 2434 1005 1593  851 2678 2650   48  424  823 2140
 1443  295 1905 2542 1016  431 1718 2353 1495  384 2455  587 1854  445 2729  890  148 1460  721  269 1699 1482  902  132 2744 2669  681  620 1466 2222  817 1014 1395 1725  931 1315  685 2500  109 2037  928 2652  884 2589  720 1431 2169 1889 1666 2775 2065 2376   36
  654  892 2627 1664 2126 1403 1085 2398 1977 2317 2525 1571   69  394 1575 1211  712  368  386 1973 1365  810 1855  143 2723  737  869  524 1591 1530 1427   38 1784 1777  512 2527 2468 2436  631 1679 2791  716 1651  990 1894 1624 2388 1469 1627  626 1388 1630  318
 1271  694 2300 2040 1594  875 1669 2798 2551 1658 1923  615    2 2279 1652 1887 1554 1893 1672 2122 1589 1845  172 1290 2266  734  162  122 1821 2762 1470 1274 1590 2132 2229 2483 1090 2304 1023  265 1373 2321  867  206 1196  112   51  502  379  647 2679  557 1903
 2453 1759 2772 1320  134 2113  415 2430 1467 1488   17 2055  186  205  772 1254 1326 2378 1232 2752 2598  611  923  989  436  572 1057 1689  276 1846 1214 1255 1954 2119  471 2735 2426 1442 1783 1798 2228 1381  272 1192 1532 1695  133 2034  320 2428 1719 2695  114
 1062 1175  926 1539  293  225 1790 1631 1833 1292  460 2099 2141 2585  417 2361 2736 2263  662  767 2060 1076 1038 1947 1288 1975   77 1215 2215  250 2010 1676 1132 1513 1173 2032  885 1702 2684   37  139  397 1990  168 2638 2623  652 2002  799 2347  676 2155 1637
  570  263  589 1991 1010  706 2665 2334  198 2165 1871  623  182  464  602 1713 2152  208 2289 1598 2407  969  948 2801  648  590 2658 2359  786 2676 2020 1642  289  200 2529  882 1844 2086 1605  793 2539  447 2603 1208  515  743 2574 2131 1046 1799  821 2283  831
  339   49 1301  857 1108 2497 2530 2224 1858  324  886  178  419 2204  736  563 2420   55 2708 1709 2156 1520  476 1440 1587  621 2381 2252  529  876 2526  727 2694 1217 1796 1114 1993 2312 2498 1234  294 2291 2784 1692 1509 1266  453 1165  484 1072 1938 2253  350
  452 2331 2714  704  330  503 2068 2345 1113  533 1081  427 2190  692 1256  522 1389  149  328  801 2794 1486 2478 2414 1869 1851  710 1955 1907  956  461 2704  935 2056 1347 2580 2605 1077 2543 1418 2393 1714  643 2639  438  175  346  541   40  946 2614 1134 2768
 1267 1321 2112 1626  323 2223  297 1661 2370 1455 2350 1069 2105   12  307 2015  807  608 1088  396 1296 2626 1768  970  211   19 2299 1206 2640  988 2419 1751 2185 2284 2565  768 1441  723 1570 2474 1386  740  968 2234 2559 2728   94  462 1543 1514  331 1835  456
  640 2098  500 1928 2579  901 2386 1656  628 1667 1191 1117  214  667 1987 1578 2272 2619 2049 1251 1225 2438 1221 2767 2280 1446   92  683 2649  549  527 2410  574  349 1305 1198  669   28 1610 1349 1917  137 2651  422 2546 1732 2532  303 1515  836  125 2485 1967
 1228  656 1298 1557 1063  815 1456  796 2206 1061 1601 1641 2208 1030  275 1241 2231 1885 2481 1632 2429 1884  894 1059  440 1393 1355 1763 2392 2166  416 2489  490  944 2713  811  382 1402 2338 2659 2083  843  983 1779 1463 1107  478  719  457 1504 1577 2106  586
  353 2745 1786  473 1559 1084  776 2573 1130 2142 2601 1157 1984  594 1319 2719  121 1849 2405 2251 1074 1505 2172    3 2618 1919   78  108 1562  233  996 2569 1618 1246 1510 1596 2480  675  820 1054 2214 1027 1097 2362  442 1909 1675 1257 1960  345   86  812 1822
  499  505 2209 2373  957 2715 2754 1831  180  444 1327 1809 2610  582  363  708 2477 1723 2135 1147 2724 2050 2604 2507 1756  228 1970 1401  491 1581 2538 2763 2703 1176    9  679 1226 1189 1653 2493   54 2088  733  699 2797  660   52  475  418 1263 1424  255  458
   42  216  519  909 1120 2602 1868 2447 2534 1918 2572  844  925 1122 2110 1872 1190 2176 1789 1370  239 1318  119  441  105 2274 1615 1864 2688 1963  378  985 1474 2577   18  543 1778 1541  281 1537 1126 2788  504 1644 1195  816 2696 1757 2288 2450 1382  220 1716
 2238 2557  355 1556  678 2303  402 1882 1726 2360  433 1933  764 1922  103 1811 2536 2045 2647 2549 2332  577 2644 1717 1900  188  579 1041 2732  963  954 1379 2756 2160  450 1031 1086  782  618 1956 1071  972 2396 1665  569  845  273 1609  209  448   81 1372 2310
  329  204  921 1662 1930 1478  144  518  661 2005  454 1060  110 2431 2322  780 1284  914 1946  883 2375  102  934 2162  380 1617 1497 1623  745 2570 2161 1336  455 1529 1752 1127 2016 2183 1986 2596 1608 2637  321 1452 1817 2552 2583 1032 2808 1223 1724 1067  459
 1965 1966  597 2117  778  130  967 1252 1449    7 2102  739 1983 2509 1910  212  552  493 2448 1499  362 2591 2592 1356  414  688 1049 2007 1807 2136 2311 2292 1138 1299 1481  752 2588 2028  171  980 2561  106  257 1002  744 1369 2435  425 1569 2146 2629 2244 1261
 2706  210 1527 1729  291 2033  650  575 1674  852  800 2282 2550  191  941 2692 1574 2707  107 2733 2275 1194  230 2616  779 1428 1068  395 1312  581 2241  701 1649  405  758  164 1775  953  765 1597  888 2352 2091 2153 2789 1125 2041 1743 1731  598 2011  757 2476
  870 2348   34  244 1472 2143 1753 1457 1286 1471 1180  241 2196 2738 1989   27  336 1417  261  463 1612 1535 2014 1937   15 1604 2090 1782 2599 1697 1969 2656  100  238 1304 2329 1300 2356  731 2226 1313 1503  729 1736 1021 2346 1517  388  965 2305 1874 2716   32
 1773 2712 2413  302 2233 2394  555  763   98 1650  591  637  698  588 2528  616 1939  231  550 2508 2446 2230  312  653 2701  536 1760 1595 1289 2333 1904 1033   43  700  671 2458  195 1475 1832 2000 2318 2246 1549 1421 1635 1188 1377 2072  818 1788 1573 2219  316
 2742 2741  389 2457 1183 2116 2535   74  237 1168  315 2097 1280 1015 1479  936 2698 2093 1161  365  860 1245 2740  393  947 2750 2709 2582  993 2018 1994   95  568 1276  839 1094  828 2262  151   46 1696  435  868 1645 1572 2803  256  866  167 2634 2748  627 2677
  595 2730  827  535 2197  226 2687  546  966 1621 1240  140 1914 1141 2773 2782  576  116 2218 2089  792 1879 1210 2004 2157 1620 2809  123  385 1253 1159  986  769 1563  596  898 2301 2631  352 1735 2074 1825 1070 1942 2325 2344 2584  657 2186   80  189 1410  638
 1633  726   88 1533 2217 2092  510 1801 1962  787 1551 1493  711 2779 1978 2465  338 2421  606  593  878 1582 2287 1567 2147 2048  630  709 1748  725 1056 1483 1841 1185 1585 1826 1772  790 2202 1166  243 1908   72 1477  855 1524 1224 2456  187 1890   23 2710 2385
 2764  426 1985 2201  987  159 1277 1936 1334 1162 2022  863  738 2138  805 2628  995  833 1464 1588  633  907 1518   64 1592 1111  977 1325 2613 1148  955 2258  430 2671 2351   24 1233 1711 2144 1857 2540  169 1172 1371 1693 1346  104 1181 2372 2290 2046   61 2293
  411 2120 1259   20 2635 2079 2240  136 2515 1310 2700 2615 1521  344 2184  232  479 1385  707 2760  601  824  366 1212 2590 1741  755 2380  920 1426 1891 2553  903 1419 1792   70 1584 1498 2058  124  646 2188 1124 2776  248 1363 2718  742  443 2751  537 1297 1273
 2264 2548 1673  564    5 2150 1408  194 1867  506  501 1248 2259 1548  887 1686 2727 1269 2693 1507 2128  906  274 1770 1765 1613  483 1880 1550 1670   82  559 2114 1394  375 2514  808   96  958 1830 2069 1423 2594 1040 2035 1383  163 2175 1430  392  974 2511 2003
 2482 2001  635 1710 1129 1236  770  690 2545  247 1260 1227  176 2770 2683 1143  376 1437 2437 1850 2517  838 2807 1586  674 2662 1818  854  264  517 1932  677 1979 2586 1981 1749  998 1239 1101 2541  215  245 1982  207 1133 2163   75  193 2415 1238 1671 1886  918
 2256 2070 2154  131 1009  487 1220  160 1052 1439  192 2743 1242 1384 1287 2749  266 2486  482 2343  252  917 1629  665 2778  819 2269  584  789 1892  213 2432  791 1003  296  360 2064 2339 2199 1374  486 1487  916 2691 1348 2462 1896 1366 1738 2575 2085  600 1998
 1771  696   47  101 1888  950 2533 2095 1048  686 2521  150 2207 2177 1873 2276 1747 2235   68  583 2302 1687 2053  747 2278 1502  465 2273 1342 2063  766  938 1646 2137  118 2245  404 2151 1047  913 2503   57 1522 1174 1703 1317 1037  201 2600 2479 2389  492  262
  558 2349 2232  113 1489 2061 2568 1184 2417 2425  984 2395  547  337 1691 1698  282  610 1600  649  566 1055 2178 1685  910 1663  905 2294 2427  319  960  975 1791 1353 2804  919 1438 1222 2520  599  406 1051 2774  470  949  292 1722 2645 2747 1089  539 2180  829
 2523 1177 1468 2442 1404  410 1607 2125   13  286  494 2607  897  571 1640   87 1876 2800  340  301  166 1531 1625 1974 2096 1025  468 1364 1976 1323  848 2488 2368 2130 1155 2181 1406  658 2044  728 1022  334  803  142 1859 1352 2297 2746  511 1492 2562 2145 2578
 1465 2324 1824  992 2213 2328 1153 1350 1285 1409  469  930 1769 1878  177  298  850 1075 1957 2387  203  421 1815 1100  285 1029 1988 2781 1219 1707 2195 1547 1358 1614 1407 2335 1602 2792  347 1357 2563  645  881 1744  672 1291  853  834 2799 1458   85  762 2643
 2326 2765 2587 1405 2187 2790  313    4 1011 1422   84   50 2159 1092 2454 1616 1118 2377 1104 2531  578 2369  497   30  753  403 2666 2052  317 2170    1 2648 2697  428 1414  759   35 2133  943 1091 2757 2382 2198 1490 1341  370  896  310 1339  509 1636 1622 2236
 2371  398 2731 1128  348  277 2265  825  804 2705 1420 2558 2243 1235 1654 1416 1647  372  978 2336  127 1733  181 2686 2260  651  976 2567 2313  432 1078  749 1881  341 2307 2459 1230 1927  945 1552  183 2059 1999  560 1330 1400 2221 2248 2390  413  771  377  408
  305  437 2066 1814  718 1398  525 1638 1720 2193 1721 2771   33 2149  682 1655 2675  891 1473 1367  342 1123 1794 2544   60 2411 1968 1201 2617 1523 2212  253  939 2363 1553 2115 2118  813  246 2078 1004 1036 1913 1931  542 2111  840 1525  451  254 1558 1934  862
 1940 1106  981 1053  267 1216 2491  467  783 2761 2406  922 1043 1311 2422 1526  240 1050  202 1971  184  284  670 2319 1116 2449 2484  622  374 1921 1324   14  387 1576 1451 1754  962 1992 1795 1829 1688  234 2261 1237 1322 1694 2466 2038 1270 2737 2103 2139 1611
 1945   90 2267 2630  146 1316  873  603 1459 1819 1683   91 2308 1739   63 1199  636 2247 2043  644  508 2670 2123 2006  846 2725  668 1540 1328  434  480  613 2124 1802 2076 2255 1684 1708 2205  774 2027   67 1163 1121 2472 1042 2167  357 2107 2129  639 1797 1007
 1392 2286 1861 2726  235  373 2611  580   39 2717  439 2101 1197 1925 2537  173 1865  152 2337 1295 2031 1429 2012 2595 2316  751  300 2225 1834  798 1362 1354 2158 2127  236  158 1135  288 2467  141  516  784 2636 1218 1762 1082  489 1787 1329 1534 1167 2674  929
 1906 1761  973 2330 2685  663  607  521  251 1065 2759 1083 2017 2555 2296 1412 2606 2227 1681 1668 1519 1179  156 1511  381 1512 2806 1734  227 1755  369 1008  814 2440  111 1145 1307 1035 1538  224 1803 2785  367  940 2309 2502 1494  565  407 1901  258 2460  837
  895 2672  259 1980 2805 1026 1764 2216 2071 1579  383 1164 2522 1333  126 1039 2777 2081 2397  849  481   59 2358 1952 2242   44 2094 2148 1028 2505  760  322  530 1506 2423 1682  684  754 1516  911 1943 2660  567 2499  290  795 1182 1156 1450   66 1229 2320  371
 1112 1099 2062  268  879 2722  325 1272  153 2057 1073 1258 2191 1565 1750 1899 1433 1447 1853 1110 1013 2490  705 1368 2285 1454 2609  666 1000   93 2663 1827  496  477 1690 1247 1944   22  219  531 1997  971 1839 1856 1376 1920 1200 2461 2404 1344 2409  538 1823