 2151 1753 2153 2205 1815 2657 1454 1063  797 2739 2410 2103  216 1781   49 1145 1822  733  989 1744 1433 1554  565  732 2510 2625 2239  419  115 1734 1316  954 2279 2293  837  376 1229  499    9  596 1485 2820  691 2621  858 2597 1024  970 2110  887 1360  421 2584 2238
 2207 1186 2345   34 1825 2699 1671  964 1745  907  397 2080  864  202 2779 1507 2747  363 1354 2200 2396 1250 1764   83 1247 2209  542  265 2673  179  972 2719 1023 1684  630 2292  626  755  230  699 2656  317 2014 1481 2578 2491 2404 2220 1150 2050 1161  284 2232 1407
 2001  318  971 1872 2094  396 2751 2156 1964 1638 1990 1398 2600 1761   36  218    7 1979  715 2425 1373 1486 1929 1984 1601 1452 2502  398 2516 2038 1867  806 2836 1465 1191   18 1253  846 2391 2576 2745 1818  651  437 1159  461  435  865  423 2545  560 2742 1956  144
 2688  985  552 2438 2078 1901 1370 2023 1891  712 2025  354  635 1530 2574  164 2450 1515 1441 1174 1456 2139  729  953 2281 1108  181  939  834 2176  334 1769 1028 2620   46 2259 1270  625 1399 2518  903 1670 1361 1484 1501  338  502 2145 1763 2765 2508 2013 1414 1228
 1339 2914 2287 2912 2338 1076  675 1275  345 1774 1983 1212  458  721 2418 2065 1411 2713  249  391 1097 2277 2523 1434  269  702 1800 1672 2540 2557  190 2322 1297 1476 2720  990 1312 2402  571  101 1930  512 1446 1245  441  957  754 1743 2783  774 2700  244 1911  511
 1000 1785   86 2400 2052 2908 1453 1016   88 2406  919 2184 2435 1135 1835 1183 2054 1592 2652  195 1576 1315 1625  347 1118 1261 2842 2114 1050  150  636  476 2762 1634  291  680  556 2481  100 2161 2230 2189   25 2374  598 1939  223  241  798 2214 2122 2594 2534 2125
 2732 2280 1661 1428  896 1464   30  575 2163 1965  935 1177   48 1643 1451 2116  443 2190 1031 1994 2722  251 1846 1352  584  322 2671 1458 2664 1369 1060 2048 1566  726 1838 1226 1845 1308 1176  836 1493 2412 1128  479 2055 1527 2132 2553 1276 2493  290  956 1459 1416
  787 1232 2149  360  739 2390 2710 1044 1313 2655  974 1402 2271 1260  332 1140 2229 2118 2005 1291  109 1718  252 2215  616 2096 2833 1902  517 1506  977 2809  467 1192 1572  506 2027 2515 2904  664 2828 1636  604  608 2059 1285  460 2284 2099  993 1249 1887  539  430
  783 1651 1617 1831 2461 2561 2746 2106  294 1864 1137 1210 2880 2266 2242  621 2542  450 2718  570 1323  558  638 1709 1716  930 2288  473 1134 2367 1284  629 2505  309 1847 1915 2701  590 2020  662 1234 1696 1640 2029  642 1843 1699  936  563  518 1093 1904   28  786
 2517  382 1854 2866 2623 2733 2142 2162 2859 2223  845  669 1497  562  530 2324 1052 2443  352  746  634  261 2628 1969 2679 1535   64  355 1048 2539  236 2470   32 1723 1472  582  888 1909 1211 2498  178 2659 1116 1958  197  660 2100  482 1539 2305  425 2071 1132 1823
  140 1660   14  687 2393  551 2143  555 1731 1397  701 2336 2619  374  119 2874 1305  585 2565  531 2457 2021 2478 1836 1242 1251 2000  779 1599 1379 2213 1632  509 2097  632  353 2728  504 2562 2788  447 1477 2073 1081 1194 2448 1190 2644 1149   47  884 2709 1657 1419
  418  588  742 1627  372  337 1127 2458 1947 1071 1783  788   99 2010 1857  231 2630 2359 2256 2133 2881  240  995 2453 1004 1160  221 1045  453 2759 1091 2916 2734   82 2416  259  750 2150 2787  522 1780 1792 2521 1129 2487 1533  343  718  416 1117 1720 2871 1787 2794
 2827 1503 1968   51  278 1448  572 1019 1646 2477 2806 1685  306 1724  342  932 2891 1628  152 2357 2343  161 1432 1528   56  705 2392  959  892 1803 2137 2556 1401 2261 2219 1296 1029 2609  545 1558  681 2790  427  377 1565   37  577 2884 1624 1715 2570 1015 2499 1504
  300  724 2355 1083 2225 2262 1264 2672 1832  428  991 2186 1383 1009 2838  899 2753 2247 1626 2646  159  752 2278 1152  921  983   75  820 1240 2352 1077 2689 1136 1421 2748 1789  853 2413 1999  255 1518 1806  633  592  878 1498 1143 1099 2064 2612 1208  736 1693  444
 2774 2193 1295 2264 1652 1239 2456 2323 2501 1170  819 1906 2819  619  367 1796  645 1070 2703  268 1020  996 2381 2725  373  817  772 1967 2571  339  823 1350 2422    8  525 1814 1182 1221  247  784  794  167  170  303  749 2454 2714 1367 2786 2007 2898 2716 1267 1151
  365 1100  139 1227   31  319   43 1928 2832 1327 2641 2665  203 2364 2551  534  639  524  775 1082  474 2872 2411 2560  370  324 1406 1973 1569 1833 1706 1003  665 2192 2327 1158  494 2124 1538 1347 2089 2289 2147 2844   24  358 1916 2476  707 2216 1041 1793 2475 2749
 1343 2426 1225 1426  753 2494 2311 1333 1155  520 2258 2439  407 2218 1531   87 1007 2905  933 2527  586 1938  328  722 2317 2146 1728   19 2072 1903 2388  631 2366 1961  299 2421 1631  431  480  992 1883 1144 1570  667  885 2642  663  928 2870 1269 2419  186 2195  781
 2853  536 1886  390  611 1877 1841 2164 1124   20  526 1786 1272 1820 1894 1762  569 2708 2793   26  579 2876  546 2706 2717  948 2141  674 1277  950 1827 2032 1633 1604 1641 2816  684  237 2824 1959  233 1205 1899  498 1682  893  835  194 1926 1621 2226 1466  603 2349
  271 1759 2636  811 2805  301  980 2638 1543 2899 1412 2730   58  295 1922 1603  264  113  912 1674 1746 2897 2462   13 1700 1882 1062 2841 1619 2449 2909   11  384 2692  917  321 2206  671 1079 1931 2354   92 1639 2593 1907 2712  188 1027 1595  789  394 1142  826 2083
 1522 2811 2227 1084 2653 2902 1254 2512 1892 1974  304  362  873  275  804  258 1460 2760  110  628  594  958  533  208 1767  627  607  734 2483  713 2817 2107 2269  128 1740 1198 2079 2370 2910 1752 1292 2217 1945 2738 1146 1320 2582  725 2180  839 1587  610 1439  880
  654 1900 1919 2310 1178  527  529 1505 1770    2 1495  668  809 2860 2129  963  544 1017 1274 2843 1590 1038 2606 1204 1289 2604 2554 2187 2159 1824 1346  292 1987  313 2668 2862  751  378 1542 1293  168 1358 2634 1095 2583 2886  978 1802 1189 1123 1534   21  532 1473
 2003  644  812 1837  177 2378 1489 2303 2009 1179 1923 2081 1702  670 1085 1120  154  492  246 2066 2036 1610 2693   94 2736  432  966  141 1302  127 2420 2428  874 2831 1863  282 1328 2873  404  856 1500 1510 2304 1642 1321 2119 1564  938 1645 2879 1193 2362  515 2601
  183 1649  426 1797  743 2250  686  157   97 2377 1669 1828 2536 1768 2436   50  614  703 2883 1694  690   93 2635 2548 2252 1655  737 2342 1468 2507  891   69  147 2130 2867 1870 2086 1553  550  462 1216 2246  402 2249  356 2892 2442  158 1303  659 2581 2466 1400 2291
 2386 1790   80  145 2685 1719  857 1462 2035  242  521  860 1318 1349 2599 2616  350 1756  285 2814 1508 1663 1273 2882 2423 1578 1551 1662  926 2455 1390 2087  286 2486 1598 2813 2053 2726 2569 1620  118  138 1544  934  872  913   76 1345 1011  591  574 2815 1167 1243
  543  287 1972 1658 2537  850  310 1812 2617 2513  692 1237  870 1733 1810 1286 1375 1487 1214  801 2484 1754 1025  943 2387 2240 1348 2437  483 2263  831 1386 1784  454 2702 1457 2331 2060 1849  984 1748   40 2101  711 2626 2260 1596 1946 1897  314  173   66  554 1921
 1206 1848 1054 1051  708  877 2645  413 1418 1584 1775  717 1172  456 1435 1266  905 1839 2429  656 1860  505 1479  776 1233 2624  422 2845  289  478 1559 2535  694 1757 1605 1703 1180 2112 1517 2529 2375 1408 2365 2822  748  224 2613   77  351 1032 2777 2196 1917 2698
  470  465 2847  902 2033 2855 1609   72 1113 2764  655  833 1741 1966 1455 1732 1430 1918 1494 2339 1524  497 1618  399  420 1209 2085  840  657 2433  869 2037 2651  155 1852  589 1404 1101 2380 2063  863  649 1567  135 2363 2566 2199 1675   29 2368  770 2319 1667 2113
 2563 1712   89  414  507 1602 1777 1304 1582 1133 1139  302 1147 2407 2318 1427 2589  406 1878 2300 2385 1637  710  764 2687  648 2231 2333  568  617 1758 2181  315 1791  576 1875 2154  238  906  866 1121 2255 2236 1739 2330 2913 1710 1995 2851 2046  311  196  122 1098
 1188 1804 1461 2398  359 2294  881  666  814 2069  566 1924 2128 2715  316 2894 2541 2895 2158  740 2282  605  114 2257    4 2754 1606 1936 2062  929 1241  606 2047 1166 1579 1362 1689 1480 1089  489 1513 1656  658  172 1773 1799 2907    3 2346 1701  890  171 2611  451
  641 1061 1807 1162  578  807 2544 2382 1290 2061 1648 1574 2795 1577 1688  693 1325 2598 1588 1420 1449 1104 1092 2120 2615 1090   45 1499 2704  688 1046  997   90 1057 1714 2865 1943  220  198 1201 1332 1376 1257  738 2208 2773 2608 2532  844 1742 1008  329 1607 1429
 2358  695  780 1168 1908  280 2622  868 1519 1126 2587   53  647   27  486 2643 1300 1681  433 1287 1986 2740 1424 1490 2098  637 2135 2519 2854 2432 1440 1589  440  969 1231  403 2178 2595 2839  210  124  709 2092 1319 1200 2376 2796 2878 2198  323 1927   79  825 1236
 1156 1594  463 1676 2473 2188 1888  678 2299  215 1997  392 2235 1730 1475 2661   91 1856  723  528 2350 1885  898 1996 2075 1747  257 2497  191  523 1749 2302  276 1722 1224 1548  909 1288   22 2019 2896 2590 2691  510  267 2802 2500 1258 1488  813 2840 1583  279  446
 1859 1069 1317 1415 1668 1868 2568 2015 1687 2169 2752  871 1597  882  187 1086 2244  955 1278 2893  442  768  643 1329  855  469 1087 2177  248 1310 1068  805 1963 1334  922 2538 1913 2165  405 1725 1600 1033 2384 1819  719 2024  165 2890 2825 2237  409 2427 1545  136
 1055 2452 1309  120  622 1096  583 1047 1861 2618  217  126  941 2887 1550 1629 2669  201 2678  274 1821 1912  131 1423 2102  838 2763  952 1324  325 2770 1163 1889  176 2286 1952  348  540 1298 1337 2681 2312 2228 1340 2782  250 1683  169 1808 1865  998 2276 2837 2245
  861  229 2347  132  962  156  206 1795 1766 1005 2650 1088 2680 1738  475 1932 2394   17  548 2017  344 1437 2780 2901 1215 2409  697  112  741  214 2911 1704 2572 1299  735  361 1813  368 2915 2654 2039  211 2766 1377 2372 2332 1593 1471  429  297 2012 1169 2743 2768
  445 2157 2296  239 1356  137  640 1203 1065 2444 1940  716 2004 1064  557 1944   65 2707 1122 2903 2797 1951 1381  535 2464 1816 2298 2490 2174  876  549 1608 1949  213 1866  349 1695 1615 1707 1853 2326 1371   60   98 1282 1130 2547  700 2403 1555 1271 1809  744 2273
  895 1573 2290  698 2088 2835 2888  516 1036 2750  923 2253 1727 2131 1521  816 1322  815  485  270 2361 2798 1357  968   84  491 2314 2605 2480 2328  769 1042 1447 1026  121 2070 1222 1013  455 1881  587   59  842 1483 2520  762  488 2489 1937 2401 1394 1106 2602 1425
  937 2789 2610 2160 1941  832  146  277   33 1119 2724  383  503  393 1962 2863 2451 1311 2415 1496 2496 1012  262  193 2301  438 1196  175 1202  143 1991  326 2580 1850  765 1561 2371  720 2761  900  567 1805 1073 2776 2755  810 1614 2559  981 2741  854 2191 1378 2067
 2341  925  471 2549  273  331  134 1654  226  162  696 1409 2167  829 1037 1644 2767 1776  759  944 1771 2028 1982 1750 2514 2711 1873 2353 2804 1920 1115 1181 1611 1372 2677 1364 1066  942 1692 2126 1223 2848 1436 1726 2821  704 2329 1138 1385  424 1030   71 1478  200
 2482 2445 2506  599 1560  601 1220 1844  867  541 1491 2446  333 1933 1018  296 1355 1935  706 2373  728  400 2627  133  192 2335 1801 1171 2744 2543 2173 2202  676 2166 1842 2082 2084 1281 1794 1765 2241  802 1729 1547 1463  685 1336 2775  142 1405 1470  673  410  791
 1094 2579 1772 2434  468  375  600  982  189  803 2731  493 2030 1890  234 2175 2607 1244 1862 2531 1855 2431 1659  756  843 1989 2369 2686  204 2321  910 1330 2140 1469  679 1511  320 1207  457 1039 1280 1074 1374 2792  862  174 1444 2152  298  387 1109 2826 2834 2885
 1905 1248 1107 2051  385  771 2530 1294 2074   42 2479 1474  412 1268 2648  808  624  312 2417  580  459 1175 2320 2471  653 2492  683 1653  793 2781  487  537 2171 1516 1105  757  102 1389 2077 2045 2737 2778 1811 2204  245 1840  758 1998 2041 1049  260 2662 2868 1413
 2108 2465 2006  184 2043 1623 2440 2121  538  646 1246 1067 1131 2640 1307 1335  335  553 1520 1058   41   38  986 2127 1880 1970  851 1185  160 1217 2695  116 2224 1993  381 2818  130 2168 2136 1529 1680 2658 2485 1536 2869  464  227 1691  308 1788 1876 2697 1125 2344
 1388  947 2182  940 2034  618 2522  369 1977  747  822  199  519  263 2550 2042 2459  976  388 1713 2058 1942 2194 1678  821 2900 2800 2379 1737 1523 1721  283  272  889 2772 1153 1279 2018  602 2564  327 2663 1525 2526  495   78 2791 1256  411  790 1512 1157 1283 2705
 2399  163  180  111 1387  778 2315 1384 1960 1580  848 2637 1351  652 2721 1184 1263 1255  677  761  672  481 1195  595  205 2694  849 1858 2660  573 2799 1898 2846 2104 2424 2528 1391 2555 1213 2756 1219 1368  782 2639 1830  767  466 1450 2057  777 1666 1173 2179  484
 1851  389 2585 1697 1736 1110 2265 2463  597 1760  149 1686 1817   10 2144  166  620 1359 2723 1879 2573 2631  581 1006 2592 1199   16 1622 1677 1365 1035 1537  920 2275 1366 1021 1575 2040 2016  434 1826 1103  490  859 1259 1992 1869 1581 1148 2105 1698 1985  185 2172
  123 2316 2676  307 2430  288 1010 2360 1341  714 1834 2807  219 2233 1218  961 2307 1442 1445 1552 1630  232 1647  975 1164  915 2812 2696  988 1238 1735  960 2769 1363 1492  336  730 1262 1252  346 1971  994   54 1650 2849 1331 1314 2629 2044  911 1955 2829 1664  439
  564  129 2297 2340  449  106  501 1112 2758  547  609 2603 2251 2591 1482 1751  125  235 1884  514 1896 2447 2588 2729 1586   12  561 2095 2823  371 2022 2666  904   96 2197 1571  800 2552 1679 2270 1417  386 2575  879  847  266 2408 1557 1635 2735 1953  914  253 2221
  613 2906 2785 2858 2830 1410   35  225  395 1895 2243 2864 2414 1034 1053 2011 1438 2850 2397   70 1665 2586 1396 1072 1326  151   68  107 2268 1616 1755  799 1338 2306  973 2031 2405  824 2877 2201 1514  103  408 2111 1910  105  153 2285  830 1948 1509  256  792  745
 2546  254  117 2667 1393 2469 1980  108  612 2117 1059    5 1778 2684 1914 1874 2889 2248 2474 1431   74 2632   52  894 1526  330 2183 1591  965  366 2389 2395 1078 2801 1976 2334 2803 2441  182 2090  615   44 1871 1954 2460  883  212  222  357  401 2674 2222  500  623
 2525 1782  228 2875    1 1562 2558 2533 1306 1978 2351 2210 2675  731  785 2682  293 1014 1043 1443 1540 1690  763 2524  945 1114 1957  931  946   62 2068 1197 1080 2115  148 2274 2002 2203 2596 2633 2267  593  364 1342  979  281 2283 1502 2008 2049   57  796  852   23
 1075  795  918 2234  987 2254 1395  841 1154 1711 2670 1187 2808 2488  818 2577  104  916 1934 2468 1613 2649 2295 2383 2093 2495 1585 1002 2056 2348 1235 1798  949 1301  415  661  727 1102 1546  209  513 1467 2076 1717  773 2091 2614   73 1056  207 2170   15 1541  650
  472 2647  436 1779  999 1893  496 2683 2784 1925  927 2757 2211 2690 2472 1988 1981 2313  341 1950   61  828 1705 1353 1532 1829   81  951    6 1392   95   85  908 2356 1344 2026 2511  243 1141 2134 1380 2771 2109 2272  448  417  380   63 1708 2155 2467 2503 1382  379
 2852 1265  452 2856 2567 2504  897 2325 2308   55  875 2337 2148  901 1403 2185 2309  682 2727 1549  760 1040  305 2810  559 2861 1612  924 1230 1556   67  689 1568  340  886 1563 2123  827 1111  477 1022 1673  766  508  967 2857 2212 1001 1975 1165 1422   39 2138 2509