  102 1122 1663  179  361 1935  114 2601  945 1494 1168  917 2854 1441 2488 1379 2634 2676  816  532  272 2969 2195 1629 1399   54  425 1757  327  110  937 2908 2133 2614 2258 2311 2536 1306  627 1703 2431 1467 2295 1145 2761  479   73 1998 1378  628 2367 2742 1894 1319 2347
 2857   56 1553  662 1439 1125 2209  273  598 2636  338 1508 1720 2122  405 1355  339 1479 1012 2189 1813  238  951 1083 1070 2965 1389 2105 2793 2963  810  768  459 2329 2313  569  745 1291 2540  516 1436 2007 2712  771 1836 1947 2323 2137  973 1506 1984 2677 2230 2940  151
  496 1835 2041 1959 1221  886 2513  993 1303 1253 2165 1061 2878  108 1055 1248 2062 2939  758  616 2837 1187  342  696 2873 1493 2686 1279 1560  909 2384 1816 2666 1048  277  427  431 1294  786  371  769 1957 1704  680  987  194 2399 2459 2906 2603 1933 1043 1170 3021 2638
 1584  807 2053 1235 2023 1995 1298 1166 1652 1921 2583 2725 1181 1761  547 2482 2391  330 1887 1491 1284 2084 2565 1085  965 1186 2353 2086  237 2553   52 1361  981 1040 2641  715  983 2330 2621  452 2588  881 1885  725 1945  653  411  495  492 1837 1490 1977 2667  543 1940
 2143 2610 3002 2948  537  767 2118 1685  265 2495 2031 1585 1176 2624 1718 1570 1748 1456 2336  895  573 1189  856 1249 1498   90  879 2772  421 2743 2826  337  874 1589  220 2095  595  447 1892 2208 2870 2091 1588 2476  687  826 2285  619 1546 2301  710  367 1208 1185 1394
  976 2780   11  626   38  245  738 2927 2229  241 2021 2498 1994 2849 2609  115  359  450  841  474 1076 1679 1877 1928 1445 2635 2554 1565 2358  588 2207 2886 2809 1197 1024  229  529 2599 1251 1951 2028  413 1932 2360  839 1545 2286 2374 1811  111 2082 1154 2099 1692 1081
 1320 2355 2619 2693 1895  350  526   48 2912 2170  676  314  873  666  261 2058 2504 3014 2272 2758 1049  133 2729 2829  148  823  796   26 2494 2315 1820 2222 2246  276 2288 2269 2260 1864 1907 1735  412 1823 2877 1276  368  113  804  186 2398 2424  549 1936 2381  393  762
  303 2361 1470 2879  363 1855 1918 1722 2884 1275   95 2070 2056  163  905 1526 2691 1296  703  442 2537 1193 1924  231 2980  846 1006  316 1976  520 2600  651 2136  419 3012 1987  472 1500  247 1270 2306  988 2649 1278 2250 1036 2776 1035  235 1711 2468 1110 2556 1450 2567
  793  684 1009 1011  131  141 1018  985  501 2767 2491 2472  106 2340 1586 2181  167 2741 2382 1839  843 2126  708 1305 2897  499 1242 2145  541 2850 1432  749 2814 1873  591 2648  455  721  212 1638 2135  669 2922 2960 2933  756 2045 2345 1744 1576  386  587 1172 2585 2766
  576  305 1884 1454  291 2123  766 1511 2770  392 1697  463  645  449 1830 2652  560  911  901  618 2027 2905 2587 1856 2947 2256 1593 1681 1229 2134 1812 2998 1934  439  302 1419 1767 2092 2292 2532  647  777 2244  960  732 2098 2119 2455 1163  870 2297 2773  266 1151 1063
 1339 1769 2753  124  164  934 2903 2662  440 2349 1297  428 2910 1777 1020  249 2692 1909 2132  240  955  546  613 2175  394 2976 2226  802  536 3025 2341 2320  969  134 2366 2333  207  144 2046 1696 1969 1159 2651 2790 3007 2640  741 1459  418 1411  260   40 2151  978 2646
 2899 2029 2079   51 2970 2120 2172  444 2419 1482  718  224    5  378 1263 2932 2004  912  259  420 2551 1656  642 3022 1581 2369  341 2977  554 1660 1725 1058 1881 1982 1240 2650  674 2480 2026 2148  287  779  232 2674 1127 2982 1842 1601 1318 1100 2533  887  597 1401  858
 1417 2243  596 1794 2920 1721  178 2489 2352   69 1739 1215  959 2991 1492 2115 2736 1531 2591 1364 1293  306  254  307  518  142    2 1234  402 1838 1328 2346  171 1254 1149 1369 2608  352 2265 1834 2517 1727  944 2106 2821 1978 2325 1831 1008  698 2539 2514 2598  621 1504
 2061  256 1448  118 1603 1908  956 2550  641 1791 1407  888 2283 1753 2769  640  863 2797  819 1963 1653 2576 2100 1453   74  593  840 1726 2863 2309 1683 1709   24 1347 2354  521 2831 1863 1523   87 2722 2225 1826  445  875 1135 1359 2962  145 2252 2566  849   46 1236 2929
  590 2359 1807  279 2589   99 2436 1833  992  722 2735 2443 2078   15 1418 1205 1926  535  333 1057 2683  717 2689 2497 2462 2525 1871 2002 1059 1477  734  482 2415 2702  149 1695  678 2211 2150 1594  286 1033 1705  862  880  592 1785  948  500 2238 2707 2338  263 2633 2202
  374 2237 1117 2310  285 1765  553  130  812 1203 1039  467  525 2985  510   71  855 3000 2351  915 1089 2586  695 1874 2681 1343 1715 1865 2423 2538 2075 1661  100 2564  690 2074 1799 1755 2575   86 2971 2408 2266 2153  946 1406 1192 1330 2697  284 1534 1218  345 2047 2726
 2582 2432 2451 1673 1633 2403  366 1694 2152  236 3008  121   81 3010  233  936 1107 1019 2394 2009  681  175  931 1582 1097 1442  926 2034 2111 2316  243  323  105 1843 1164 1650 2400  918   82 2804 2068 2563 1668  797  961 1383   10 2375 1476 2891 2945 2898 1750 1209 1854
 2531  453  747  438 2571 2627  524 2833 3005 2964 2344   58 2555  328 1786  202 2534 1004 2818 2918 1564 2407 1904 1896 1300  859 1571  357  248 1069  311 2888  949  456  373  994 1260 2280  205 2179 1999 1960  742 1554 2039 1034  728  610 2721 1745  517 2720 1779 1828  929
 1858 2114  652 1667 1591  461 1010 2896 2454  825 1139   57 2437 2813  326 2862 1901  426 1119 1524 1134  709  731  775  401  275  692 2380 2065 2493  614 1548  488 1664 3006 2779  659  491 1244 2268 2008 2664   59 2060  778 1824 2483 1363 2705 2240 2629  815 2584 1346 1109
  385  246 2938  465 1609 2138 2855 2798  170 2709  403 2501   72 1729 2680 1430 1869 2778 1903  834 1867 1245 2752  583 1547 2185 2022 1136 2201  319   68  315 2012  538 2264  422 1713   61 1368 1434  396 3009 1118  712 2738  783 2732  611  624 1536   76 2444 2471 2467 2934
 2334 2015 2466 1082 1943 1910  693 1662   53 1989 1818 2519 2164 2950 3019 1993 1471  683 1475 1938 2020  739 2284 1194 2901 3018 2527 1424    6 2048  565 1474 1671  892   27 1086 2479  997 2848  117  848 1216   93  153  470 1461 1022 2794 2671  346 1421  950  457 2154  665
 2830  227  770 2845  477 2076 1499   29 1274 2749 1171 1348 1731 2251  324 1795 1572 1496 1165 2220  776 2792   49  774 2656 1852  584 2087  789 1539 1939  298  631 1225  262 2442 2618 1840  860  821 1226 1104 1552 2974 1764 2305 1891  469 2319 2717 1338  632 2435 1350 2456
  711  406 2147 1435 1985 1349  165 1861  300  430 1771 2278 2957 1026 1099 1886 1751  443 2402 1766 2248 2529 2801 1675 1073 1068  829 3003 1126  638 1774 1724  160 2291 2765  817   92 2500  939 1427  544 2822 2764  493  398 2880 1688  299 2574 1393 1220  563 2307 2200 1423
 2515  620  448 2373 1360 1937 1817  694 1972 2364  109 1112  424  505 2856 2139 1452 1889 2190 2594 1800 2568 2453 1917 1740 2093  382 2441 1566 1614  511 2199  530 1897 2080  116 1469 1091 2213 1114 2446  791 1420   25 2522  234 2236 2544  617 1191  174 1540  925 1808 1578
 2117 1966 1608 1991 1102 1967 1550 1607 2064 1719 2606  882 1684 1883 2675  999 1913   98  736 1634 1416 2663 1848  989  706 1962 2287  370  390 2925 2228  921 1841 2843  582 1543 1183 2699 1446 2445 2141  150 1641  799  269  822 1044 1312 1199 1332 2928  250 1309 1912   19
  515  189 1031 2059 2806 2958 2357  935 1716 2484 1674  798 2158  740  899 2390 1077 1616  704 2909 1404  808  612 2239 1277 1772 1147 1131 1403 2176  190 2834 1087  230 2224 1521 2993 2978 1509 3023 1267 2299 2508 1512 1121  462 1670 1025 1525  379  506  216 1250 2799  103
  933 2859 2688 1201 1144 2695 2840  258 1628 1396 2516 2966 1964 2796 2001  391  410 1333 2470  773 2815 2328  567 1113   96  801 2387    4 2049  650  730  416 1801  271 1377 2852 2448  187  161  414 2180 1331 2327 2704 2865 2110  127 2739  977  487 1214 1324 1412  787 1902
  561 1596 1710  633 3004 1627 1443 1282 2010  348 2816 2823 2035 2665 1821 2318  335 2661 2698 1590 1067 2474   55  869 2157 2469 2055 1728  792  898 1658 2383  854 1507 2988  658 1849 2081   78 2356  369 2262 1079  735 1733  192 1023 1472  691 1760  760 1262 2032  764  129
 1239 2750 2040 2788  388  332 2696 1486 2817  380  551 1501 2595 2492 2094 2931  724  318 2825  423 2298   16 2808  407  743 1665 1288 2569 2590 1717 1238   66 2127  193 2755  751 2289  255 2746 2273 1402  667  195  897 1140 1714  753  545 1264 1954 2088  655 1397 1538 2842
 2503  143 2101 2611 1680 2393  902 2622  900 2660  958 2057 1141 1768 1637   32 1485 3013 1142 1437   39  119 1066 1219 2542 1776 2275  673 1562  478 2221 2548 1790  679  847 1155 2499 2682 1642  982  686 2178  432 2727 1617 2458 2955 2218  962  729  354 1003 2167  180  570
 1974  795  964 2657  468  120   75 2883  282 1030 2987 2630 2543 1746 2944  952 1621  376 1574  441 1375 2184 2572 1190 1782 2131 2713 2670 2791 1138 2096  137   20 1143  996  434 2654  689 2596 1440 1323  913 1146 1796 2177 2321 1103  372 2887 1832  630 2378 1258 1093  173
 2205  957 2463 1042 1180 1094 1376 1395 1651 1851 1518 1092  668 2935 1876  609  938 2465  252  750 1345  726 1137 2245 1014 2890   12  278 1955 1247 2161  132 2984 2428 2528 2363  223  579 2949 3016  297 1890 2194 1513 2481   94 1457  602 2700 1162 1206 2173 2290 1952  675
 2104 2395  635 2038 2405 1455 2868 1228 2409 1269 2737 1388 2412   35 2562  548  377 2973 1610 2160 1310    7 1778 1381 2951 1689  861   28 2745 1949 2714 1868  919 1133  353 2885   91  752 1064  857  257 1431  953 2740 1996  451  356 2509 1335 1071  723 2871 2212 1128  239
 2644 1188 1237 2368 2757 1152   22 1344 1285 1693  211 2054 1850  128  365  660  213  270 2392 2343 1919 1371  784   42  782 1866 2782 2846 2263  559 1948 2902 1090 2625 2379 1016 2017 2786 1207 2496  340 1392 2926  556  460 1198 1844  714 2579  177 1792 2867 1370  657 2487
 2191 2447 2418 2371  138 1272  507  746  963   34  903  436  830 1386 1002 2389   21 2557   33 2450 1075 2231 1286 1599  155 2303  885  688 1986  222 1749 1990 1787 2547 1611 2659  733 2102  274 2882 2894 2986 1747 2030 2326 1882  158 2723 2234 1942 1579 1480  928  868 1580
 2694 2460 1224 2277 1265  883  975 2214 2067   50  574 2337 1408  201 2921  334  615  331  682 1920 1460  644 2558 2203  475   64 2812 1946 1227  942 1783  914  842  697 1644 1893 1321 2016 2946 2716  204 1295 1182 1654  509 1618 2197 2464 1415 2760 2477 2936 1158 2560  251
 1533  908 1230 1000  803 1366 2623 2990 2923 2013  355 2639 1997  891 2847 2989 1862  301 1763 1686 1268 1872 2872 2434  200 1900 2860 1756 2052 1246  253 1444 2771  454  643 1691  415 1391  176 2188 1433 1516 1802  866  503 2296 1367  329 1266 1643   88 1730 2210  466 1095
 2073  162  198 1587 2747 2227 2561 2805  878 1647 2187 1702  702 1825 1007  289  785  636 1522 1074  321 1528 2314 1021 1052 1314 2578 2348  851 2420 1426  112  850 1770 1195   89 2604  980 1784 2730 1600 2759 1422  800   83 2406 1027 1632  244 1762 2768 2983  852 2810 2166
  209 1875 1979   37 1447 2844 2121 2789 2643 2411 1326 1514 1358 1923  344 2733 1567 2077 2332  972  603 2083 1631 2485 1645 1078 1352 2781  146  685 1337 1622  196 2828  876 1798 1341 2386 1819  904  169 1281  228  907 1451 2024  794 1017 1301 2397 2734 1307 1053 1602  853
 2593 1283 2247 1325 2763 2063  308 1259  986 1046 2616  605 1080  820 1615 1690 2979 2549  663  290  871 1212 1556  183 2996 2257 2512 2914  649  364  932 1741 2174  600  941 2762 2241 2271  225 2631 2255  534 1914 2827   67 1466  606 2005 1357  670 2546 2219  865  473  599
 1156 1905  974 2155 2751  759 1983 1153 1806 1317  542 2999  512  571 2324  476 2718  580 1657 2580  480 1200 2748  497 2708  226 2530 1515 2941 2003  215 1870 2895  395   41 2014 2864  968 1708  400 1557 1385  780 1481 2615  719 1299 1129 2783  927 2109  589 2129 2196  381
 2820  562 1847 1797  552 1803 1351 2526 2710 2685 2449 1742 1462  828   80 2520 2981 2486 1604  458 1311  654  557 2232  182 1473  744 1488 1968 2959 1906  827 2440 2317 1478  288 1308 1322 1497  877  966  648 1204 1559  168 2404 1845 2249 1334 1041 2678  397   43 2861  727
  384 2684 1971  107 2149  637 2728  575   70  629  646 2473 1829 2396 2192 2626 2090 1953 1177 2811 2876 1428  772 2744  788 1707 2156 1530 2294  623  104 2274 1517 2490  152 2128 2085 1372  126  139  214 1931 2617 2125 1860 1754  757  765 1561 2942  671  754   13 1613 2206
   60 2620  294 1758 2658 1400 1898   14 1261 1814  358  564 1899 2524 1944  818  748  446  998 2072 2142 2193 1788  404  383 1555 1743  586  699  845 2421  604 2372 2036 1734 2637 2267 2545 2559 1922  705  166 1929 2711 2388 2439 1289  498 1529 1329  910 2276 1635 1659 2169
 1965 2417 1549 1975 1981 2874 1527  409 2535 1179 1700 1157 1781  761 1568 2679 2541 1223 1927 2904 2215  317  312 1292  837  979  360  519 1353 1623 1537  930 2416 1169  889  296  399  304 1625 1167  264  389  720 2669 2774 1672 2841  292 2597 2800  585 1775 1592 2930 2124
  181  156  893 2570  831 1150 1120  485  502  281 1050 1669 1231  639 2461 2756 1502 1505 1640 2577 2331  490 2308 2502 2785  947 1001  806 1233 1624 2975 1015 1184 2602  924 1827 1463 1374 1211 1342 2972 1438  408 1636  555 2647 2628  322 2475 2924 1980 1111 1410 1398 2168
  325 2006 1148  568  123 2655 2427  527    3 2521  464 3024  672 1210 2376 2413 1595 2108 1605 2858 2511 2097  763 2672  943 2952 1484  832  906 1487 1178 2300 2025 2892 2505  805 1243  522 2824  336 2235  700  984 2335  101  867 2183 1597 1809 1510 1116 1458  922  433 1060
 2281 2836 2171 1032  191 1520 1846 2217  656  572 2552 2853 1678 1648  707  351 1313 1619  429 1583 1173 1958 1101  701  242 2112  221 1880  484  523 2992 1290 2270 2000  920   84 1973 2414 2754  147 1915 2422 1888 1701 3011 2159 1084 2071 2900 2342  970  528 1676 1051  203
 2186 1465    1 1273 2592 1196 2506   45 2223  208 1217  737 1037 1362  677 2807 2889  219 1780  295 2116 2784  995 1425 2370 2011 1038 1336 1382  533 2953 2019 2819 1698 2915  872 2913 2911 2204  157  813  835    8 2642 2943 2259 1132 1354  622  125 1732 1280   17 1878 1409
 1106  483 2401 1630 1859  280 2917  135 1468 2961 1257 1213  838 2653  991 1956 1054   36  217 1373 1879 2967 2107  864 3020 1174  184  601 2802 1108 1699 1390 1577  362 2787 2302   62 1271 1088  894 2113 2037  206  136 2632 2429 2607  916 1356 2425  267 2452 2832 1464 2377
  577  437 2875  435 2997 1687  809 1773 2261 2198 2043 1723 2701 1175 1639 2839    9 1992  210 1340 1005 2350  833 2044 1535 1316 1544  347 1738 1558 1626 1569 2130 2163 2182 1056 1950 1606 1013  811 1287  508 1712 1256   77 1752 2322 1789  481 1072 2612  185 2706  343 3017
 1551 2668  814 2881 2242 1620 1062 2687 2312 2581  387  566  594 1098  197  159 1503 1519 2719  539 1222 1793 2994 2362  716   30 2995 1759 1815 2478  320 2293  971 2144 1405 1736  199   79 2457 1575 2433 1123 2103 1105 2916  790 2050 2869 1646 1130   63 1115 1387  283 1160
 2216  140  531 2613  607  967 1677  755  309 1941 1495 2510 1124 2304  494  661 2140 2018 1612 1241 1096  471 1384 2954 2089 1365 1489 1911 2956  417 2838 2919  954 2426 2066 2518 2282 1028  188 3015 2233  664 1302   97  634  558 2069 1857  310 2339 1065  836 2254 1315 1961
 1541 2893   31 2051 1988 2835 1232 1655 1045  781 2851  349  489  713 1429  504 1573 1255 1810 1970  844 2507  581 1483 2673  540  824 1252  513  313 2703  154 1532  550 2033 1161 2162 1853 2042 1413 1916 2775  268  890 2907 2253 1029 2605 1414  625 2731 1666 2438 2523 1047
 1202 1649  218   85 1598  514 1563 1930 1737  990 1706  940 2279   65 1327  375 1449 2968 2573 2146 2803  486  896 1805 2724 1304 2645  923 2795 2937  293 2690 1822 2410 2430 1804  884 2385  578 1682 2866 2777 1542 1380  172 2715   44 1925   23   18  608 2365   47  122 3001