 1365 1299   35 3050 1741 1465  462  138 2087 2308 2995 1051 1561  472  176 1306 3104 2331 1193 1121 2148  918 2767 1334 1643  839 1260 2292 1205 2548  671 1670 1078  409  747 1742 3027  220 1722   88 1630 2271 2027 1192 1178 2114 2309 2505 1574 2915  903  115 2638 3131 1662 2084
 2788 1124 1111 1355 2946  186 2522 1421  871 1346 1016 1796   48 2483  761  464 1883   83 1422 2657 1482 1041 1826 2374 2693 2837 2842  955  870  866 1929  359 1154 1307 3113 1876 1459 1871  313 2823 2623  125 1058 2983  406 1356 1151 1502  530 1623 2170  652 3056 2151 3009 1168
   50 2845 2185 2511 1949 2044  598  982  834  130 2676 1906 2161 2318  985 2207  582 1055 1523 2147 1039  216  857 2825 2997 1392 2576 1702 1386  725  928 1951 2610 2307  153 2962 1486  579 3089 1677  469 2305 1893 1263  334 1180  523  912  631 2709  613 3018 2322  882 1019 2618
  931 1172 1428  905  634  385  606  393   30 2560 1060 1235 3098    1 1493 2296 1136 2144  317 2257 2803 1739 1869 3055  488 2249 1803 3111 1374 2240 1057  642 3074 1899 2858  569 1497 2684 2569 3017 2422 1233 1932 2553 2614 1303 1711  204 2673 2504  929  135  139  163 1898  745
 1790  181 1629 2672 3046 2093 1547  595 2062 3057  828 1501 1565 2196 2188 2382 2965  213 2987  620  156 2752 2485 2765 1204  132 1285  319 2088 1666 2895 2579 2015 2403 2426 3035  327   78  817  970  278 2870 2184 3069   61  735 2893  964  479  689 2342 1296  210  235  535  482
 2921  113  182 2480 1385 2871 1308 2230 1852  485 1279   45 3087  195 1661 2346 2519 1545 2209 1138  415  806  739 2332 1664 2105  330 2439 1810  486  622 2986  380  468 1627 2567  909 1751 2922 1206 3122 2349 1594  102 2302 1824 1391 2786  241 1604 1495 1908 1816 2805 1361  721
 2855  795 1822 1756 1070  474 1025 1943 1657  395 2494 1770 2020 2081 1655 2630  555  855 2324  162 2865 1912 2496  984  269 2746 1449    7 1100 1867 2650  751 2686   37 1267  914  623 3095  302  537 2882 2163 2319 1277 1171 3135 1761  690   71 1454 1034 1593 2541 2798 1071 2981
 2950  545 2445 2010  133 1958  796 1986 1004  328 2936 1648 2647 2738 2359 1444 1639  386 2373 2255 1597  786 2166   21  626 2032  492  640  565 2585 1298 2186  123  574 2077 2459  889 2493 2566 1586 1634 2605 3081 1815 2520  754  869  917 2996 1644  293  117 1590 3030  286 1344
 3008 2737 2137 1466  831 1207 2668 2397 2155 1327 2130 2649 2247 1201  927 1425 1994  214 2747 2083 2561 2696  858 2558 2149 1688 1377  887 1558 1281  198 1491  364 2079 2234 2961 1731   39  710 1557  760  206  629  396 1128 2064 2174 1015 1082 2141  681 2769 1014  258 2262  730
  383  248 1793  653  527 1999 2237 1304 2089 2732 1345  697 2804 2356 1269  331  580 2219 1064 1519 2133  885 3010 1582  425  624 1892   65 1441 1694 2418 1935 1379 1088 1309  522 3116 2472 2350 2775 1362  845  977 2282 2476 2574  750 1972 2231 1241 1066 1402 2751 1969  471 2203
  268 2101  510 2956 2012 2726 2454 1412  291 2645 2238 2179 1052   94 2492 1363 2434 1551  237  877 1225 2603  810 2232 2661 1902 1602 2806  923  107  649 2139 2239   96  607 1440 2970 2013  290 2034  325  950 1496 1028  997  392 2253 2479 1567 1038 1472 2653 1635 3073 2097 1141
 1282 2400  347  636 2545 2315  938 1349 1484 1135  260 3058 2115 2670 1699 2371  861   66  342 1528 2259  432  862 2447 2313  306 1737 1715 2041 2940 2277 2393 1983 2007 1851 1989 2602 1210 3117  665    9  880 1256 1287 1297 2555 1229  562  752  778 2977 1745  764 2518  189 2491
  744 1042  571   90  687  254  281  922 2951  661 1658  567  299 1244 2707  369 1443 2490  698 1806 2338 1430 2901 2204 2993 2110 1755 2417 2622 2038 1109  460 2452  321  228 2691 1067 1213 1286 1880 2635 2112  951 2903 2538 2108 3006  647 1424  353 1762 3049 1050 1458 2608 2233
 2595 2643  255 1698 1442 2955 2827 1709  398 2432 2198 2488 1252 2675 2537 3013 2328  470 2481  422  165 2749 1407  109  391 1140  973  742 2345  412 2225 2979 1487 2256 1874  894 1734 1259  667 2495 2724 1076  146  942 1228 3028 2917 1706  487 2763 1295   49  208  373 1697   76
 2757  767  921 1198 1758  279 1647 1526 1029 3120 1848  560 1474 1981 1691 1754 1222  916 2778    4 1549  236 1979   41  748  980 1844 2703  355 2217 2510 2694 2175 1197 2024 1700 1967 2224 1153 2049  924 1059  720 2363 1074 2762 3134  505 3043 2370 1274 1393 1150 1578 2899   13
 1186  145 1732  118 2598 1159 2658 2711 1865 1791 1624 2329 2098 1792   38 1212 2705 2352 2914 2919 1333 1293  440 1321  148 2982 1768 2699  157 2539  401 1162 1767 1027 2353  227 2975 1330 2341 2453 1531  367 2636  808  979 1577  879 2381 1988 1498 1250 3129  167  104  706 1174
  490 1473 2952  578 1728 1095  589 2306 1311 1464 2099 2868 1554  802 2728 1907  240 2076 2859 1335 2872 2588 1563 1247 1696  682 2586 1008 1723  632 2122   15 1522  349 3094  461  190 1017 2674 2704  384 2633 1112  600  282 1833 2420 3054 2663 1622 3014    5 1864 1216  641 1294
 2594 1571 2563 2740 2216 1239 2120 2506  988   17 1819 1525 2126  120 1799 1977 3092  427 1399 1842  884 2999 1521 1094 1506  770 2710  662  379 1176  896 1592 3106  480  699 2455 1862 1359 2587  205 1001 1020 3083 1839  339 1329  958 2782 1037  789 2526 2552  883 1507 1823  746
 1503  784 1904  932 3012 2943 2515 2391   84  270 3015  307  910 1948 1533 2167 1475  755  298 1797  874 1811 1254 1387  394 2660 1300 1515  646 2392 2640  224   33 1828 1061 2138 2085 2281 1609 2616 2572 1884 2550 2469 2877   24  452 1681   56 2933  705 2197 1832 1794 1147 1372
 1218 2052 2103 1463 1460 1600 3021 3061  868  759 1808 1914   97  249 2176 1390  343 1872  344 2838 1505  207 3059 2994  892  500 1238 1165 2810 2394  247  106 2145 2043 1009 1319 2121 2065  704 2580   73  994  171 1860 3041  801 3093 2900 1891 1920 3063 1288  946 1500 2299  257
 2301  140 1917 1784 1598 1163  403 1105 3072 1033 2323 2107 2530 3132 2799 1488  465  473 2095 2033 1786 1031 2037 1827 1607 1490  274  234 2968 1246  676 2260  800 2055  158  911 2873  168  779 1348 2355 2935 1616 1262 2958  296 1433 1928 1748  333 1882 2182  244 2129 1380 2666
 2592  594  961  812 1164 1587  860 2263 2722 2000   12  100 1450 2542 3126 2938  556 3118 2348  212  723 1010  273 2739  813 3125 1800 3065 1982 2575 2086  854 2665 2781 2045 2069  992  576  773 1805 2625  564 2226  993  226  336 2764 2228 1538 1625 2311 1814  463  673  734    8
   92  714 2168  361 3096 2008   46 1338 1404 2409  610 1973  285  272  192 1866  256 2578 1889 1612 1414 2266  483 1364 1368 2265 2527  843 1743 2947 2297 3045 1772  238 2326 1405 1712 1708 2068 2589  177 1936 2985  881  457  174  658 2911 2557  518 2223 2631 1753 2957 2050 1419
 1431 1316 2612 2268 1601 2004 1537 1227  996  543 2385 1313  816 2525 1556 2448 2316 1289  967 1534 2599 2310 1053  119 1774 2980  557 2030 1249 1740  898   34  454 1878 2156 2221 2681 2016  590 1926 2347 1653 2235 2401 2424 1104  193 2009 1182  987 2102  318  886 2839  314  893
  311 1858 2440 1371 2284 2604 1292  340 3003 2293 1638 1703  546  142 2779 1782 1947  421 1726 2462 2644 1395 2023  408 1046  405 1984 2053  856 1360 2442  509 1606 3121  266   40  225 1265 2954  587 2457 2325 1426 2744 2291 2729  850  346 1002  981  335 1716 2953 1631 1992 1927
  875 1596 1122 1322 1663 1290 2406 1649 2613  374  166 1820 1665 1403  732 2387 1477 2384  963  442  593 2100 1974 1834 2135  215 1090 1353  262 2437 1214 3060 2821 2991  937 1976  702 2501  741 3040 2819 1671 1650 2014 2278  203   89   82 1527 1901 1965 2487 2611 1944 1595  675
  431  643 2369 1012  829 2360 3124 1375 1614 1236 2702 1446 1120 2750  283 1167 1964 1283 1996   36   54 2634 1255 1413  376  536  956 2701 2005 2298  520 2047   79 2287 2945 3080 2060 1840  101   72 2017 2146  891 1589  825 2687 2106 1656  743 1336 2365 2152 2677 2853 2600  194
  246 1854 2601  586 1853 1870 1781 2482 1843 3105  948  842 2206  762  446 2113 1674 2820  277 2863 1312 2473  517 1000 2202  400 2208 2932 2018 2716 1369 1613   22  633 1418 1916  360 1961 3107 1251 1044  807 2678  630 2303 1069 1611 1378 1381 3068  381 1855 1123 2236  863  809
  451 2984 1035 2715  110 1097 2795  597  826 2131 2988 2187 2304 1305 1126 2708 1766  416 1036  388 2639 2116 1187 1997 2835 2405  703 2913 1562 2210 1764 1145   42  508 2736 2019 2157  771 1777 1018 1804  515  553 1157 2502 1146  936 1667 2662  122 1373 1555 2142   87 1337 2809
  232 1654 2745 1610  350 1119  949 2735  804 1350  476  552 3128 1960  627 1161 2642  615 2109  774 2283  577  338  399   85 1436  417 3101 1504 1342 2413 1115  544 2925  397 2395 2822 1131  389 2700 2227 2562  322 1921 2214 1272 1952 3115  900 2656 2571 1401 1632 1660 2659 2867
 2499 1701 2624  840 2026  511 2177 1847 2248 2512  899 1075   93  200 2626  787 1863  943 1103 2590  867 2824 1682  526 1569 2458 2833 2200 1397 2286  707  983  233  534  991 1030 1242 1938 2894  811  444 1830 1922 2336 1181  638  657 2001 3097 2421 2857 1461 2192  150 2521  959
 2784 2143  187  733 3026 1221  847 3033 2831  919 1462 2029 1224 3001 1113   63 2460 1752  332 1962  625 2785 1148  371 2908  443 3037  864 1539 2756  715 2245 1021 2989  175 1795  895 2881  199 1388 2414  152 1970 1326  621  217 1705 1003 2783 2475 1166 2514 1258  617 1841 1873
  827 2734  305 3110  753 1479  711 2768 2886 1911 2031 3024 3020  654  300  572 1608 2059  833 2243 2312  765 1220  202 1432 1727 1735  103 2222  573 2258 1672  933 2351 2073  766 2218  312 1271  757 2841 1457 2002 2652  788 2692 2905 3100 1232 1134  303   16 1194  501 2433 1856
 2006 1580 2244 1887  211 2888 1354 3067  821 1719  496 1868 2419  563  738 1291  793  819  674 1553 2416 1514  519 2879 2411 1909  890 2150 2290  686 2094 1560 2330 1659 1620 1032  493 1998  915 1603  694 1645 1470  366 2698  185 1923  677 2289 2173 1011  475 3016 2723 2846 1686
  239  484 1366  712  651  849  514 1142 2874  999 1152 1085   69  459 1173  726 3023 2671 3078 2840 3051  116 2923 2123 1915  876 2776  265 2399 1924   27 1026  873 3034 2967  852 2581 2261 1675   58 1818 2523  659 2412 2596 2111    2 1885  815 2536 1931 2904  837  183 2554 2242
 2046 1510 1585 1073  231 2199 2035   62  952 2695 1524 1130 2807  450 1513 2973  897 2748 1054 1845   75 2428  377 3032 2714 1717 1199 1417 1591  169  411 1532  550  618  533 2507   23 2075   99 2071  448 2878  737  341 3136 2533 2080 2565 2376 2466 1106 2883 2876 1544 2344 1056
 1023 2057  504 1617 2431  656 2273 1846 3011 2924  345 2252  945  430 1483 2407 1798 1245 2931 1273 1149 1763 1765  768  904 1314 2056  354 2591 1750 2269   67 1744 1990 1518 1669  934 2814  599 3084 3076 2832 2229 1114 1155  538  218 2451 1156   52  998  524 1693  930 2902 1415
 1729  542 2072  414   60  835 1406  583 1568 1013 3108  531  844 3086  989 2963  506 2246 1925 1325 2884  154 1331 2885 2912  426 1310  131 2516 2436 1621 1389 1434 2396 1110 1394 2402 2992 2851  672  695 1837  775 1993 3075  320 2621 1040 3064  888  736 2813  995 1084 1780 1129
 2920  525  434  836 1367 1089 1687  591 1985 1086 2096 1957 2758 1954 3085   80  688 1096  276 2910 3004  728 1423 1789 1749 3044 1376 2285 1673   74 1945  423 1679  776 1835  822 1512 1190 2755 1189 1184 2549  596 1543 2435 2162 1196 1939 2669 2880 1043 1188 2830  853  437 1641
 2468 2583  263 2690 1746 1536 1897 1243 2791 2937  763 2427  957 1476 2534 2655  418 2366 2697 2850  683 1270  785  197 3130  974 1575 1930  975 2471 1652 2354  136 1177 2998  818 2280 1807 1817 1400 1690  902  127  805 1802 1341  551   64 1605 2774 2503  308  447   47 2964  180
 3133 1710 2456 2191 2742 1950 1280  179 3082  378  252 1918  382 1494  685  275  173  584  962  390 2568 3048 3099 1668 1919 2753  554  724 1047    6 2944 2314  410  820 2597 3053  170  477 3088 1875 2942  243 2430  221  666 3042 1081 2048 2847 1231  794  301 2467 2836  503 2834
 2134 2074 1849 2627 2875 2543 1778 2890 1626  529 2948 1144  731 2022 2078  495 2125  872 1636 1776 2556 1991 2153 2388 2054 1588 1480  372  499 1049 2615 2463  561 1077 1302  729 2036 1615 1323  494 1676 2294 1801  363 2717  663 1836  906  588  669 2770  780   28 1107 1738  803
 2844 2941 1202 1937 1546 2498  716  838 1651 1783  155 1499 2358 2852 1398 2907  913 2891  655 1829 1619  740  540 2570 1550 1439 2916 2040  435 1704 3123 2194 2201 1895 1637  111  650  670 1530  719   91  965   29 1540  783 2159 1933  601   51 1048 1542 2679 2398 2918  429 2974
  310 1720  456 2866  713 1230 2275 1065  124 2787 1942 1328 2719  387 2797 1257 2091 2551 2190 1219  497  143 1438 3109 2725 2375 1877  841 2754 1548 1773 2465 2780 2410  280 1448 2364  693 1628   77  326   32 1005  986 2444 2547 2546 1133 2477  539 1099 1215 1572 1455  908 2300
 1384 1599 2379 1266 2254 1680 2181 1980 1127 1080  324  848  925 2771   10 2517 2887 2727 1896 1481 1618 2061  288 1045   55 3047 1724 1692  137  141 3031 2976 2654  953 2854 2464 1721 1208  660 2193 1769 2544 2132 2564  635 2070  428   44 1678  126  612 1584 1894  969 2119  830
 2620 2500  507 2733 2906  679 2790 3071 1179 2720 2124 2646  954  172  799 1535  772 2288 2800 2680  424 1191   31  878 1707  147  445 1725 2531 1485 2796  348 1787  292 1139 1520   18 1559 2971 1978  407 1091 1888  436  926 2335 1968  628 2939 2828 2334 1007 1024 1332 1183 2063
  680 1838 1859 1684   98  160  219  466  223 2802 1072 2250 2651 1370 2969 1347 2212 2039 1318 1118 1570 3103 2896  365  678 1268 2408 1108 2067 1905  295  251 2450 2829 1573 2816 2362  648   81  271  458 2978 1685 2118 2792 2689  441 1315 2171  603 1320 1971 2741 2154  814 2267
  114  455 3025 1175 1143 1642 1718 1940 2367 2990 1324  668 2934 2478 2461  709 1261 2509 1953 1451  498  749 3112 2213  865  229 1564 1788 2136  178  605 2559 1730  644 2528  250 2860 1382 2128 2415  329  604  259 2607 1358 1857 1445 1511  375 1447 2357 1420  264 2276 2573 2404
   26  941 2051 2648 1275 1276 1351  781 1529 1240 1478 2664  284 2731 1903 1955 1467 2869 1779  420  201 2092 2637 2195 2966 2848  700  449 1508 1158  559 2484 2529 2423 2759 1714 3091 1079  144 1469 2164 1062 2606 2140  614  502 2386 2856 1301  287 1357 1913  105  824 1102  944
  245 2930 1022 1125 1736 1223 1695 1234   57 1093  242  439 1963 1809 2321   68 3022  608 2619 2593  684 2127 1713 1427 2090 2449 2532 2667 2861  851  718 2337 2632 2295  960   11  323 2011  664  581 2743 2808  566  701  516 2003 1850  548 2629  356 2898 2028 2706 2817 1453 1237
 2178 1941 2327  541 2628 1831 1489 1137  161 1209 1253 1101 2617 1098 1492  692 1006  558 2849 1689 2864 2339 2165  164 1959 2378 2766  978  184  645 2688   86 2205  309 2508 3036  453 1203  602 2274  467   25 2082 2158 1248  968 2577 2793  402 2172 2959 1552  512  351 3038 2929
 3052 2682 1340  616 2368 1995  370 1812 2927  722 2251 2441 1946  481 1083 1116  253  528  128 1517 1975 1987 2928  592   43  966  491 3127 2683 2862 2025  972 1516 1409 1416 1640 2058 1117 2801  901 1468  404 1821 2425 1437  691 1132 1934 2270 1410  609 1396 1339 2438  823 3102
  990 2582 2021  368  478 2474 2777 2789  358  352 1278  791  112 2180 1785  129 3119 2169 1063 2909 1910  521 2535 1900 1733 1284 1211 2160 1683  790  513 1813 2390 1317  297  547  797 1583 2949 2721  939 2383 3039 2815  315 2042 1217  935  549 2117  267 2343 2279 3000 1633  585
 1579 1383 2960 1581 2320  121 1352  294 2641  151 2446 1759  438 3079  433  846  149 1956 2773  769  756  419   20  196  611 2470 1411 1966 2066  304 1541 1160 2843 2333  316 1200  159 2811 1429 2889 2183  971 1825 1757 2772 2361 3090 2380 1169 2761 2926 1185 2892   53 1068 2513
 2540 2794 1566 3029  532 2104 2215 2524 1435 1509  920  940  639 2584 2730  570 2713 3114  188   14 2685   70 2372 3005  832    3   59 2718   19 2189 3077 1195 3019 3002  108  489 1092 2443 1087  222 3066 3070  777 1264  859 2317 1226  134 1890  568 1775  792 2241  362  337 2812
 2826 2497  637 2429 1452 2818  717  261  575 2340 2377 1886  782 1646  798 2489 1456 2211  209  907   95 2897  727 1343 2264 1771 1576  708 2486 2220  413 2972  619 2712 1747 1170 1881 1879 2609 1471 2272  696 3007  230  947 2389  357 1861  758 1760  191 1408  976 2760  289 3062