 1493 1278 1738 1937  137  707 1335  696 2182  816 1361  922  698 1141  197  264 1788 3242 3173 1696 3107 2858 1581  303 2239 1927 1635 2972 3070 1001  109 2981  329 2818  166 1996  875    2 3039 1447  596 2734 1422 1208 2332 1569 2127 1767 2746 1416 2966 1066 2713 2703  193 1745 2066
 2820  949 1667 2625 2224 3243 1644  318 1108  249 1728  490 2722 2369 1264  896 1389 1724 1546 1959 1568 3216 1314  934 2139  881  262 3248 2834 2120 2687  408  464 1807    4  940  519  660 1671 2018 2800  108 2825  199 1213  853 1697 1938 3199 1638 1111 3215  866 3171 1680  559 2925
 1545  173 2710  270 1436 2540  769 2563 2469 1089 2938 2461 1360 1352 2184 1703  796  404  440  427  715  809 1231  702 1655 2170 1589 2285 1883 1282  175 3105 1459  420 1237  162 1974  326  807 1875 2407 1869 1501 3083 1482 2872 2836 3019 3040 2309 1249 2167 1072 2057 1830 2060 2282
 1994 1002 2377  287  121  450  560 1842  140  952 2037  205 1850  781 1909 1349 1977 2399  624 2942 2297 2272 2861 1325 2000  999 1551  496  855 2736 2216 2187 2789 2292 2668 1006  688  890  659 1150 3203 1364 2436 2514 2061 2397  996  395 1896 2076 2786 2424 1119 1912 1519 2069 1723
 2270 1517 2567 2169 1603  504 2864  600 2064 2977  330  687    7 2071  271 2578 3072 1530 1758 2093 3005 1261   65 1511 1342  347  487 2850  357 1114 2919 2433 1267 1902 1783 3015 2372  743 2042 2354  867  925   16  974 2704  463  784 2291 2395 2838  551 1711 2196  309 1526 2765 2609
 1216 2311  553 2726  130  726  676  685 1450  981 1971 2494  261 2519 2462  563 1554  948  443 2303 3003  898 1423   58  900  471 2998 1754  449 2316  345 1516 2784 1583 1308 2443 1740 2300 2527 3158 3226  663 1987 2474 1429 2362 1082 1353 2298 1800 2208 2674 1737 3156  960 1789  481
 2579  989 2616 3180 1595 1198  877 2111 1142  515 3079 1040  384 2882 1027 2242 1743  492 2261 1461  617  491 3205 1262   33   79 1755 2269 1801  418 1014 1043 2559  576 3189 1765 2598 2115 1513 2912 1532 2718 2355  955 2090 2217 2371 1787 2798 2401 2255   11  901  409  242 2637  319
  812 1374 1386   68  575 1650 2910 1354  280 2728  530 1936 1247  128 1646 2678 2770  415 1167  500 1615   35  537 2103  703 2661 2596 1469 2672 1580  585 2922  358  297 2346 2063 1449 1521 2781 1132 1241 2581 1963 3112 2907 2854 2626  903 2767 2412 2837  990 2360   43 1752  571 3127
 1889 3026 1419 1849 2516 2808 1380 1799 2451 1295 1964  667 1362  370  763 2670 2077 2349  602 1654 3143 2154 2145 2200 1476 2506 2576 1668 1166 3122  649 1080 2374  782  388 1731 3101 2243 2105 1224  984  693  657 1600  341 1084 2577 1995  977   41 1103 2263  757  126  578 3227  879
 1808  888  478 2536  439   73  132 2089 2860  238  806 2547  605  747 3197 3074 1018  970 2999 2232 3077  899 1769  746 1095  953  979  862  548 2441 2047 3016  159 2486 2308   90  944 2539  734  686 3237 1543 2896 2618  396 1955 2503 2062 2762 3063 1843   97 2926 2141 2194  902 1373
  758 1832 2122 1338  426 2793 3228  924 3125  929 1643  479 1821  911 2471  183 2126  869 1779 1005  534  167 2520 1124 2551 3151 3185 3166 1839 1081 1401 1304 3022  673   64 1982 2934  889 2962  561 2334  411  144 2768 1908 3207  231 1586 1185  446 1871 3164 1061 1467 1786 1404 1780
  791 2650 1485 2158 2219 2513 2475 1079 2575  475 1708  295  451 1634 2088 1328  381 2491 2927 1514 3033  355  874 2990 2853 2647 1098 3244  798 2920 1105 2515 2816 1834 3191 2211   46 2174 1055  314 1652  810 1123  452 2159  316 2274 3038  263  184  811  754 1448  405  436 2231 2959
 1223  983  634 2220 1648 2487  662 1890 2485 2162 1914  905  219 2262  954  216 1355 2095 2319 2556 1846 2233  389 2102 1289  187 1718 2490 1146 1260 1932  613 2921  244  169 1435 1133 1814  927 2669 2944 2983 1191 2404 1042 2470 1327 3181 1049 1716 2172 1639 1058 1466 1870 1468 2939
  328  701 2009 1925  713  146 1375 2098  606  860 2623 3030 1371 2979 2961  892 2530 2525 1659 1750 1837 3136 1059 2197  620  222 1250  117  930 2550 1567 2819 2498 2340 1684   78 2398   18 2994 1484  694 1539 2835  819 1593  374 2033  311 2059 1031 3148 2275 2339 2082 1660 1074 1880
 1413 1161 1735 1552 1276 2558 1899 2425  794  151 2585 2426 3050 1219 2403  623  241 1324 2643 2751 1300  923 1833 1135 3149  344  269 1570 3116  961  894 1609 3169 1197 1162 1418  658 1796 2936 2280  246 2874 1445 2338 1370  800 3087   96 1138  209  376 2110 2904 1557 2601 2971  555
  581 1506  373 1575 1894 1809 2156 2783 1070 3118 1888 2109 3120 2602 2392  284 1602  639 2973 2856 2738  549 1622 1895   95  455 2821  672 1367 2294 2974   94 1446  527 1759 1398  837 1976 1929 2140 1473  906 2501  247 2204 1035  254  552 1025 3115 2097  993 2978 2465 3224  423  215
 3048 2458  980 3021 2123 1175 1736 2697  666 2694 3206  577  699  178  880 1679 1725  147 2847 2210 1722  971 1390  767 2132 3194   40 1288 2444 2555 2218 1279  127 1529 2955 1822 1983 1678 1614 1854  281 2877 1607 2657  135 2455  919 1204 2119  516 1107  158  795  821 1391 2620 2655
 2727 1134 2447 2649 2680 2950 1233  468 1935  308 1627 2253 1455  986  843  937 1426  965 1310 1587 1202  189 1772  387 2742 2886 2779  206 2879 1137  947   29  650 3117 1152  700 2957 2599  738 1597 1579 2881 2612  382 1572 1206  454  786  148 3220 1962  718 2592 2656 2756 1824 2692
 2249  399 1242   60 1768  102 2131 2415   71  751 2173 2823 1803 2323 2226 1085  115 1400  477 2283 2483 1259 1922  804 1631 2016 1791 2121  353 2537 1715 1157 2851 2092 1121 1862  946 1566 2029 2100  739 2277  160 1410 2583 2013 2347 1329 2517 2288 1269 2774  335  380 2900 2328 2724
 1596 1877  164 1251 2890 1795 2378 1428 1320 2608 1523  174 3054  916 2400 2198 2313 3001    3 1344 1012  994 1852 3111 1640 1168  250 2507 1719    9 2193 2432 1961  770  590 1083 1804  113  661 2113 2419 3193  690 1792 1701 1094 1218 1565 1116 2010 3217 1221 2276 2450 1203 2829  416
 1356  593 2278 2634 1847 2676 3093 1813  773  149 1443  179  506 2030 2295  161 2202 2699 1879 1610  154 2632 2812  628 3201 3058  723 2112  325 1930 2940 1456 1496 2094  139  200  777 2151 1829 1065 2179 1553  675 1662 1819 3221 2015 2166 1943 1444  228 1196 3047  502 1110  963 2964
 1086  859  457 1265 1366 2463 1076  668 1704 3081  864 1823 2084 1323 3239 2178 1263 2445  321 2434 2099 2828 1417 1840 3069 2568 2991 1692  737 1763 1649 3209 1149 1017 1686 2185  461 2164 3051 2296 1358 2758 1306 2508   77 1464 1181  568 1045  651  153 3225  573 2496  697  101  594
 3163 3086 3247 1811 3094  907 1087 2370 1165 1665 1293 3130 2918 2716 3167 2549 2052 1440  727   91 1518 1176 2737  503  518  823  473   17   19 1771 2384 1950  462 2805 2538 1442 1383 2181  441  608 1669 1714  544 3000 1776  574   69 3034  920 1013 1036  486  645 1504 2321 2889 2004
 1285 1556 1885  597  379 1863  364 2489 2967  266  517 3142 1864 1751 2878  826 1212 2391 2985  817 2342 2495 1637 2012 2884  291 1071 1326 1689  643  458 2715  522  170 2165 2414 1243 2662 1507 1239 2792 1705 2714 2031  966 2264 2023 3126 2887   39 3168 2307 2046   25  431  554   28
 1582 1321 1672 2008 2509  177  114 3100 2017 2923 1028   72 3046 2252  997 1238 2764 2733  824 2133 2452 3004 2554 2430 2790 1825  259 1235 3042  740 2254 2666  579  351 1056   85  712 2188  614 1008 1624 1297 2880  656 1720 2114 1190 1999 3097  336 2238 2997 1775 1186  245  489  428
  838 1658 1967  435 2841 2963 3082  945 2725  783 2671 2026 3091 2408 2259 2794 2435  677 3049  214 1234  586  873 2845  131 2352 1480  846 1540 2859 1112  406 1077 3160 2213  840 2459  123 1733  820 1115 3176 1538  296 1064   15  808 2693 1188  958 1946 1578 1730 1670  310 2953 1037
 2345 1090 1183 2186 3187  938  921  610 2560 1524 2484  237 2949 1998  828   86 1713  768 1173  288 1029 3002 2518 1628 1498 2544  884  512  857  292 3152 3223 2778 1296  150 2875 1388  268 2011  709  526 1810 2667  191 2168  992 1690 1184 3114 2933 1853 1522 2499 2326 1753 1151 2564
 2171 2842 2975  356 1298 1741 2769  521 2241 2230   51 2290 1651  258 3012  704 1499 1486 2492  871 1004 2056 3128 1710  433 2250 1793  217 3110  691 1591 1063 1317 1818 3135 3124 2125 1207 1439 2706 1215  818   31  630 3139  322 3153 2617 3249 2980  236 1068  913  908  665 1182  124
 1717 2086 3161  202 2014 1266  138 2036  371   14 1130  476 1170 1256  339 2776   56  612 2562 2318  145  742  591 1277 3044 3155 2681 2240 1951 2603 1016  721 2613 1268 2855 1505 2802 3095  538 2996 2310 1901 2050 3007  847 1907 1478 1340 1617 1421  511 1777 2314 2698 1020   21 2868
  547 2505  484 1534  627 3150 1948 1038 1548   61 2675 1992 2899 2136 1761 2302  722 1026 2901  858 2108 1434 2817  558 1844  647 2804 2642 2638 2573  572  839  315 2952 1886 2993 1117 3236 2020 2375 1021 2357 1407   98   22  301  494 2701 2147 2287  480 3123  655 1620  467 1067 1294
 2803 1601 1274 2658 1934  957  933 1427 2797 1647 1316 3172 3006  362 1075 1746 1957  755 2557 2582  274 1882 1148 1140 2954 2548 1299  460 2246 2456 2610  831 2449 2135 1537 3035 2124 1560  716  195 1866   57  196 1906 2523 2867 1078 2785  110  637 2070  750  122  233 3109  505 1653
  535 3214 2440 1973 1968 1598   84 2932 1104 1997 2448 1509  210 1542 2915 2731 2335  652   48  367 1284  212 2844 1201 1919 2773  917 1947  392    8  771  419 1630 2546 2439 2192 1642 1851  895 2843 1921  221 2807 1180 2143 1881 2717 2696  689 1272 3230 2442 2190 1541 1453  223  692
  386 2628 3071 1698 1462 2248 1734 2358 1876 2883  848 2312  320  448  636 1944 1405 2410 2221 1129 1192  562  100   70 1576 1118 2902 1283 3068 1739 1230 2472  680  759 1054 1127  442 2708 2604 1611 2003 2043 3165  719 1351 3154 1965 1872 1661  583 2466  168 1255 2388  832 2685 2001
 2382  827 1970   89 2083  931 2002 2203  349  681  975 3023 1343 2144   76  302 2437 2389 1139  814 2161  188 1953 3213  485 1254 2301 2473 3133  293 2782  780 2754 2752   36  227 1311 3036 1470  213 3134  587 1528    1 2337 1270 3076 2317 3245 2885 1348  248 1744 1612 2937 2629  753
 2209 1245 2914 2402  792  886 1897 3179 2865  155 2257 1222 2431 1855 3057 2574 2041 1303  679 2329 1109 1463 1425 2743  424  251  732 2265  653   13 3219 2903 3065  466 2894  208 2045 1052  731  510  570  495 3092  915 2801 1220 2969 1378  595 1088  582 1926 3075 1359 3059  545  493
 2019 2116   87 1211  539 3010  910 1856 3031 1798 1472 1053 1408 3200  186 1613 1396  978   88 1334 1674  272 2245 2566  204 1867 2931 1441  525  973 1641 2152  851 2686 2299 1158 2924 2862 2429 3234 2809 2104 2331   66  278  361 1629 2606  156   23 1454 2396 3175  872 3174 1019 1933
  842 1475 3212  465 2497 3202  749 2244 1106  116  932 2929 2406 2524 1911 1347 2054  407 2641 2565  825 1403 1069 2735  118 2826 2464  756  157 2916 1047 2128 2545   53 1322 1675 2622  775  788  447 1097 3060 2149 2895 2590  987 1092  220  725 1387 1645 2118 1402 2007 3009  674 1273
 1535  470 1923 3027 2968  192  969 2984  598 3218 1585 1681 2532 3080  567 2106 1290 1802  736 1988 2366 2229 1677 1816 2386 1060  398 1695 1960 1145 2021  414 2268 3192 1945 2258  850 3085  368  305  845  730 1584 2759   26 2351  646 1415 1399  711  633  914 1979 2330 2237 2580  797
  456 3222 1438  635 3233 2286 2150 1287 2594 2129   52 1986 2729  152 2273 2177 2454 2651 1337  105  863 2720 2707 1318 3231 1489 2327  541 2457  198 2304  482 1179 2806 2552 2481 2281  550  765  868  972 1009  766  564 1412 3232 3132  224 1050 2833 1307 1502 1143  143  513 1291 2067
 2614 1980 1393 2928 1194  776 1559  745  950 1706  453  257 3138  120  294 2869 3032 1838 2863 2791  181 2941 1625 1563 3147 1471   47 2488 1774 1984  683 2142 2721  724   59 3073  939  678  445 1577  265 2453 1477 2757 1952  882  129 2700  706 1397 2569 1015 2796 1940 2744 2279  802
 1062 1200 2271 1330 1177 1345 1483  459 1893 2771 2747  836 2422 2935  584 2025  942 1481  856 1633 2405 1226 2421 1978  508 2739  801 2368 3088  601 1174   45  400 3096  540 1432 2222 1757 3041 1956 2387  644 2956 1030 2645 3186  729  705 1350  260 2852  412 1865  337  429 2543 3045
 2413 1147  815 1377 1384 1515 2665 1747  912  928 1561 1424  799  165 1712  943  378 3177 2096 1547 2570 2906  372 2418  211  626 1155 2289 2930  654  133  967 2621 1210  622 2905 2849 3208 2810  893  417  599 2163 2195 2553 1564 1827  299 2913 1835 1102 2350  728 2155 1430 2857 2584
 2815 1762 1900 3178 2753 1766 1332  708  509 3238 1544 1874   67  317   42 2227 1812 1305 2528  234  669 3182 1868 2511 3067 2502 3140   54 1039 3013 1369 2813 2446  385  642 1729 1044 1525  327  805  194 2631 1189  790 2051 1536 2160  524 2535 1487  717 2344 1845 2236 2888  498  959
 1903 2677  528 2615  323 2065 2988 1691 1666 2087 2427 2359 1479 2840 1939  282  546  483  830 2393  354 1618 2381  501  391 1187 2322 1915 2992 1394 1492 2199 1126 1392 2987 2605 2830  785 2137   55 2205  834 1346 2380  720  226  870 2761 2572 2148 1512 3108  625  962  256 3113  203
   50  283 1781 2336 1131 1385 2635  225 2478 2251 1113 2048 2468 1726 2951 2646  425 1281  744 2039 2627  918  472 2138 1604  346 1214 1732 2176 2917 1096  333 2365   63 3183  991 1972  964  926 2945 2006  360 2214 1588 1861 1244  841 3103  390 2995 1858 1495 2183 2207 2417 2247  638
 2824 2480 1339 3195  603 1770 2367 2705  648 3028 2215 2586  741  432 2206 3188 2822 2510  514 1702 2305 1981 2633 2755 1848 1608    6 1721  684   80 2682  793  748 2534  243  616  844 1989 2909 1301 1621  887   38 1860  629 1794  437  664  218 2873  752  556 2428 2763 1497 1160 2293
 2343 1594 1205 2690 2595 3084 2091 1841  313  300 3062  474 1917 2648  229 1193 2235 2175 1636 3102  733 1836 1797 2073   82 1954  787  273  968 2383  444 1144  835  885  985 1309  275 1275 1942 3061  172  497 2691 2390 3211 3162  289 1379  377 2074 3170 1707  276 3017 1657 2766 2022
 3052 1125 2053 1451  762  232 1333  239 1993 1533 1258 1682  201 1494 1292  988  876 2732 2589 3121 1000 2032 2130 3043 1336 2058 2085 1048 2814 2081 2228   12  359 2986 1414 2709 2679 3055 3198 2640   93  779  285 2223  106 2702 2591 2652  352 1286  338  536  348 2561  878 3210  772
 1363 2363 1458 2117 2619  332 2832 1784 1709 2777 2526 2712 2500 3137  306 1831 2908 1100  588 1409  171 2034 1420  375 2409 3241 1859  640 1217 2653 2072 1508 1099 1003 2394  182 2075 1199 1023 1488 1248 3014  488   30 3025   32 1573  936 1368  789 1228 3024  422 1805 1664  342 3204
 1073  401   27  134  854 1280 1491 2005 2364 2891   20 2893 3119  607 1905 1878  941  904  136 3190 2522   24  277 2477 2772  163 2049 1857 3064 3053 1474  621 2871 2028 2748 2948 3159  543 1153 2476 1941 3056 1742 2533 1460  430 2780 2325 1431 1229  252  207 1790  421 1760 2479  397
  369 1452 1616  290 1826  670 1806 3098 1549 3104  865 1171 2079 1590 1246  609  611  434 2673 3020 2571 1101 1817 1887 1046 1437 2027 1312 1949   62 1381  190 2080 1928  714 2541 2866 1136 2341  557 2024 1656 1773  235 1574 2750 2683 1034 2078 1159 2324 1163 1024 1120 2521 3240 3246
  438 3106 1676  402 2356 2976 1033 1227 1873 2256 1357 1592 1699 1975 2467 1032  615 1931  631  976 2306 3018 1555   92 2315 2234 2689 2730 1154  499 1457  778  240 2965 2134  822  103  833 2600 3090 2989 1128  852 2811  569   34 1605  403 1051 2361 1619 1550 2892 2943 2960 1093  533
 2607 1990  529  909 2038 2663 2588  542  119 2827 1406 2529 1687 2839 3235 3011 1688 2040 1748  861 1623 2982  298 2411  592  324 1820 1341  141 2035 2970 2423  304 1236 2848 2482 1694 2684  735 1372 1756 1232 1693 2846  604  671 1828  111 3037 1913  180  532 2639 2723   37  286  366
  580  176 2795 2201  307 2695 1778 2180 2597  897 2636 1091  363 1011 1503 1785 2664 2348  813  104 1122 3129 1252  507  312 2225 2212 3131  565 1315   75 2898 2055  998  410 1966  995   44 1313 1683 1164 2260 1209 3146 2911 2542 2876   10 2353 2760 2512 1257  641 2493 2284  883 2593
  803 1225  230 1782 2379  682   74 2107 2266 2630 2191  253 1057 1632   83 1673 2831 2740 3141  764   99 1606 1195 2101 2799 2531  951 1562 1985 1727 1920 2416  982 1884 1465  125 2624 1490 1991  632 1892 2870 3029 1411 1700 2659 1958 1240  829 1331 2897 2504 2146  365 1172  331 1663
 1178 3144 1169  334  619 1365 1041  891 1558 3229   49 1382  520 2958 2153 2189 1253 3066 2611 1376 2745 1910 1156 1749 1891  112 1815 2644  350 2385 2373 2788 2946  618 3145 1395   81 2775 1531 2711 2438 2376 1271  523  849 1433  279 1916  142 3008  760 1599  255  185 2068 1898 2420
 2741 1918 1500  774 2654  343 3089  107 2044  956 1520 2688  267  394  469 2660  761 1527 1319  393  935 1626  340 2157 1302 1904 2587  566 1010 2749 3157 3184  695 3078 2947 1571  710 1969  531 2267 2333    5  413 2787 1924 1685 1022 1764  589 1510 2460 3099 1007 3196 2320  383 2719