  798   47 1014  633  994 3217  595 1197 1780   28  548 1949 1006 1323 1366 2502 2029  432  814 3057 1279 2106  826 1432 2644 1318  515 3143 3204  716 2987 2922 1927 1446 3180  194 2824 1480 3336 2710  104 2256 2190 1796  910 1753 1991 1435  152 1856 1531 2737 1166 2880 1802 2439 1919 3150
 2823 1517 2119 2374 2485 2274 1359 3145   71  901  271  132 2086  929 1382  574 1051 1110 1739 2166 2353  805 2137 3296 1097 2634 2165 2505 1900   70 2915 3050  755 1468 1077 2422 2144  210 1405 2606 1934  411 2293    5  374  655 2851 1004 2040  470 2303 2660  991 2808 2452 1841 2275 2696
   46 1571  743  809 2101  146 2271 2079 2226  636 2535 2338 2703  617 1067 1049 1207  893 3048  789 2317 2944 2054  922 3137 1875  898 1052  687 2322 2700 2334  382  938  677 1574  782 3252 2197 2645 1837  427 1287 1930 2013  927 1585 1402 1526 2244 3245 3091 1241 2224  610 3192 2688 1553
 1168 3299 1773 1023 2540  712 2512  329  151 2661 2296 1620 3103 2597 1357  786  416 1236  673 2571  540 3222 1005 1148  320 2528 3292 2222  649 2629 1146  765  695 3313  169 1939  539 1654 3006  601 2979 3181 1190  388  500 3291 2186 3175  259 2313  283 1029   90 3193 2522 2780 1454 2567
  221   64  122 2625  625 3131  744 1549 1687 1959 1319 1523 1667 1090 1588 2841  638 1638 2219 3074 2936 3178 2517 1196 2471 1579 1223  193 1248 1507 2450    7  913 1540 3008 2172  205  864 1491 2252  135 2635 2141 3212 3032 1043 2031  977   69  525 2582 2382 3026  541 2869 3122 1709 2280
 2131 3349 2388 2665 1225  508 1762  686 2065  394  974 2893 3071  905 1017 2908 1124 2490  666 3232 2530  275 1623 1905 1734 1752  381 2743  133 2538 2975 2965 2751 3307 3304 2218 1618   17 2310  870 2348 2033 2250  311 1365 2391 2049  770  985  702  845   29  501 3290  528  710   18 2058
 1238 3033 1340 2246 1580 1338  896 1865 2000 2189  176 2693 1962 1045 3039 1704 1064 2864  844  907 2221 1978 2662 2481 2003 2434 1586 3314 3274 3142  559 1563 1651 1022 1577  758  401 2923  536 2073  361  966 2697 1874  479 1863 2792  285 2791 3191 1065  703 2658  147 2732  144  119  537
 1084 1025 1032  822 1164  609 1419 2169 1066 3062  799 1418 2648  840 2090 2205 1324  112 2983 2772  591 1303 2234 2506 2523 1161 1354 2607 1990 3115 2007 1844  453  179 2032 3362 1079 1260 1869 2581  796 3036 1136  324 2754  162  807 1849  136 2270 1542 2427  937 3260 2839 2805 1759 2053
  186 1492 3108  685  650    4 2637   79 2967 1187 2027  626 1490 2343 2873 2111  694 3350 3083 3128 1438 2539  277 1602 1210 1717 1183  802  443 1206  295 1898 1845 1105 2107 1964   14 1797  234  262 2109 3265 2595 2223 2973 3173 1441 2099  153 2089 3267 2051  219 3185  357 2741 2346 2641
 1165 1611  409 3300 3076  582 2591 1547 2362  455 1212 2533 1484  737  334 2467 2843 1903 3322 2068 2335  555 3210  370 1515   88 1417 1360 1768 2066 3246 1665 3251  471  523 2831  517 2253  767 2935 1265 1081   60 3354 3231 1170 1215  413 2981  602 3197 1576  395  903  106 1344 3221 2327
 3013 1288  654 3226 2548 3112 2872 2608 2866  593 1572 2304 1674 2900 1656 2378 3236 1747 1099 2800  236 1724  529  460  919  454 2603 2451  835 1057  647  690 2740 1727 1777 1617  328 1413 2432  422 1672  806  301 1314  791 2707 1816  679 2865 1668  877 1728 1343   68 2953  810 2933 3047
  203 2148 2708 2248 3009  999 1178 2357 1009  438 2217 3288 1765 2314 3096 2632 2283  846  871 1320  973 1606 3317 1969 2572  379 2501  402 1104 2473 1502 2694  466  509  723   75  199 2345  473 3188 2181 2848 3355  355 1250 2409  223  725 1276  513 1201 3024 2769 1309 1846 2720 3098   84
 1270 1133 2507  103  486 2021 1744 2146 1222 2619 1676 2937 1069  613  862 2714 1824 1737  891 2731 1998 1981 1987 1541 2354 2972 1304 2230 2910  611 1908 1182 1347    2 1394 1723  784 2806 2544 2846   85 1370  945  775 1302 1363 2836   31 1141 1080 1213 2398 1867 2727 1384 2863 2384 3092
  579 2674 2402 1371  954 2153 2269  367 2363 2056 1564  231 1612  988 2333  955 1474 3018  941 1016 1244 1401 2897 2472 3011  890 2492 1145  225 1895 2456 3094 2639 2651 1920  815  260  887 2340  208 2499  976 2231 2496  533 2828 1463 2728  524 3052 1942 1189 3352  204 2761  979 1375  191
 2786  189  291 2325 3303  308  581 2116  305 1566 1936 2182 1369 2902 2565 2847 2624 2602  972 2747 3004 2067 1087 1595 1173 1615 1550 2081 1814  759  114 1094  968 2600   26 1950 2951 1431  286  648 3261 3272 2405  360 1466 2105  475 1818 2561 2889 1963 2549  321 2520  665 2057  149 1420
 2417 2870 2112  108 3141 1787 1887 1648 3356  243 3106 1083  873  436 2577  215  520 2820  163 1272 2541 2574 1809 1801  889 3015  608 1749 3130 1274 2885 2463 1871 3014  940 3160 2431 1820 2837 2126 1395 1581 1525  951 1932  930  273 2580  914 2368  587   91 2183  457   74  754 1614 1805
 2227 1231 2647 2610  512  660   93  120  376 2023 3255  124  137 2002 1030 2399  600 1307  143 2373 1471  287 2816 2960 1763  664 2927 2300 3268 3249  639  421 1995  490 2925  258 2179 2059 1634  483 2150   32 2369 3102  410 2204 1967  583 1700 2309 2949 2525 2556 3182 1705 2025 2034 3126
  557 3157  661 1956  468 1497 2598  302 3278  202 3174 2438 1646 2387  816  624 3127 3088 2797 1386 3132  728  227   51 2005 3087 3171 1848  734 1378 3034  824 1253  224 2948   67 2113 3253 2171 1409 2622 2375 3105 1428  336 1649 1257 2444  431 1333 2321  252 3357 1640 1624  485  899  211
 2684 1593 1519   56   25 1337  934 2287 1391 1390 2017 3086 1596 1948 1532   16  482 1352  288  535 1551 2739 1771  969 2587 1893 3110 1155 3084 2711  855  847 2852  709 1975 2331 2666 3328  797 1982 2558 2649 1184 2480 2052 1332  925 2941 2845 1437 1114 3360  640 1217 1781  971 1548  571
 1345  398 2952 3184   72  477 2104 1433 3037 3238   52 1150  745  364 3043  322 1637 2503 1694 1421 1460 1926 3285 1047  916 2315 3293  400 2736  384 2235  549 2258 2849  792 2615 3329 2756 2064  671 2771  171 2282 2804 2478 1852 2243  586  869 3168   23  139  715 1228 1546  185 2316 3158
 3257  632 2160 2962   94 3016 1923    6  691  674 3035 2093 2537 3201 3080  962 3054 2083 1860 2411 3097 2454 1073 1750  503 2360 1568 1385 2515 2704 1102 2557 1699  987 2206 1163  833 1976 2157  975  573 1204   19 1461  538 1180  440  980   42 1227 1059 1653 2917  963 2702 1459 2076 2297
 1918   13 3218 1697 1858  554 2061  307  314 3113 2809 3109 1116 1282  310 3156 3351 1720 3179 2950 1527  304 1748 3042  101 1470 2085 3281  662 1132 2758 1645 2588  372  297  566 3208  255  684 3273 2140  425 1821  642 3046  953 2931 2094  406  456 1334  714 2389 1913   50 2784 2041 2413
 3165 2446  128 2992 2513 2601   92   33 3286  597 1171 2406 1063 1740 3202 2807 2646  867 2596 1107 1827 2262 2626  526   11  704  429  167 2559 2195 1172 1297 1122 1556 3297 2154 3321 2289 1301  343 3144 2748 2350 2236  720  657 2770 3075  627 1842  207  154 2143 2993 2425    8  247  623
  418 3277  825 2010 1755 1603 2098 1808 1679 1353 2184  711 3254 2985 1235 1518 1650   81  269 2462 2838 1376 1239 2215  316  672 1783 2787  383 1478 2482   77  646 2929 3031 3060  952 1622 2833 1877 2127  984 1924 1945 2978 2891  771  616 1754  769 1439  883 1488 2968 1881  494  732 3170
  990  346 3051 2546 3167 3361 1278 1226  614 1434 1505  547 2201 1847  879 2636 1374  733  637  253  532 2037  488  127 1790 2180  886 1377 2484  212 1955 1157 3248 2367 2381 1506 2875 2599 3149 2611 1121 2521  178  894 1951 2301  232  878 2733  746 2579 2237 2009  342 3325 1910 3053 1989
 1583 2753  874  256  895 2633 2682 3199 1767 1811   89 1198  721 1048 2722  872 2055 1486 2286  292 1815 2752  588 2097 1573 2128  299 1524 1607  868 2152 2716 2550 2801 2149 1813 2380   99 1465  589 1042 3022 1487 2414 1652 1872 2371  446 2776 3101  592 2687  274 2782 1299 1044 2570  967
 3229 2254  399 2069  853 2440 2542  906 1907 1594 2822 2986  340 2022  820 2018 1188  161 1010 3187  713  620 1140 1658 3344 2676  830 1922 1003  129  634 1285  717 1342 3166 2712 1914 2173  668 3196 2416 2705 2777 2110 2667  386 1158  175 2932 3223  337  970 1621  880 3104 1726  209 1600
  918  491  441 2680 1152 1221  459 1137 2518  777 1590 3256  230   27  923  378 2279 1096 3203  160 1041  534  778 2861 1125 1644  516 2526 1886 2125  198 2991 3162 1601  197 2028 1522  997  450 1812 2404 2001 3318 1825 3146 1695 2958 1916 2701 3239 2672 2790 2742 1211 2669 2267  681 2420
 2796 2664  752 3005 3327 3017 3153 2229 3161 1117  885 1883  811 1070  272  428 1112  229 1339   57  851 2361  339  437 1054 2788 3139 1000 2305 2349 2257 1130 2442 2426 2762  164  511 2062 1135  371  838 2264 3205 1389  284 1205 2755 2842 2670 2370  238 3240 1216 2775 1711  841  396 2156
 2789  389 1683 1798 2136  518 2614  246  558 3183 1028 3152 1933  803 1715  944  917 3335 2778 1529  735 2604  244 1450 1444 1657 1591  857 1308   63 2892 1002  385  965  363 1467  550 2898 3227 2043 1736  861  652 3089 3000 2568 1496  983 2453 1317 2400 1039 1494 2980 3129 2803 2534 1258
 2640  876 1770 1118 2278  667 2489 3154 2767 2213 1220 3093 1330 2395 2810 1416 1233  415 1681 1306 1655   73 1973 1693 2209 2617 3020 1085 3066 2576  268 2655 2351 1453 1462  683  168  915 2685 1346 1742 1451 2393  982 3045 1589  875 2050 2969  852 2341 1806  351  348 1543 1512  544  368
 3078 1552 2199  420 2145 2261  190 2483 3163 1925 2815  504  424 2858 2643   41 3090 1406 2878 1082 1616 3211 2966 1175  220 2129 1153 3007 1427 1682  849 1843   98 2320 3038  956 3311  567 1684 2532 2359  995 1018 1838 2653 1983  760 1151  909 1305  373 1756  403  118  365  939 2884 2835
  946 2988 2259  911 1832 2323 1690 3316 1746 3358  366 1473 3305 3271  676  688 1134 1252 2881 2139 1440  912 3118 1999 2220 2677 2914 1191 1789  993  812   87 1888  978 1326 1291  947 1404  506  261 1533 1986  353 1443 1255 1078 1247 3186 1698 2122  404 1485 3279 2030 1745 2920  562 1952
 2811  200 1493  433  707 2793 1091 2946 3287 1379 1988 1855 1769 2291 1587 1068 2886   62  793 1544 3241 2715  110 1442 1263 1977 2957  341 2519  680   66 2468  682 2867 1894 1729 2913   21 3116 1859 2659  426 1398 3067  481 2390  182 2718 1495  645  790 2656 3308 2285  117 1456 3343  326
  138  434 1511 2774 3169 1857 1156 3065 2631 2919  498  926 1351 2412  323 1061  622 1007 1641  345  505   45 1452  750 2618 1101 1807 1358  958 1545  465 1098 2905 1899  819 3364 3064  727 1732 3010 1643 2888 2545  881 2818 1498 2686 2819 2829 3276  603 1144 2939 1469 2652  599 2995  239
 2461 1703 1890 1335 1521  174 3282 3353 2019 1316 2759 1516 1021  827  669 2551  675 1788  121   82  397 2817 2284  619 1968   43 1660 2060 2713 2178 1688 3348  692  405  932 3147 1403  233 2488 3225 2679  248 3244 2802 2726 2997  779 1712 2151 2187 1829 1245 1662  216  510 2706 1965  564
  699 1561 1280 2592 3003 3330  276 1062 2585 2560  218 1361  817 1870 2692 1242 2901 3332  935 3059  921 1605 1632 2668 1826 2379 1558 1680 1642 3262  839  141 1853 2725 1810  831 3133 1246 2241 1479 2441 2514  350  165  738  412 1088 2011 1139  281 2896 1830 1364 2210  801  670 1953 1876
  575 2594 1599   30 2903 2877  928 2239 2942 2396 2575  332 2859 3019  659  751 1194 1514 2830 2342 2760  773 2211 2077 1757  697 1891  772 1103 2288  804 2650 3030  706  375    1 3275 1408 1026  736 3337  157  181 1782  435 2047 2430   24 2763 2990 2292 2418 2918  391 1179 1944 1232 1567
  213 1034 1931  414 2449   48  741 1946 2328 2584 1794  487 2940 2504  730 1095  102  303 2744 1290 1941 2745 1912 2623 3280 1629  753 2721  159 2364 2155 1536 2882 2203 1719 3159 1426  964 3342 2827 2377 1177  882 2130  604 2366 3029 1831 2996  808 3259   34 2302  828  860  315 1292  478
 1356 1407 1530 2162  780  123 1897 2543 1109 1943 1036 3095 1804   40 3123 2202 2984  331 3215 2527   39 1850 1380 2208 2844  545  390 1143  496 1127 2879   15 1483 3070 3055 2337 1464 1840 2589 1878  354 2026  325 3189 1147 3012 2163 1388  837 2407  109 2466  358  996 2916 3306 1701 1046
 1508 3213 3117  145 2768 1974  319 3081 1997 1436 2999  561  563 2015 3264 2954 3214 1284 1666  631 2583 1819 1348 2921 3072 2091 2765  764  568 1696 1896 1864 1539  724    3  369  134 3001 2308  140  300 2563  950 2185 1889 1598 1027 2024 3099  521 2717 1392 1315 2630  206  289  448 2118
 3235 2020 2795 1823  267 1800  644 1397 1892 1372   54 2232 3138 1249 2961 2683  722 1854  863 2593 1902 2045 2088 1957  580  251 1008  931 1296 1994 1669 3069 1633 1489 2955 1119  417 1243 2428  502   22 2372  924 1677 2459 2476 1882  933  553  531 1328 2191 2133  689 2613 2895 2854 2883
 1031  651 1751 1322  858 1503 2628  584  656 1772 3234 1722 1072 2419 3258 2971 1412  992 2330 1689 3077  115 1885 2934  264 2108  387 1613 1475  788  318  265  763 2690 3206  464 3319 1691 1636 1266 3216 1980 3172  781 2821 1142 2654  333 1873  866 3209  201 2159 1020 3155 1013 2457 1414
  514  530 2475 2312 2729 2443 2695 2825  598 1396  312  596 2681  107  776 2329 1355  565 3339 2188 3136 2826 2974  726 1738 2080  228 3107  419 3082 1707 1675 1906 2295 1251 2862 2627  842 2074 1129 1834 1627  148  693 1229  643 2605 2976 2247   97  131 2531  444 2904 2569 1275 1400  783
 2938 2963  309 1457 1626 2906 2319 1012  347 3347 2814 1702 2734 2117 1430  266 1619 1350 1167  653 2233  551 2738  897  585 2245 2609 1786 1779 1113 1481 2470  480 2299  338 3289 1661 1234  242 2691   44 2102 2890 1447 2445 1448  519 3021  542 2356 2834 1262 2912 1686  116  854 1195 2115
 1058 2699  130 1393 2536 2042  445 2719 2336 2510 3323 2397 2394 1778 1093 1331 2524 1001 2006  330  250 3233 2857 1162 2339 2326 1271  257 2876 2486 2196  327  701 2385 1472 1534  249  818  641  572 1582  282 3324 2207 1100   59 1610  700 2408 3243 2779 1106 1159 2874 2075 3263   76 1741
 2675  635 2850  577  578 2103 1283 2529  352  774 2290 1938 3207 1664 2429 1735 1277 3056 1500  214 2554  630  756 3140 1237 1126 2014 2487 2198 1985  380  708 2415 2750  606 1230 3002 2193 1181  543 1879 1336 2216 2071  986 2212 1259 2469 2477  570 1713 1764 2698   95  184 1947 3198 1710
 3270 3177 1862 3111 1584   83 1341  787 1555  856 1019 1929  729 2723  749 1917 1784 2947  188  241 3023 2096   65  766 2573 1671 2497 3085 2158  362  888 2907  278 3148 1281   38 1208 2008 1940  920 2123 3058 1329  495 2401 1422 2447 3114 1562 1884 2781 1411 1673 1928 2894 1055  629  615
  461 3164 1592 1880  407 2673  900  761 2046  904 1608  472  865  294 2956  183 2004 2238 2508 3194 1799  392 2764  576 2433 1504 1785 2376 1199 1817 2260 2167 2887 1053 2511 2448 2853  451 1381 2070 1685 1138 1559 1219 3345 3346 1725   80 2436 1721 2265 2276 1325 1992  658  280 1289 1410
 1202  936 1828 2578 2553 3340 1961 2249  313   78 2555  943 1108  981  829 1630 2724 3310 1123  430 1670 2970  794 2084 1909 1169 1038 2124 2663  187 2590  556 2562 3040  492 1509  155 2332  293  156  196 2566  270  560 1425 2516 3027 3224 2994 2214 2177  497 2355 1286 2455 1960 1935 2964
 3312  317 2392 2192  126 1570 1455 3295   86 2998  594  125 2078 3266  306  795 1803 1349 1678 2564  474 1268 1267  263   61 2749  959 3134 2383  172 1692 2479 2016 1445 1730 2268 2272 3195 1115 3250 2347 2424 2458 1256 3363  393 2783 1743 1839   36 1300 2899 1635 1520 1033 1449 2138  476
 1149 1718 2620  245 1604  957 1647 2352 1273 1631 1218  719 1056 2277   20 3228  821 1154  442 3301  748 3200 1996 1958 1120 1966  467 2168 2493 1240 1733  452  113  462 2785 2586 3320 2498  848 1915 1833 1972 3247  612 2943 1423 1866 1200  493  696 2120  800 2421 2930 1399 3049 2616 2465
 1513 2095  989 2044 3326  546 2832 1368 1528  768  240  105 2092  834 1565 2766 1776 1970 1040  836 2552  747 3100 1499 2798 1321  843   10 3283 3298  902 3120 2799 1791  507 1501 1760 2977 2856 2871 1971 2132  111 1128  170 2435  859 3220 1659 3135 1024  254 1071   55 3338 1131 2164  960
 1037 3068  226 2403  618 3242 2500  705 1625 2928 3044 3028 2176 2012 2773 1774 2474 2638  158 1560 1367 1011  785 1310 3341 1761 1993 2242 1076 2255 2464 2868  235 1793 3119  150  237 1575 2423 3121  449  718 1415 2035 1429 1254 1050 1362  447 2612  290 1312 3176 1193 1092 1089 1203  344
 2307 2161 1716 1269 2794 2840 1911 2318 1904 1758 1192  948 1086 2386 2087  740  552 2142 2621  813  892 3334  590 2642 1792 1663 1476  527 3284  217 1578 2911   37 1060  678 3041 3269 2509   12 2813  739  757 1766 2072  463  949 2082 2263 1538 1327 1868 2170  908 1224 1554 2709   96 3230
 2495 1373 3302 1209    9  850 2494  423  605 3219   49 2100 1628  698 2147 2121 2114 2812 2855  356  166  377 2240 2437  823 1639 2228 1015   58 3124 3309 1535 2735 2134 2926 1597 2266 1836 2036 2909 2344  142 1851 3331  173 1537 1176 1822 2174 2298 1901  628 1477 1214 1557 3237  195  279
 1708  832 3063  192 1160  100 2460 1185 1383 1458 2982 2273 2924 1482 1075 3333 1731 3315 2200 3079 2225  484   53 2048 1313  177 3294 2038  359 2039 2175 1937 3190  180 1261 1609 1954 1569  222  621  998 1984  607 2989  469  884 2281 2657 2311  942 3151 2671  731 2358  569 2757 2135  408
 2251 2730 1074 2860 2547 2324 2063  762  439 2294 2945 1264  522 2491 1174 2746 1035 3359 1775 1424 1293  499 1714 3125 1298 1295 1921   35  298 2678 2365 1706 1861 1311 1111 1795  349 1510  742  335  296  458 1387 3061 2410  961 1186 3025 1835 1294 2194 3073  489 2306 1979  663 2689 2959