  584 1615 1608 3191 1222  225 1321 2601  285 1206 1274 2360 1558 1731 1133 2176  454  624  478 2103 2640 1394  934 3419 3130  211 2467 1915 2834 2932 2972 2265  833 1547 3115 1565  831 1674 3062 1849 2125 2634 2914  255 1075 1367 2241 3290 2833 1796  336 3118 2034 2227 3116  510  433  185  892
 3373 2916 1760 3432  721 2680 3009 1110 2474   23  123 2699 1148 3286 2048  180 2500 2587 1644  224 2023 1827 1117 1422 1530 2533  103 3287  214  827  451  245  453  490 3030 3021 1837 2887  562 1094 3323 2829 3136 2756 2591 2671  789  803  807  974  913  523 2335 1592 1828 2482 3399  576 1502
  411 2457 1621  975 1142 2453  904  476 2200 2708 1415 1465 2517 2432 1617  109  628 1587  252 3350 2774 3392 3203  388 3473  202 1020 2681  930 2321 2746 2180 2612  868 3345 1233 2424 2554 2621 1739 2295  999 1374  450  455 1743 1775  615 1944 2479 1032 1132 1593 1294 3159 1563 3022 1557  813
 2142 2639 1732 2455   84 2340 1999 1231 1630 1045 1511 2144 1060   57 2843  822 2213 1403 2589 2278 2884 2523  876  504 2426 2490 1437 2508 3320 1387 2545 1097 1050 2618 1479 1444  145 1647 2157 2879 2225 1890  194  323 1419  560 2910  815  113 3043 2137  854  527 2626 1926 3100 2544 3362  518
 2189 3252  305 2206 1144 3242 2964 3084 1275  896  648 1276 1843  686 3178 1078  710  170   93 2898 1652 1331  600 1802 3409 3261 3428  643  341 1868  303 1197 2619  972 1844 2411 2355 2107 3277  961    7 2268 2886 3352  289 3231  142 2311  337 2943 1106  575 2235  165 1987 1818 3388 1908 2253
 2579 2341 1924 1342 2694 2706  110 2607 2685 2384 2505 2800 1513 3379 2037  567 1804 1225 1777 1174 2616   62  679 1186 1879  438 1425 2811  324  181 2828  200 1540  587 1553   87 1824 1501 3047   19 2449 3299 1629 2662 3236 1360 1463 3005 2744 2010 2941 3391  837  880 2950 1583  802  204  334
  485 1131  738 1327 1748 2072 3349  503 1826 3410 1390 1166  427 2580  895 2058 3205 1730 1521 1754  272 2423  391 2871  405 2462 2798 2559 2949 2167 1249  968 2111 1795 3265 1038  550  239 1594 2750  769 1282 2900 1822 2099 3083  867  732 3367 2852 2016 2033 2323  585 1801 1307  604  805 3301
 1128 2647 3341 2651 2902 2203 1266 1399 3294   25 2952  874 1958 1867  730 3121  980 1114 2076 2036 3139  680  920  494 1198 2565 1872 1295 3356 1885 1337 2819  993 2492 2657 3180  318 1741  597 1709 3133  982  526  130 2766  681 2416 2006  546 1870 2567 1620 3216 1247 1892 2084  473  171  582
 3144 3209 2282 1773 3310 1779  832 3128 2515 1442 3149 2143 1022  367  480 2878  160 1923 1163 2319 2707 3187  806 1505  159 1661 2711 2375 1527 2769 1646 1618  566 1525 1658 1124 2876 1589  125 2793 1861 1459  767 1145   43 1217 1569 2015  994  903 2892 1634 2011  447 1066 1336 3151 1823 2441
 3167 2002 1710   96 2594  959 2454 2786 3444 2698 1290  630  637 2489 3407 1080 3322 2650 2214 3263 2617 1720 2022 3089 1330 1069 2396  400 2527 1985  271  906 1311 2163 2779 2574  776  404 2069  306  571 2393  286  131  639 1285 2581 1963  766 1560 1714 1003 2412   77 3087  836 2784 2118  907
  127  327 2822 1323  488   79 2242 1498  998 2399  136 2477 3003 1724 1224 3177  377  489 2320 1072 1726 1182 3058 2331 1201  439 2528 2322  330 2327 3061 1147 1994 2121  108  665 1024 3321  101 3457 2965 2692 2184 2743 3340 2728 3113 1891 2148  703  182  321 3382 3376 2787 1627  295  777 2720
  655 2712   11   70 2303 2465 1205  727 1015 1552  112 1931 2083  437 3199 3423 1626 2134 3131 2473  700 3165 2249 1808 3037 2742 3111 2102 2027 1949 1983 1639 1975 1607 1561 1258 1836 1046 1312 3293  760   45 3394 1606 3338 1699 3246  374  389 2414 1272  184  390 2536 1181  528 1971  937 2791
  861 2792  921 1917 3434  487  430 1981  535 1113 2459  966 1269 2325 3250 3227  779 1784 1596 2781 1939 3279  631 1489  762 1715 3162  243 1768  908   81 3154 3397 1531  875 1491 2114  765 2509 2986 2835 3384  410 3192 3431  728  156  757   22  468 3074 2443 1851  733 2775  277 2141 3186 1150
 3171  317  646 1230   17  309 2314  783 3016 3424 2091 1382 1800  754 1319 1899   20  148 3137  564 2631 2468 1833 2464 2917 2499  435 3255 2888 1742   47   88 2408 3247 1093 2370 2789 3200  238 2263 2133  912  316 2897  847  986 2597 3013  482  748 1304 2745 1755 1671 2095  702 2374 3348 2578
 2030 2982 1852 2382 1792  988 1111  358 2776 1014 3281 1281  821  945 1086  606 1700 2210 1721 2613 1887  442 3234 3339 2244  288 1438  471 2960 2026 1665  393  740 1469   49 1894 2128  104 2983 2807 2351 1829 2557 1519 3092 1398 3415 3334 1855 3347 2506  558 2637 1884 1127  719  350  736 1395
 1701 1256 2485  926  235 2624  751  531 1273 1255  745  842   83   28 3436  198 1953 2969  263 2998 1001  152  706  356 3001 3066 2832  226 2476  537 3104 2136 2551 1292 3238 2861 2979 1264 3011 1571 1468 2440  818 3289 2196 1228  583 3312  146  893 1157 3466 3465 2575  352 1170 3181 2974 3094
 1590 3218 1447 1023 3038  493 2909 1467 1034 3017 1137 1079  716 2966 3019   26 1688 2306 3124 2719 1635 2354 1991 1922 1555  207  141 1146 2444  274  431 1694 1969 1301 1722 2438 1376 1839 1860 2044 2714  801 1161 1522  989 2120  614  625 2511 2804 1955 1538  360 2954 1653 3476  300 3464 2799
 1670 3420  521 2512 3435 1368 2285 1325 2261 2676 1977 2532  140 1042 3260  978 1718 2805 2024  707 1340 2075 2480 3134 3368 1691    8 2172 1278  612  692  397 3429  623  622  796 1365  678 2363  549 1477 2864 3050  496 2840  186  983 3138 3273  592 2598 3129 2493 1835 1168  507 2990  670  102
 3456  294 2188 2209  654 1338 2174 1642 3327   16 3336  674  696 3381 1138 2994 1037 1684 2548 2486  850  512  647   75  495 2682 3049  642  308 1943 1041 1877 3036 2017 1352 3132  124  829 1090 3437  379  618 1763 3366 2895 2809  771 3364 1102 3244 1986 1893  394 1848  633 2968 2723 1413 2140
  144 1946 1188 2166 2398 3304 3196 1195 1369  444 2961 2955 2402 1613   86 2094  739  266  129 2585 2057 2614 3152 1322 2208 3048 2201  668 2283  376 1689 3396  241 1757 2627  662 2731   24  172 2158 2553 1440 1866 1576  758  429 3306  676 1405 2715 3090 3288 1886 2204  118 1354 2418 1315 1756
 2252  603 1378 3206 3122 2801 2326  663 1662 2904 2845 1056 2605 2182 1510  885 1162 1254 2205  116 2780 3232 3447 1200  230 3413 1235 2012  361 2830 2783  722  513 1660    6  890  264 2138 3371 1798 1622  932 2524  406 1381  590 2740  579 2550  402 2470 2425 3119 2110 1363 1679  709 1962 1534
 2765 3267 3190 1816  925  768 1526 2839 1938  798 1952  544 2749  215  743 1252 3057   61 1989 1484   92 2092 1000  695  209 3024 3256 2732 2028 3361 1529 1427  900 2347  782  190 1789 3204 3010 1685 2339 2502 1236  247 1404 1916  781 3018 2260 1180 1286  935 1574 1549 1309 2359 3080 2726 1788
 1611 1139 1941 2722 1535 1347 2539  412 2187 3401 1655 1840 1761 1598  947  552 2372  275 1476  522 2334 1927 2590 3079 3182  814 1978 2234 2064 2009  461 3029 1717  979 2905 3266 1435  667  927 2087 3067  770   58 1287 1241 3183  617 1291  690  794  373 1673 1602 2976 2129 2802 2755 1702 2193
 3156 2773  174 2962 2079    1 3314 1786  726  785 3307 1736 1067 2152 1856  555 2329 3430  534 3332  747 1811  199 2716 3230  804  598 2066   32  188 3467 2156 1812 2312   34 1453 2458 3405 1682  671 3272 3212  860 3223 2139 1238 2165   39 3097 2074 1568 1353 2929 1199 1545 1407  151 1027  326
  886   35 1633 2392 1160 1536 2054 2055 1573 2093 2409  514 2816 3095  304 3164 1934 1409  440  742 2487 2126   82  859  265 2145 1402 3160 2687 2920  951 1355   10  774 1959 1814 1345 2153 1863  697  191  923 3309 2717 3025 2377 3426  138 1243 1176 3433 2604  340 2122 2289 3324 3040 2656 1088
  950 2851  228 2758 1845  369 3268  446 1794 1588 3082  344 3403 2025  311 1026 1370 2842 3046  956 2772 3117   72 1043 1654  349 3023 1329 3468 2365  532 1122 2344 2358 2007 2127 2056 2652  688  971 1187 2948 2019 1514  744  392 1562 1912  279  882 1910 2568  421 2889 3453 3398   30  656 3404
 1458 3093 1334 2865 1305 1693  325 2922 1749  457 1372 3241 1956 2112 2343 2953 2997 2207  995 3175  445 1109 2284 1351 2478  515  675  694 2666 1778 2534 1169 2795 2317 2915 1326 2491 2000 1232  301 3298 1136 1183  335 1599 2764 2673 1690  645 2336 2274 1640  364  834  607 2020 2541  122 1031
 2417 1171 2862  339  368 1482 1383  343 2667 1902  799 2813 1729 1062 1905 2405 2980  396 1581 2735  530 2636 2654 1271  666 3201 1140 1780 3389 2220 1203 2446  257 1597  563 2345 2202 1112 3091 2926 1450 1820 3143 3422  855 1288   12 1500 1377 3153  749  984  322 2686  792 1764 2921 1649 2264
  178  475 3195 1716  357 1515 2308 3354  734 1728 1539 1864 2404 1178  333 2367 2115 2643 2333  221  963 2221 3166 2558 2872 1006 3065  589 1678 2169 1897  897 2420 3140  828 2231   52  884 2471  764 2073 1668 1903 2525  825 3243 1341 3225 3461  423 3096  106  331 1919   42 2498 1364 2071 2177
 1503 1445 2925   14   37 2989 1385 1631 2573 1609  594 3233 1209 1388 1869 1246 2576  791 2767   78 2622 2625  115 1936 1567 3363 3480  464 1434 1475 2855  902 2415  853 1907 1012 3044 1791  276  469 3344 1441 2014 2232 1471 1064 1410 2782 3393 1077 1601 1218  281 2912 2531 3443  258 1047 2733
 3474  941 2448  253  353 1346 1359  641  342 3194 2806 1554  139 2938 3033 1648 3472 2638 2190 2045  636 1219 3184 2086  649   40  548 2907 1423 2298 1411  826  565  843  384  365 2896 1310  985 3302 1738  203 2257 1474 1461 2046 3317   64  838 2366 1807 2603 3014 2937 2894 2080 1765 2660 2504
 2759  244 2266  626  858 2463 1859  823 2371 1979  849 2041 2407 3041  486  153  477 3222  424 1993 1925   33 1449 2243  991 1988 1153 1339 2447 3004 1371 3077 2269 1504 1262 1889 3478 2906 1584  169 2911 1937 1380 1119 1082 3337  870 1016 2737 3059 2803 2595 1389  797 1485  691 2854 1239 1996
 3271 1011  914 1876 1229 2899  167 2035  711  795 1651 2379 2090  378 2290 3026 2003 2866 2281  135 2222  168 3028 2349 2192  519 2629 1681  704  620 3085 1847  689 1343 1242 2560 2992 1115 3333 2437 2543 1517 1695  830  206 1832 3086 1384 2309 2609  554  413 1604 2690 3412 1070  502 2018 1683
  345  888  208 2132 2583 2267  520 1237 2970 2060  933 1096   51 3031 3239 1300  460 2577 2988 2659 1240  329  568 3454 3054 2228 2191 1283 1430  763 2754 3275 2572  936 2867 2039 3427 2995  866  940 1259 2397  313  872 3002 2293 1073 1585 1284 3105 2481  894 1007 3296  605  242  448 1810 1998
  725  456  901 2130 3224 1267 1268 3020   76 1184 1289  917 3135 3081  315 1165 1853  385 2836 1196 2101 2674 3318 3402 2123 2466  952 1265 1033 3452  500  808 3284 1669 2250 1875  491  840 2761  307  756 3217  119 2760 3335  705 3258 3148 1253  879 2848 2362 2162 1512  126 1348 1637  793 2507
 2273 1084 3313 2049 1708   18 1650 3170   29 3469 1499 2195 1393  569  155 2977 1126 3163 1799 1308  946 2649  824 1306  658 2061 1154 1769 2542  212 2566 2197  463  187 2521 1559  741 2891 1177 3229 1375 2475  990  693 3316  987 1040 2247 3032 3202  128 1317 1970 2753 2700 1226 3102 1687 1880
 1055 1973 2973 1103 3120 3125 1556 2928   27  154 2880 2052 1202 3235 3073 2561 3075 2824  383 1152 3106  332 1492  220  551 2538  969  889 1107  962 2369 3150  259 3346  577 1797 1400 2031  177  820  246 2570 1349 3416 3015  401 2307 3262 2850   85  916  176 3069 1960 1216 2230  499 1448 3161
 3109 1858  517 2456   90 2419 1451 2881 1035 2704 1914 2844  298 3414 2149 2422 2934 1333  441  715 2005 2286  467 1396 2924  120 1841 2161 1105 1564  175 2571 1842 1481 1523 1972  268  538 2777  881 2053 1616 2696  359 1506 2262 2841  839 1809 1191 1490 2599 2445 2724 1426 1838  372 2361 3411
 1542  724 2096  939 1416 1834  595 2853 2936  570  210 1013 2820  250 1697 1753  997 2857  800  466 2376 3449 3283 1029 1005  529 1401 3460 1667 3169 3328  644 3441 2434  114 3220 3264  192 3377 2923  586 1417 1857 1397  638 2040 2930 3380  196 1488 1747 1192 3270  166 1664 2042  387 3470  179
 1021 2386 1083  556 2520 1025  608 2642 2913 2085 2552 1603 3386 1143 1572  291 2097  588 2394 1215 2885 1141 2991 1460 1424 2655 2154 3353 3253  161 2693  992 1575  143  201  283 2768 1495 1155 2472 1280   97 3214  752 2947 3006  931 1324 3101 1737  197 3400 3045  981 1293 2147 1051 2785  497
  525 1357 3259  302 2318 2239  899 2919 2218 1591 2328 2890 2697  640 2337 3208   60 2059 2705 1813  967 1223 2602 2606 2944  227 1873 2435  632 3451  953  759 3071 2679 1478 2846 1472 3372 1439 3297  297  260   91 1159 3064 2237 1194 1244 3000  100 1705  338  249  366 2869 1657 2070 1992  137
 2240 3215 2330 1185  462 1984 3189 1819 3479  928 2483 1704 2178 2827 1524 2762 2173  398 2514  846  787  415  954 1456 1135 1546 1900 3374 1004 2596 1881 2526 1957 1158 3063 2108  735 3228  780 2519   15 2683 3325  635 1036 2628  701 1019 1888 3070 1328 2586  717 1929   53  403 1392 1433  516
 3060 2297 3035 2346 1659 1313 2632 2211 1928 2747 1213  919 1966 1948 1030  816  561 3360 3300 2032  381 2537  432  541 1120   59 1817 1048 1770 2763 1470 2877 1261 1543 1940 1303 1782    3  601 2199 2236 2821  134 1582 3219 2718 2155 2522   63  611  173 1076 3274 3291 2959   13 1379 2381 2292
 1803 1850  232 2678 1619 1318  905  909   98  481 2874 2658 3098 1746  217 1636  661 3375 3331 2584 3034  229 2814  591   66 3292 1785 1790 1772 3053 1733 2730 1486 2823 2288 1758 2390 3237  851 3155 2431 1049  652 3179  248 2451 3319   89 1436 2383   99 3285  310  505 1277 1719 1698 1361  278
  458  698 2981  409 1954 3351 2175 1805 2901 2219   65 1759  835 2378  542 1297 2391 2985 1125 1967  731 1130 3142 2062   48 3207  472 1010 1774 2875   67 1935  657 1641 1806  964  319 3008 2675 3311 1263 1703 3249  924 1595 3481  234 1904 2729 3027 1980 2547  578 2927  627 1432 1068 2271 2051
 2668 2549 2645  506 1566 2296  524 1017 1831 2029 2958  256  509  355 2633 3303 3458  254    9 2067 3147 2873 3385  848 1116 2356  878   50  864 1018 2350 3088   69 2301 3078  147  346 1208 3051  650 1248  699 3387 2181 1982 1643 1541 2516 2957 3276 2497 1942  746 1059 1373 2088  977 2688 1663
  543 1175 2001 1220 2104 2452 2259 2427  414  714  621 1151 1190 1932 1221   55 3280  869 1579    4  508  910 2967 1455 1533 1672 1473 2494 2646  976 2352 2430 2945 3358 2226 3326 2727 2677 3221 2903  683 1577 1429 1002 1466  498  395  267 3193 2131 2555  943 1951 3365 2529 3450 1896 1028  351
 1065 2518 2316 1750 1518 1551 2304 1443 1713  755 2751  434 1053 1520 2611 2106 2569  596 2510  786  877 2661  312 3042  459 3471  761 2065  811  150 2935 3438  218 1260 2513 1234 2380 2870  753 1707  158 2433 1911 2856  328 1129 3448  164 2082 1846 1711 3251 1624  237 2388 1623 3198 2648 1898
 3226 2146 1600 1656 2089 1099   74 1210 1734 3357  718 1781 3107 2401  955 2400  891 2672 2021  223 3446 1509 2450   94 1446 1362  132  572 2389 2395 3145 2796 2300  299 1167 1121  712 2975  216 1945 3408  222 3475 1452  282 3442  233 2630  371 1227 2940  375  602 2790 3378 2670 2198 1497 1696
 2135 2709  844 2703 3245  682 2270 2946 2562 1414  948 1675 3197   71 2315  483 1480 1612  386 2831 2495  653  492 1586 1909 2757 2592 1862 1204 1507 3240 1494 1487 2342  573 1081 1776 3157 2004  284 1744 1428 2956 2194 2385 1314 2826 1250 3445  290 2124 2170 2849  251  918 1358  957   46 1211
 1815  236 1408 3172 2233  812 2951 1921 2689  708 2332 2038 3126  619 2008 1483 2461 2610  547 3185 3112   73 2993  474 1990  911  687 2530 1735  418 1085 2160  484 2701 3257 1532 2815 3295 1725   68 1279  553  942 3395 1614  865  273 2838 3146 2215 3039  660  790 2183 1454 1883  593 1061 1537
 2171   41 2413  363 2608 1095 1712 2068  581 3052  685   54 1767 1332  121 2246 2710  382 2999 1550 1431 1298  269 3439 2535 1100 1871  105 1821 2825  574 1089 3305 2186 3417 2978 2540  107  425 2185  898 2105 1464 1913 2368 2563 3176 1350 1632  536 1320 1997 3418  117 1638 2503 3173 2741 2357
 1149 1044 1091 2310  871  416 2164 1316 2373  280  857 2695 2664  149 2305 1874 2893 1101 3141 1406  915 2713 2859 3278 3114  949  616 3103 1645 3463  354 1193  677  557 3269 2931  996 2216 2050 1950 3342  292 1123 3123 1677  533 1548  470 2439 1933 3072 2669 1895 1878 1496  189  362 3282  449
  420 1610  672  784   56 3254  157  539 2248 1366 2258 1270 1723 2644 2353 2179  773 3455 1516 1676  205 1751 2280 2151 1156 1009 1173 1865 2615 1830 2817 1771 2159 2971  347 1391 1508 1901 2113 1299 1793  772 2276 2860  856 2863 2047 2460  348 1418 2255 1421 2245 2808 3012 1995 1745 1692 2588
 2299 1918 2224 2063 3390 2496 1740 1104  862 2858 1257 1335  407 2663  965 1727  545 2868 1207   95 1054 3359 2406 2847 2939 3007 2987 2812 2429  673 2653  599 1686 2788 2918 2277  320  841 2883  287  261 1965 1296 3440 2275  863  809  775 1118    5 1356 2291   38  684 2488  922 1039 1976 3330
 3174  231 1544  270 3056 2119 1882 1947  960 2963  262 3211 2818  452 1752 1108 3055   21  511 3127 2556 1420  713  810 2313 1092 1179 1098  370 1008 2582  852 2725  162 1825 1580 2623  609 2254  750 1063 3076 2324 2279 1493 1680  293 2933 3110 1457 2778 2702  720 2364  723 2691 2794 2620 2635
 1087 1528    2 2217 2238 3462 3099 2078  240 3168 1628 2338  163  428 2564 2501  479 2077 1245 3308  193 1386  938 1930 2641  419 2109 1706  817  559 1058  929 1974 2593  399 1057 2837 1074 2387  883 2212 1071 2736 1214 1854 2738 1462  422 3158 2442 1052 2908 3188  465 1134 2546 3421 2223 2734
  651 1787 3343 3459 2428 1251 2996 3108 3329 2100 3383 3248 2421 3068 3315 3477  296  443 1968 2229 1412  540 1625  664  436 2942 2287  610  669  213  958 2600 3406 2810 2117 2684 2752  580 1605   44 2771 3355  729  111  788  183 1570 2665   36 1212  195   80 3369  845  778 2256  737 1172  613
  873 1920 2098 3210 2116 2251  501  819  314 1783 2469 2748 2484 3370 2436 1666 2984 2013 2403 2348 1164 2081 1344 2272 2168 2294 2721 1302 2150 2410 1906 3425 2882 2302  219  944  426  629  133 2770  634 2797  970  408  659  417 1578 2739  380 1964   31  973 1762  887 2043 1766 3213 1189 1961