 1741  231  577 2219  587 1460  132 3315 2283 1905 1697 1558 1205 1318  533 1691 3564 2712 3471 2563 2983  443 1944  535  612  768  975  111 3187 2870 2176  909 1082 1890 1736  892 1926 3388 1380 3088 1420 3319 3427 2385 1069 3069 2512 2709 1007  142 3359 1286 3256  789 1675  557 3446  995 1782 2169
 1913   22 2510 2766  472  517 2149 2161 2770 2618 3426 1887 1404  427 1756 2277 3284 2314 3384 1563  116 1976 1458 1211  552 2027 2803  647 2139 2999 3058 1124  362 1577 3034  980 3406  755 2913 3081 1480 3460 1108 1619  734  530 2793 3463 2708 2114  766  774 1342 2743 1002  961  407 2732  180 1276
 3224 2514 1127 1535 1128 2893 1906 2783  650 2037 2461 2014   47 3472 3164  762  532 3117  926 2442 1518 3177  446 3093  973 2424    9  658  356 1254  309 2952  194 3380  358 3440 2833 3357 1120 2847 2696 2234  751 1136 3185  500 2859 1743 1016 1990  375 1040  825 1369  861 3411 3509 1572  171 3355
 2982 1607 2752 1029 3195 1482  562 2074 1767  575 1051 1218  585 1836 3253 3067 1676 2082  878  433 2529 3494 2344 1647 3496 2128 3378 2411 2098 1699 1146 2861 3241  178 2666  193 1795  244 3032 1313 2290  173 2339  929 2900  484 2151 1173  944 2765 3477  693   40 3083 2373  705  573 1145 1116 2680
  978 2700  106  828 1609  273 2877 2186 1067 3251 2716 3011  870 1979  962 3107  497  367 2091   11 3148 3015 2535 3114 3084 1161 1236 3594 1372  876 3272 1542  663 2064 3130 1590  644 1423  495 3395  777 1323 1199 2252 3343  873  767 3448 3493 1771  290 1886 1227  315 1004 1755 3245 1792 1759 2672
 2659  869 3261 1307 1996  550   32  931 2676 2120 2422 1695 3491  981  235 1427 1341  279 2903  651  966 3056 3189 2359 2099 2932 3119 2013 1093 1050 1914 1507 2657  341 1332 1477  904 3075 1502   64 1180 3239  735 3478 1553 3019  671 1632 1368 2205 3368 2129  936 3026 2078 1491 2109 1179 3553  606
  567 3536  218 1720 2639 1442 2720 1664 2305  872  206 2757 3039 3170 1257 1868 1089 1186 1666  972 1268 1527 2542 1576  913 1267 1638 2942 3525 3542  258 1540 2670 3410  604 2818   41  589 1726 2038 3498 2403 3222  681 2977 3307  819 2307 2550  335  740  274 2337  515 3344 2119 3274  328  158 1515
 1336 3488 1174 2018 3528  563 1468 3300 3419 2450 1492  421 2452 3136 1280 2111 1750 3535 1694 2710  327 3505 3194  912 2270  520 1947  621  225  166 1079 2188  177 2019  135 1434 3016  822 2184 1464 1057 1620 1483 2288 1685 2003  312 2506 1158   25 3433 1530 1358  843 3181 2336 2416 2101 2394 2771
 3549 1925 1859 2263  425 2248 1985 1391 1449  243  778 2740 2788  270 2706 2816 2773  138 1265  685 1975 2302 1421 3439  536 3484  105 3568  200 1987 3538 3209  954 1838  339  752 2834 3188 2574 1425  827 1312 2477 1682 1898  256 2744 2006  229 3033  648 2867 3221 2640  212 1910 3486  368 1090 1160
 2690  232 2839 1586 2910  236 1667  584 2079 2342  285  814 2845 2992 2414 1992 2990 1541  394 1573  133 2317 2407 3298 1447 2961 3179 3135 1435  369 2645 3342 1003 3407 1109 2093  228  261 1272  401 2061 3001  509  323 3052 1846 3280 1808 3040 2606 2469 2819 2642   94  538 1543  812 3047   21 1072
 2202  112 1735 3416 2976  174 1602 2669 2063 2165  698 3353 2552 2953 2364 2281 2239 3526   54 1324  947 1599  801 2025 2300 1807 1701 2530  714  542  249 3313 2105 1671 2454 1233 2602  519 2917 3175 2040 1143  826 2588 1684 3151  934  207  482 2412 1439 1763 2153 1481  770 1077 2798 2815  182 2423
 2010 2799 1656  886 2995 3328 2183  991  659  114 2651  437 3456  860 1387 1047 2015 2590 1261  983 1348  263 1605  220 1968  863 3379 2705 2254 3121 1631 2684  125 3495 3137  911 1627  379 1436 3569 2951  949 3469 2393 1389 2622  927 1704 1398 2808 2503 2507 1568 2664 2493  836  842  154 1777 1048
 2774 3467  416 3430 1325  771 3257  834 2701 3560 2043 2968 1876 1943  880  628  855 1301 1310  607 2191  488  890 3201 2479 3597  686 2238 1203 1939 1309 3244 1465 1182 1012  554 1039 2476 1073  413  465 3570 2762 2304  124 2916  361 1052   45 1980 2956  393 2421 3103 2980 2369 1539 2577 2522 1966
  952 3437  699 2939 2601 2531 2224   81 2658 1322 1582 1202 3305 3250 2017 1822   61  424  134 2247  727 3590 1399 1415 2889 1297 1296 2041 2036 2352 1911 1842 3578 1162  237  329 2831  389 1165 1315 2022 3286 3249  477 3233 1531 2582   48 1611 1557 1811 1054  719  366 3048 1852 1866 3073 2030 3326
  162 1526 2355  824   18  400 1232 1088 3160  373 1339 3540 1727 2758 1293 1871 3551 2548 3153  451  879  245 3348 3063 1400  633 1397 1405 3190 1134 1352 3080 2583 1126  958 3418 2485 2257 1379 2480 2921 2102  732 1061  632 3537 3510 3078 2546   39 1800 2814 1279 2262  457 2438  638  833 3483  687
 3006 2351 3199 2076  464 1788  289 2807  352 3487   56 1574  276  301  739 2747  871 1688 1071  641 3079 2258  556  971 1738  254  426 3021 1677 1511 2914  888  874 2107 3339 1951  809   37 3243 3449 2293 2846 3557 2521 2253 1140 3455 2600  677 1700 3142 2842  695  347 2168 2806  668 3092 3118 1225
 2174  321 2210 1269 3196 1484 3262 2170 2993 1330  415 2208 2242  721 1432 2862 1385 3071  760 2644  640  953  720 2543 1479 1660 2612 1009 3212  799 1963 1584 3288 2177 1658 3178  149 1626  957 1340  818  574  664 2633  296  555  439 3042 1292 3513 2357 2813 1760 1514 1063 1809 2894 2156 2929 3213
 1820   28 2984 2547 3207 1537  422  548  148  253 1833 3531 1931 1472 2694 1157 2155 3558 2564 3360 2046  435 3428  859 1958  728 1331  883 1860 1861  292  240  456 1903  675 3314 2185 2565 1197 2415 1772    3  982 2742 1812 3479 1748  516 3162 3149 2641   78 1764 2930 3266 2723 3534  759 1486 1104
 1407   58 1747 1709 2495 2333  412 2287 1545   43 2573 1266 1835 1942 2591 1702 3481 1946 1239 1437 3070 3351 3176 2896  816 2843 1856 3403 1843 2707  505 2578 2035 3143 2668 2655 1801 2863  646 2989 1948   16 2869 1650 1329   74 2596  255 2054    8  551 1008 1394 1107    6  846 3152 2136 2034 1105
 1006 3381  528   53 3489  935 3552 2717  286 1356  893 3287 2962 2678 3474 2885  267  434 1827 2634 1011  164 2002  756 2656 3598   15  319  469 2562 3524 2970 2532 2883 2434 2586  956 3010  691   95 1706 2825  152 2534 1847  489 3172 2327  333 3013 1494 1769   68 2080 1734  127 2538 2321 3166  458
 2975 2841 1908 2693  754 3458 1496 2986  588 1785   29  325  170 2261 3171 2297 2525  463  977 1288 3116 2462 1680 1589 2140 2071  119 2172 1419 3435  974 2949  438  371  586 1426 2653 2058 3192  405 2599 2508 2750 1191 1813 3210  639 2890 1762  305  743 1166  707 1869 3254 1805 1311 3442 1241 2580
 3057 1062 2691 1044 3082  885 2115 3009 2569 2264 2217 2809 2286  994 1513 2278 2464 1588 3293 2085 2621 1274 1551 2755 2354 1488 1844  452  525 2055  582  731  445  611 1188 1562 3432  960 2360 3076 2240 2555 1344 1373 2230  447 1889  736 3431 3035 2190  572 1381  802  597 2391 1091 2199 1721  635
 2947  894 1770 2884 1263 1547   33 1066 3566 1316 1587 1461 1466  385  423 1613  227 2379 1243 1881 2904  924 3462 1972 1185 1689  297 1690 1703 2374 2853  683 2660 1219 3126 1454 2164  336 3255  619 1493  688 3279 2338 2404 2617  391 2513 2981  817  330 3414 3385 2629 3400 1362 1802 2537 2381  749
  634  304  526 2560 2826 2902 1122 1278 3350  820 1579 1707 2376 2926  345  257 2616 1367 1839 2033 2331 2228 2487 2763 1594 1142 2753  493 1794 2969 1237  414 1872 2699 2593 3499  441 1956 1997 2000  442  830 3592 1169   55 3110 1528 1299 3352 3567 1635 1346 2946 1320 3310 1498  537 1038 1148 1679
 2232  963  576   80 3169 2087 3277  970  806 1210 2298 2295  591 1281 1848  534 1894 2445  997 3336 1015 2132  396  313 3591 1857 1506 2769  998 2649  455 2100 1973  763  250 1152 3182 1796 2882 3041 1433 3436 2927 2526  696 3518 1440  318 3089 1974 1365 2933 2426 3225  234 2751  616   73 2875 2466
  390 1522 3318 2892 2311 3278 2137 2070 2985 2836 1384 2778 2020  923 2207 2777 1223  364 2340  523 2429  841 1375 2630  316 2402 1634 1080 2857  473 1877  104 1392 1208 2906  862  987 2447 2269 1422 1500  769  711 2496 3476 1873 1986 1459 1806 1962 1359 2646 3002 1164 2299 2683  143 2039 2237  631
  622  183 2918  715 3147 2386  703  460  831  300 3356  278   87  513 3074 2123 3197  378 3503 3268  943 3445 1249 2045  875  899  527 1290 3502  933 1555 1363 1618 2905 1074 3539  242 1536 3466 2209 3223 1081 1102  704 2891 3096 1133 2050 3465 1302 2483 1306 3045 2756  791 2648 2768 2687 2057  185
 3329 1070 2319  928  540 2830 3174  788 3085 2636 2096 3415 1030 1025 1401   10 3334 2251 2463 2455 1351 1246 2026 1046 3020 1529 3240 2062  518 1319  889  382 1918 2958 1087 3599 3572 1195 2631 3017 3036 1578  992 1250  708  594   83 1252 1242 3145  959 1139 2544 2686 1473 1141 1119  126 2181 1998
  783  262 2868 2430  776 2473 2940   17 1964 2728 2860 2203 3443 1687  624  945 1621 1445  201 3470 1037 2335 2959 1206 1207  461 1900 2259  601 1043 2800 1516 2528   14  284 2533 1752 2384  302 3392 2310 1651 1262   70 2388 2460 1155  268 2745 3577 2068  462  700 2121  192 3405 3173 2991 3562 3217
  365 1830  729 3267 2377 1184  468  617 3091 2313 2780  803 2784 1042 3154 1455 2008  388 1026  547  216 3132  252 1775  673 1646 1952 3055  780 3193 1853 1784 2897 2400 2960 2272 1114 3289 2162 3138 1154   79 2475 3522 2428 1816  620 1799 1098 3299  625  979 3389 2760 1867  436 1519 3131 2104  159
 2368 1644  858 1271 2135 2116 2276 1429  163 3382 2437 2032 1517 3354 3333 2610 1780 1593 3008 3258  773 3180 2324 1000  645 1725  605 2597 1534 2944 1430 1821 1377  504 2375 1474  376 2175 1355  239 1920 1714  306 2714 2244 2147 2623  360 1845  627 1865 3282  449 1463 3520 2134 1681 1606 1005 1508
  772 2689 2142  850  694 2243 2502 2504 2446  383  459  299 1641 2124 1366 1485  568 3236 1130 1614 3583 1411  248 1757 2603    4 3485 2366 2459 2963 1378  916 2571  481 3576 2395  852 1512 3105   90 2928 1396 2260  501  350 3090 3376    2 2167 1654 3014 3150 2197  399 1452 2274 1722 3454 2090 1652
 1176 2804  655 2559  787 1730  157 1354  592 3362 3519  122  308  782  856 3377 1525 3345 1637 3204 2285 2077 1504 3214 1851 2301 2065  813 1674  942 2922 2256  349 3227 1969  107 3247 1220 2382 1234 1017  564 3574  317 2309 1390 2390 3447  221 2579 2572 3065 1360 1766 2193   12 1673 2570 2365 1156
 3361 2652 2997 2468 1724 1163 3290 2675 2005  712 2255 1850 3097 2878 2294   49 2730   23 3312  334 1723 1716  320  925  247 3497 2966 1693 1668 2605 1854 2075 1172 1382 2056  165 3475 2417 3322 1345 1896 1117  853  128 3559 3547  868 2318 2724  796 1733  186  726 1566  786  120 1300 1031 1058 3226
 1019 1034 3302 2637 2838 2031  277   72 2925 2133  896  940 1789 1818 3128  823 3263  660 1337 2698 3370 1921 2275 1732 2515  271 2941 1902 1041 3461 3581 3423 2292  444  340  418 3387  785  716 2222  881 1475 1328  725 3191  908 1595  723 2218 2221 1217  903 3375 1501 2920  448 2519 1255  603 3367
 1115  103 1068  322 2856 2023 2688  583  402 1971 2306 1655 2685 3397   93  110  195 1138  510  553 3291 1431 1737 1212 2955 3157 3203 2945 2397 2737 3005  283  877 3184 2901 1409 3106 2638 2775 2187 3473  136 1571 3060  293  948 2738 1698 3402 1076  485  215  758 3550 3373 3158 1523  672 1476 1222
  986  224 1240 3270 1096 3113 3341  241  169 2919 1406  355 3051 3050 2481 2323 1937  838  618 1824 1715  492  967 1371 3109  411 1287 1388 3546 3049  665 3515 2692  626 1950 3161  204 3115  145 1612  795  372 2697 3317 2348 1258 2719 2028 1424 1728 3327 1275 2671 1118  337 3066 1875  829 3399 1945
 1783 2776  722 2821  610 2879 2353   20 2516  930 1137 1761 1994 1981 2016 1662 3168  811 1815 1135 2361  260  129   46 2060   51 2978 2733 1870  153 1056 3306 2661 2679  549 2312 1189 3030 2042 2409 2725 1001 1629 3072 2067 3404 2084 1570  168  453 3321 1060 1710 1235 1749 2817 2587 3101 1965 1548
 1333 2748 2410 2812 2004  450 3595 2215 3123 2715 2734 2674  506 1978 1245 2141  835 2486 3248  864 2787 2792 2491 2249 3276 3523  117 2948 2216 1961  596  303 1828 1640 1196 2703  326 2566  496  976  717 2265 1663 2490 1672  636 1941 2611 3095   69 2389  298  897  865  498   19  955 1216 3301 1327
 1053 3332 2440 2909  155 2370 1955  849 2138 2682   84 1021 1989 1167 2739  678 2632 3120 1874 2718 3434 2163 2827 1291 2146 2053  765 1103 1615 1598 3565 2346 1298  599 2852 1264 2934 2108  902  710  223 3271  779 1683 1897  230 3029 2643 1178 1490 1705 2931  561 1032  226 3229  287 3108 1729 1321
 3127 2673 2011  486 3420  288    5 1740 2887  781 3545 2781   96 3573  531 2231 1478 3219 2453 1916  454 1581 1335  466 1653  208  471 1569 1364 1560  109 1991  581 3044 3347 2296 2089 1251 2795 1823 3281  359  483   89 3037  615 2316  657 3133 1198 1181 3141 3589 2854 2912 2594  384 2549  989 3441
   91 2741  713 1826   97 1862 1661 3308 2448 2695 2289 1443 3231  545 2268 2198 2501 2406 2444  914 3383  429  213  757  291 2650  797 2518 3062 1201  684 1018 1416 3464 3340 1803 1168 2592 2662 1229 1177 2449 1417 2810 1045 2431 2047 1565  724 2974  151 1334    7 1878 2166 3424 2436  938 2729 1970
 2567  121 2647  753 1022  867 2844   98 1793 2433 1282 2180 3338 2073  939 3596 3124 1909 2308 2749  130 2223 1601 1713  259 1984 1215  915 2443 2112 3059   75 2212 2127 1927 2908  546  593 1742  742  246 3386   66 1533 2937  629  747 3112 1995 2044 3238 2761 2726 1686 1248 1085 3198 2967 2233 1024
 3320 1129 2083   30 2881  941  565 2171  409  512 2876 2791 2957 1645  137 1596  653  203 2608 2488   44 1657 1765  566 3323 1467 2266 2150  521 1855 3409 2840 1915 2794 2796 2106 2328 2848  139  900  217 1786  311  190 1751 1244 1739 3296 3459 3094 3031 1509  901 2159 2280 2585 2604 2021 1628 2541
 1798 1630  417  821 1546 3394 3004 2097 2711 2330  199 3003  324 1495 3521  370 1209  491   62  666 3018 1403 2196 2152 2200 2654 1270 1603 1940 1221   34   92 2584 3087 2785 2195 1669  181 2523 3038  745 2322 3453 1284 3413  630 1446  346  643 2049 2126 2681 3444 2871 3292 1819 2789  790 2474  480
   77  269 2315  623 1125 3349 3205 1745  428 3371 3593  558 2801 2499  784 1639 3561 2832 2144 3155 1791   38  144 1899 2051 2325 2250  179 3043  744 1499 1936 2489 1224 1883 2746 3295 2303 1817 2179  848  579  348 2497  198 1929 3285 3511  746 1505 3429  156  718 2998 1110 2059 1544  919 2194 1549
 2575 1893 2143 2837  251 3582  233 2110 3541   67 2086 2979  275  511 2347 1550 3501 2627  733 2589  851 1055 1383  184 3228  891 2907 2607  499  837 3396 1402 1891 1583 2081  479 1624 3264  404 1357 2271 2500 2066 2001 2189 3393  656 3532 3556  344 3297 2408 1456 1932 1314   99  950 2320  310 1083
 2227 3374  188 1597 1393 1554  363 3580  808 1559  844  676 2823 1112  331  985 2987  866 1099 3234 2392 2872 2802 3587  898 2157 2545  410 2241 2779 2419 3000 1020 1448  670 1912   85 2024 2441 1882   63 2786  580 3548  100  800 1285 2399 3588 2178 2069 3507 2122  794 1678  750 1617 1153 2457 3372
 2092 2383 1294 1957  403 1934 1200 2820 1159 1922 1636 2432  895  209 1930 1462 1591 3492 3102 1849 1625  839 3482  470 3163 2576 2736   42 1744 1193 2380   71 1343  689 1256  539 1113   76  408 2332 3412 3028 2704 2625  804 3364 2858 1825 1670 2811 2524 3366 1410 2435 2581  692  999  264 1884 2935
  266 1935  392    1 2553 2764 1665  730 2677  654 1904 1832  210 2246 2117 1960  265  332 3571  161 3111 3457 2911 2772 3358 3365 3294 1283 2667  614 3259 1696 1633  649 3401 1078  775 3398 2173  793 1520  502 2413 1303 2273 1754 2849 2048 1414 1864  272  697 3563 2954  832 1214 1228  351 3140 1917
 2895 3516 3165  669  569 2349 1712 3260 3242 1988  815 3517 1564 3575 2498  764  761  343  857 1924 1834  682 3023 3099 1194  205 3468 1308 1013 2182 2204  123 3337 2029 1790  840 1326  667 2886 1814 1471 1350 2888 1204  398  922 1840 1147  196  522 1717 3600  202 3451 2158 2401 1338 2472 3316  430
 3007 3167 1097 3554 2341  187 2731 3504  338 3331  679 2797  102 3077 1804 3533  609 1731  652 2556  131 2824  282 1503 1230 2568  467 2329 1305  191 2551 1779 3104 2595 1521 3122 3480 1100 1919 1585 3450 2334 2220 1361  476 1036 2201 3303 1648  115 2214 3027 1132  988  807 1213 2131 1532  432   27
 1151 2465  440 1289 3527  101 3216 1453  176 2492 2540 3369  113  847 1259 1708  487 3512 1438  222  737 1190 2007 3514 1094 2148 1907 1600  709  172  214 1928 1317 2113 1092 2613 3304 3555  559 1374 3061 2418 2012 1776 2539 2420  420  357 3425 1831 1959 3390 1347 2396 3309 3438 2482 2835  514 1149
 2095 3134 1953  397 3543 1982 2378 3506 1170 1719  478  508 2505 1187 2554  918  792 1880 2229 2851 2874  108 2439 1649  951  386 2988   35 3579 1408  295 1797 2371  281 2735  917  965 3335 1470  701 3125 2372 1623 3202 1746 1758 2267 1121   24  993 1692 2427 1938 3529 1183  706 1556 1892 3252 2561
 2619 1967 2973 2754 3417 3452 2130 2923  910 2511 2211  189 1086 1260 1604  314  990 1150 1567 2405  147  748 1610 2850 2363 2125 2356 3186 1049 3265 2626 2615 3220 1014  907  342  307  702 1787 3218 2964 3139 2425 1841 1753  969  932 3585  741  146  595  738 3237  294 3324 3012  494  419   86 2467
   82 2279 3211 2972 1144 2226 1304 3100 1106 1999 3129  608 2494 3054 1863 2282  921 3144 2790 1253 1768 2866 2943 2387  141 3283 1033 1273 3146  906 1781  984 2635 1608 1837 2557 1888 1885  490  680 2484  475 2598 2822 2458 2118  118 3159 1993 2702  507  937 1059  381  642  590 1370 1386  570 2609
 2192 1028 2782 2805 1933 2517 1711 2103 1418  431 2094 1469 2456 1510 2873 3586 1023 2520 2713 3408 2345 1010   13  845 2722  544 2971 1123 1065 2367  964 2451 1428  374  395 2624 1497  238 3098 2145 2072 1901   59  524 2864  920 2470 1277 1489 2924  280 3156 1084  175 2558 2206 3086 2235  690 3269
  543 2236 2865 1829  211  380 3064 2727  854 3232 2829  637 1131 1095  578 3025 1450 3422 2996  197 1949 1718 1773 2245 2291 1954 2213 1295 3500   52 1895 2898  387 3391 2088 3022 1580 3235 2855 2828 2478 2938 1035 1412  560 2160  140  571 1027 3311 1231  887 3273  884 1247 2880  150 1810  661  905
 1226 3200 1923 1622  167 1441 1171 1413  946 1592 3508  219 2350 1524 3275 2362 1395 2663  602 2936 3208 2527 3206  354  529 2343 1101 3215 3530 2950 1659 2471 2915   65 1192  353 2899 1977  798  600  377 1643 3325  662   31 1616 2509 1451 1983  810 1487  882 3230 2721 3490 1575  674 3544   57 2536
 2628 1349 2009 1376   88 2767   36 1858 2665  598 1457 1778 1561  968 1075 2284 2614  613 3246 1538 2052 3183 1238 2994 1064 3068  503 2326  805 2225 3421  996 3330 3584 2154  474 3346   60  406 1111  541 1879 2398 3024 1444 1642 3046  160   50 1774   26 2759 2358 1552 1175 2620 3053 1353 2965 3363