  274  190 3178 1974  690  743 1527 3528 2143 2058 2566 1393 3385 3192 1158 1348   98  256 3372  463  415 1768 3095 2845 1798  540 1724 3241  707 1558   56 1255 1730 2340 3525  263 2043  362 3322 3402 2135 2903  537 2810 3101 2788 3299  330 2117 3516 2494 2013 1123 2543  534 1638  432 2164 1581 2873 3065
 3252 3049  360 3075 1624 3358 1358 1246  810 1107  188 1460  323 1787 2563   18  670 2740 3082  186 2232 1054 2017 2022 1803 1173  164 1715 2847 1659  742  843 2662 2225  283 2856 2586 2668 2678 3037 3112 3107 2913 1153 1841 1534 3415 1044 2636 2009 2785 2109 2766 2246 2305 1866  796  713 1377  990 3282
 1053  477 1115 3702  724 3026 1849 1257 1522 1191 2053 3719 3456 1438 3384 1064 2878 1688 1508 2308 1324 1004 2147  205 2178 1043 2298  767 1001    7 3309 3349 3223 3397  984 1319  830 1265 2310 1700 1504 1169  646 2623 2392 2633 1712 1711 1869 3062  522 3678 2627  995  839 1470 2778 1331 1275 3015 2598
  108 2137 2511 2736 1882 2177 3173 2942 1081 2963  251 1646 1365 2038 1046  634 1204 2760 1942 1472  550 2559 2171  999 2629 2230 3598 1901 1022 2219 1050 2658  888  442  290 2783 2011 1981  314 2455 2116 2978 3654   52 2840  438    5 3350 1665 2244  852 2418 3524 1062 2300 3258  991 3057 2206 3679   14
 1418  920 1971  158 2068  147 1706 2220 1354 3000   99 3472  693 3505 1878 2897 1483  134  425 1284 1437 1133 3130 2503 2557 2844  151 2947 1224  618 2882 3623 1236  409 2290  772 3230 1385 2614 2969 3320 1181 2344 2191 2757 1490 1256 2715 3613 2328 3389 2121  168 1566  269 2510 1258 1698 1310 3458 1793
 3484 3232 2249 1303 1737 2433 2272 1774 3242 3298 2703 1565 2129  461 2401   50 1567 2467 1852 2229  715 1661  959 2549  299 3548 2266 3019  137 1983   36 3673 2796  126 2488   86  225 2973 1776 3488 2890 2560 1422 2904 1380 2945 2909  635 2938  777  805 1666 2231 1233  895  271  803  929 2769 2573  735
 1304 1127 1475 2463 2916 1687 2667 2962 2499  449  606 3631 1761 2198 1051 2911 2558  258 1868 3669 3391 2568 1908 1366  863 2985 1167  177 3647  694   72  737 2523 1612 1623   92 3344 2971 1750 1663 3254  847 1088 3102 1848 1987   96 2688 2831  310 3249 2118 3684 2853  198 1207 3177  331 1394  824 1222
   70  875 1509 1802 2486 1286 1467 3477 2370 2635 3096  313 1442 2197 2286 1469 2818 3404 3602  451  214 1948 1618 3530   75 1811 2934 1342  988 3690 2800  223 3129 2914  786 3656 1620 2396  972 3084 3409 1045  372  539 1363 1078 1372 1686 2680 3362  306 1196 1580 2508  473 1702 2115 2440 3641  235 1634
  412 3267 2770  421 1327 3180  645 3467 2039 1063 1424 1915  795   16 2472 1857  827 2082 1890  627 3412 2809 2421 3406 1008 1553 1806 2200  688  317 3271 1568 2002 2324 3547 1347 3050  120 2780  728 3120 1909  446 2987 1514  841 3589 2988  466 1268  709 1367 3005 3478 2371  917 1947 1584 3497 2099  566
 1699 2694 2407  460 1190  935 3413  482 2541   57 1564 1457 1067 3542   82 1042 2090  794 2642  486 3125 2014  240 2931  898  940 2589  699 3277  427  768 3327 1188 2277 2993 1975 1905 3314 3150 3214 1827  910  985 2331   19 3259 3224  341  213 2534 3450 3580 1632 1135 1121 1824 3201 3577 3446  703 2314
 1068  797 1801 2470  667 3089 3605  622 3601 2659 2227 1059 1340 2540 1516 1935 3544 3366  288  471  590  811 1887 1561 2727 1636 2767 1603  259 1949 2330 3226 1859 1781 1734  624  650  142  933  943 3607 2250 1832 3595 1513 3572 3513 2492 1851  668  630 2743 1095  965 2481 1130 1574 3436 2184 1387 2326
 3144 1892  798  684 3186 1529 1921 1767 1019 1685 2822  318  554 3031  922  894  220 2616 1079 2660 1713 2618  523 2203 2077 3661 2405 3614  757 2607  619 2149 2604 1822 2539 1279 2491 3650 3181 2545  780   26  334  485 1024  563  604  631 1920 3332 2449 3620 2098 3088 1271 2601 2487 3307 2236  840 2027
  499 1695  370 1744 2315 2915 3311 1716   89  104 2509 3386  532  881 3152  944 2020 1952  481 2307 1639  908 3083 2872 3393 3364  378 3474  379 2610 2762  597  956 3545 3292 2047 2044  399  636 1800 1629 2431 1998 3465 1128  506 1293  637 2752 3476  598 2079  444  202  952 2094 3380 2247 3423 3370 2317
 2175 2654 1560 1273 3017 3556 2270 1850 2358  551 1980 3010 1002 3683 1992 3457  266 3388 1587 1891 1274 1838  925 2597 1539 2881 2462  401 2226 1091 1477 1140 3216 1820 2102  962  182 2145 1052 3514  918 1109 1842  455 1650  738 1994 1012 1733  350  577 2712 2675  101 2948 2894 2877 3136  714 1864 2858
 2428 1812 2516 3563 3044  376 3575  842 1215  178  514 3296 2802 3097 2016 3546 2617 1448 3375 2990 3071 3103  580 1124   13 2529 3118 1174  384 2936 3480 2136  938 1388 2089 2380  352  529 1369 1026   24 1217 1896 2214 3302 2140 2282  755  100 3521 3597  285 1164 1329 1656 1825  621  467 1518 2240 2399
 3693 3455  433 2204  239 2306  961 3437  701  515 1034 2608 1731  947 1528 1944 3657  804 2927 1823 3176   93 1562   32  496  381 2718 2572 2907  253 2052 3526  915 2393 3164 2092  788  247 2254 2526  311 2505 3090 1122  982 1684 1752  974 2268 2461 1488  321 3582  934 2252 1102 3652 3466 2787 3238 2456
 1306 3473 2657 1946 1788 3485 1732 2321 1076 1904 3510  617 1092  883 3399 1134 2832  914 1220 2223 2447 3287 2253 3006  236 2868 1142 1552 2337 1441  248  144 1533 3714  685 2593 2172 1272  361 3431  916 1238 1249 1201 3443  878  297 1431 2848 2639 2871 1112  887 1473 1728  454 3239 1576 1747 3533 2527
 2989 2097  669  520  874  397 2416  426 1991 1555 1006 3356 2702 3157 1403  456  406 1755 1277 3410 3011 2674  206 1507   15 1808 2536 2292 3459  124 2007 2998 3686  700 2150 2403  129 2209 3444  260 1569 2512 2139 2590    9   64 2790  308 2719 3008 2734 2755 2224 2714 2264 3272 1141 1799 2029 2153 2248
 1010 1299 3284  752   47  474 2812 3340 1855  436  581 3141  584 2955 2490  573  136 3335  679  476  758 2189 2368 1186  976 2726    4 1414 1074  303 2010 2981   84 3552 3682 1337 3310 2242 2603 2420  749 2078 3522 2425 2923 3670 2415  162 3649 2398  750 3261 3094  278 2084  165 2587 3174 3501  298 2860
 3032  543 2045 2387 3342 3346 1055  155 2693 1791 1739 3571  864 1600 3013 3345  818  252  513 2103  620 2194 2595 1883 2366  335 1786 1244 2288 3628 1061 1035 2265 3331  359  704  110 2739 3133 2125 1248 1818 3338 1069 2291  464  487  109  754 2023 3279 1982 1828 2700 2933 2918 1628 2485  493 2313 3353
 3336 3247 2372 2961   27 2066 3481 2375 1454  625  417 2899 1330  538 1009 3408  336 3439  652 3553  747 1879  785 2228 3046 2162  187  792 2994 1968  380 3592 2426 1452 1563 3347  711 3512 2732 2201 1589  876 3104  504 2070 2975 1434 2386 1159  706 2113  719  633 1280 1171 1836 1399 3495  639 3367 1837
 1938 2528 1978 1843 3434 2522 1617  118 2517 2104 2571 2867  851 2402 2237 1910 2747 1082 3634  896   22  107 1378 1435 2087  599 1144 2861 1464  726 2303 1797 1429 3109 1397  900  997 2929 1247 1213 3206 3707 1763  112 3685 1599 2390  879 1605  128 3014 2382 2645 3326 1845 3217 1826  307 3009 1894   42
 3579 2185   77 2773 2716 1382 2384 2363 2865 1662 1795 1690 3281 2170 2032 2434 3491 1119 2650 3048 1524  865 1262 2192 2404  246 1912  511 2041 1765 1338  579 1854 1229 1595 1780  398 1546 2003   39 3275 2239 2673 1727 1668  207 2259 2156 1954 1126  647 3369 2454   78 3549 3428 2064 2187 1889  294 1499
  304 2063 2621 3550 3188  208 2243  923  593 2071 1335  180 2567  443  547 3234  760 3286 3190  114 1670  638 2484 1815 2284  826 2852 3517  981 1096 3171 2443 2112 1060 2262 2176 1325 1194 2074 1032  835  365 3593 1383 3638 2649  491 2332 2801 1749 3020  734 2761 2889 3159 1036 2210 1313  698 1718 3715
  292 2018 1917  424 2771 1785 1642 2046 1332 3111 1041 3204 3225 1374  255 3454 2893  366 3534 1515 3381 1083  395 1027  148  692 1847 1925 3293 2707  195 1984  902 1117 1449 3600 1941 2631  344 1492 1090  819 3540 2709  176 3288 1738 2706 1775 2134   94 2212 2552 2235 3028 2814  759 1066 3398 3640 1396
 2400  722 1138 2019 2489 2555 2546 2107   97 2722  913  242 3568 3260   12 1355 3211   44  562 1932 2609 3221 3427 1075 1521 1585  183 1209  919 3348 2537 1426 1108 1178 1796 3675 1664 1512 2051 1077 3265  644 2542 2061 1571 1746 1945 3376  153  871 2069 3208 2750 2774 2106 2792 2001 3045 1070 1206 1311
 1723 1007 1960 1211 1831 3333  392 2144  705  295 2218  687 3419 2060 3695 1969 3012 2301 1592  570 3317 2652 3659 2429 3451 2188 3200 3091 3420 1988  175   69 3182 1531 1234   85 2749 1104 2359  932 1098  979 1110  530 1596 1853 3007 3308 1582  277 1964   31  510 2351 2174 2269 2689 2241  987  528 3498
 2710  212 1093  989 1440 1184 3099  265 1817 3264 2554 3195 2274 3432 3494 1493 3285 1266 1253    3 1320 3304 1810 3621  172 3270  166 3066 2919 1370 3608 1028  626   51  103 2182 1679 2148  756 2605 1973 3142 3170  825   21    1 2664 2671 2580 2591 2550 1014 2751 1498 2267  123 1404 1343 2776 1152 2879
 3681 3360  834  267 3253 2643 2036 2930   67 2628 2648 2179 1913 1412 2531 2951 3354  229 1080 3463  884 3040  949   91 3425 1085 1604  161 3490   53 1635  716 1450  741 1792 1415  238  816  689 1794 1893 2169 1860  358 3294 2033   81 2584 2967  838  385 1758 2280 3487 1625 2968 2329 3448 1245 3147 3245
  389  475 2111 3615 1607 1897  857 1444 2599 2870 2352 1433 2851 1922 3378  521 1474 1680 3599 1094 2263 2514  519 1637 1876 1721 3665 2442 3262  960  282 3021 1289 3061 1719 1610 2222 3452 3027  681  196  121  127 3060  821 3422 1500 2283 2065   28 2026 2730  975 3193 1502  967 1205  286 2724 3038 1861
 3590   35  904  789  215  338 1496 2133 3708  237 2815   37 1478  434 3445 1557 3128 3390  663 2720 2031 1779 3663 2892 3578 3072 2535 2939 2059  141 1281 3557 1813  211 3248  450 3359 2677  484 1751 2547 3236  628  152 2928 2912 1459 2076  567  978 3532 1371 2207 3368 1291 1254 2410 1309  623 1185  856
 3300 2476 2600  815 2638 1349 2779 3166 2582 1269 2028 2458 1834 2304 1416 2361 1170 3606  854 1333 3255  226 2834  396 1578  367 1902 2738 3645 2922 1805  490 1760  942 2786   88 1100  807 3043 3105  926  784 3496 1554 2374  674 2887 1526 3720 1288 1419 2820 1597 2466 1517 3266  132  648 1489  765   46
 1086 3441 2748 2469 2128 1227  465  744 2501 3632  219 3518 3329 3515 1926 2297 2211 1726  233 2768 3676 2127 2050  116 1226 1510  355 1720 1298  171 1704 1736 2655 3541 1990 2979  746  729 1722 2742 1113 1880 3114  272 2575  527 1856 3435 2794 1647 1660 1132  702 1487 3306 3052  642  414 1782 1673 1482
 3453  348  440 2057 1353 1745  470 2837 1114 3506  289 2446 2995 2721 1833  983  349 3263 2364 2836 2126   95 3215  968 3635 2030 2885  227 2594 3295 1376 2953 3551 2782 1506  462 1212 3363  105 1018 1503 3161 1877 3471 1193 3155  727 3051 2048 1677 3218  587  994  296 2183 1183   55 1588 1495 3191   68
  125 2924 2422 2323 3625 2959 3371 3668 3662 2880 3520 1239 2983  316  544 2775 1351 2592   58 2741  210  712 1772 2692 3699 2439  403 3504  781 2342  546  428 1175  502 2681 1197 3596 3379  512 2943 1540  589 1334 2695 3074  611 3210  660 1872 1048 1446  710  270  708 1762 2513 2507  459 1643 1322 1957
 1328 1934 2483 1621 1683 1627 1927  773 3691 1065  531 1961 1601 3117  545 1033 2808  541 1016 2784 1136 1465 3179 3509 3374 3036 2151  333 3301 2477 1361 2056 2804  203 3564 1155 3594 1530 1907 1519  315  249 2202  958 1951 1223  347 2389 3243 1350  122 3199  244 1285 2072 2797 2729 1235 3361 1939 2588
  583 1282 2055 2574 3586 1160 1709 3352 1300 1417 3110 2080 3280   20 1874  609  799  553 3401 1295  254 2630 3630 2193 1703 1972 1423 1307  204 1481  992 2493  422 1819 1468 2855 1586 2803 3145 2585  844  822 2976   80 2841 1900 1315 1162 2369 2798 2651 1047  736 2279 2906 3154 3387 2506 1357  407 2980
 2982  193 1346 3405 1420 2216  955  740 3002 2974 3705 3377 1613  673 3025 3648 1390  770 2289  536  345 3721  340 3612 1754 1769 2464 1626  675 2256 3709 1930 2377   76 1339  912 3219 2160 1970 2728 3289 1895 1400 2062   59  115 3711 3251 2683 2902  394   17 1740 3523  119  149 2302 2699  312 1276  382
  559 1356  845 3227 3126 3054 1544  218  829 2015 2653 2347 1017  924  790 3004 1176 1701 2698  697 3618 3411  820 3337 1884 1360  430 2735  200 1594 2295 1038  488 2576 1297  954 3140  575 1953 3113 2251 1899 3235 3250 3228 3616  533 3246 3584 2181  791  420  453 3447 1675 1395  140 2333 2460  431 2355
 2690 1821 2500 3703  201 3030 2920  927 2213  753 3559  516 2146 2644  264   30 3511  169 2498 3692 1485  102 1072 2445 2093 2954 2482 2632 1352 2155 3639 2525 2205 2419  377 2085  305  725 2583 1439 1870 3660  273 2096 1381 1151 2336 1157  324 3560  651 2345 1654   87 1943 2436 1976 1105  665 3611 2379
 1929 3324 1649 3627 1166  739  649 3318 1073 1386 3123 2676 2006 3093 1667  234 3149 2123  870 2862 1979 1898 1593 1251 2309 1292  970 1189 1520 2341 3429  373 3330 1989 3537  866  492 2273 1147 2737 1923  953 2687 1359 2424 1199 1928  498 2275 2025 3257 1290 3373  686 1202  480 2311  197 3212  245 2819
 1228 3357 3148 1263  939  613 1996  682  615 3256 2356 1914  666  327 2958 1918 1015 3198 1840 3297 2432  993  849 2444 3122 1364  117 3167  977  582 3704  905 1671 1039 3092 2376 3424 2562 3430  787  885 1462    8 2465  525 2395  557 3077 1931  928 3328  535 1031 2101 3134 3290 1844 2141 3355 2427  479
 1172  782 1609  763 1577 2338 3278  641 3624 2353 2497  764 2921 1556  891 3583  800 2838 2367 1436 1676 2908 1678  614   63 2373 2095  483 3291 2565 2685 2891  906 3400 1476  163 2152  893 1317  867 2661  886 2159 1392 2984 3464 2824  189  439 3087 1645 2795  823  629 3305  402 1783 3538   66 2992 3172
 2105 1296 1606 2293 1210 2917  591 1875 1165 1545  156  779  268  416  861 2874 1829  930  558 1491 3674 1729 1862 3462 2348 2701 2606 2437 3643 2221 2781 2520 2932  257 3024 3543  837 3470 2532 1655 1611 1283 2849 3717   41  478 1640 2944 2895 2647 3576 1962 1537 1570 2704 1240  661 2108   23   65  971
  873 2453 3139  963 1180 1559 1150 2165   38 1455 3706 1149 2876 1608 3023  802  848 1648 1463 2646  812 1967 1816 1997 2519  391 2049 1867 3664 2561 3604 2733  371 3073 1505 3041 1535 1717 2793  832 2114 1575 1345 2276  133 2381 1950  793 1003 1616 1231 1466 2255 3085 3184  174 3696 2833  632 1362 2826
 2238 2037  771 1494  853 1937 2215 3283 1125  405 1294  150  909 2656 1323 2412 3519 2900 2287 2977 2320 3701 1886 2257 2746  774 2343 3059  217 3710 1084 3658 3554  435 1030  868 2319  332 2817  957 3610 1966 1318 2035 1756 3414 2408 2124  892 2042  946   90 3529  776 3619  552 2054  869  814 1252  603
 2925  901 2334 2556 2663  937  160 2551 2640  374 3033 1154 2816  517 2823  445  907 2339 2322 2859 1986  447 1260 2195 3080 1547  457 3653 1572 1771 2346  556  154 1936 3689 1644 3313 1924  319  833 3426 3135  243 3321  607 1384 3315 3351 2828 3100  261  980 1443 1790 3098  106 2813 1410  408 1375 3189
   34 3570 1885  612  216  594 2864 2634 2538  184 1809 3617 1766  325 2450 3303 3078  964 2696 1985  948 2163 2759 1933 3240 1208  872 1401 2388 2173  616 2515 2850 3209 3629 2901  855  572 2161  508 1301 1405  548 1000 3700 2281 2829 2391 2132  526 2883   29 1336  356  291 3115 2842 1486 3502 3034  509
  600 1458 2357 1087  808 2956 1484  850 2005 2435 2459  846  775 1408  664 3626  507  862 3573 3395 3667 3022 3587  683 1037 1590 1451 1814 3561 3442  209 1697  945 1888 1631 2452  326 3671 1137 3035  452 2957 3483 2711  691 3503 2811 2502 2717 2854  339 1865 2100 1058  262  145  695 1657 3651 1789  279
 1753 3588  302   11 1694 3169 2777  730 2708 3396 2471  748 3003 2088 2682 1497 2383  996 1373 3569 1179  890 1029  680 3382 2713 3499  569 1674 1023  654 2385  595 3079 1538 3183 1071 1195 1214  936 2245 1873  828 2835 1314 2791 1445 3574 3407 1198 1326 1633  230 2316 1264  903 1099 2234 2857 3325 1398
  858  831 1182 3486 3196 1743 2996   61  501 3202 1999 1308 1270  601 1203 1241 2896 2409  733 2083 1532 2825   33  287 1129  882 3127 2672 3365  761 3244 1955 2012 2581  592 3276 3566 2684 2294 3567 1453 2473 3479  586 2258  718 2960  139  588 1145 2504 2731 1858 1705 3637 1278 3712 2360  602   49 1103
 1321 1651   43 3055  717 1777 2637 2075 2138 3056 1111  732 1200 1959  731 3069 2772  671 1669  877 2611 3392  503 2406 3323 1425 2830 1287  656 2905 2475  836 1707 1106 3131 2119 2941  181 3633  578 2196 2548  353 1161 2278 2081 1447 1056 2578 1881 2697 2073 1615 1021  364 3469  941  931 2898 3677 2950
 3536 2325 1839  966 2024 3508 1602  672 3558 2180 1389 1784 1542 2167  745  157  783 1305 2670 1748  897  564 2935 2327 3158 1409 3636  309 1232 1461 2666  766 2378 1846 1681  111 2299  423  159 3068 2413 1421 1641 3416 3132  859  322 1691 1735 3124 2946 3334  441 3229 1708 2034 2110 2394 1432 1146 3168
 2217 3609 2518 1218 3274 1089 1230  720  167 1131 1807 2168 2544 1413  368  363 2686 1692  676  410 2417 2926 3001 1139  146  653 2533 2569 2763 3585 1221 1341  192 1956   83 3698 2479 3138  806 3531 1243 3527 1316 2496 3655 1471 3666 3137  658 1916 1163 2318 1614 2021 1548 2843 1551  357 2691 1903  950
 2624 1835 3475  429 1919  185  468  817 1682 2120 3680   25 2335 2474 2619  571 2086 3029 2753 1579 3194 2365 1402  170 1428 3697 1770  250 2888 2863 2157   10 2965 2199  413 3058 3185  721 2626  469  419 3268 1148 2986 1379 2754  497  610  969 1407 3482 3438 2478 1368 1049 2641 1778 2448 3042 1479  346
 3493  301 1977 2620 2615 3562    6 1219 3162 3151  404 1965  560  662 2846 3492  284 2866   54 1725 3231 3207 1622 1480 2970 3220  138 2233  576  179 2577 3440 3539 2553  640 2260 1511 2602   45  568 2758 2622 3039   40  173 1156 2186 1583  387 2468 1187 2839 3418 3718  411 3175 1863 2875  293  657 1118
  448 1250 3197 3121  351 1120  386 2362 1040 2805 3383   48 2040 1456 2451 1411 2130 2827  555 2524 2910  275 3716 1057  921  889 3237 1302 1764 2091 2705  131 3156 3213 3143  596 2166 3433 1741  388 1710 3581  518 3067 3316 3555 1101  549    2  696 2596   74 2807 3646 2949 1344  951 1871 1804 3417  228
 3403 1658 2997 1005 1192  328   71 3053 3160 1993  383 2495  809 1958 3153  655 2665 1549 2122  565  561  998 2966 1312 1543 2886 2806 3319  130 2411 1237 3468  300 1940  472 2789 3086  585 2285 3203 3500 2354 2349 3421  778 3064 1097 1536  605 3672  899 1591 3461  524 1013 2208  199  113 1525 2414 3687
  191 1430 3341 1501 2764 3146 2131 3343 1672 3187  495 1025 3047 3622 1911 2570  354 3205 3394  542 2940 1216 1261 2154  135 2480 1550  241 1168 2799 2579 2441 1653 1689  329 3018 3116 2190 1995  280 1830 1757  437  678 3489 1177 2884 2158  194  231 2430 3694 2521 2457  320  400 3016 2756 2261  232  494
 3108  911 1963 3106 2000   79 2744 2296 3312  375 2613 2972  986 3119 2142 3163 1242 2765 2952  769  343  458 1573 1011 1696 3565 1020 2679 3603 3460 3507  221  505 1541  390 2438 2397 2004  393 1523 1742  224 3535 2271  281 1391  659 3713   60 1652 1906 3081 2669 1693 2821 2991  222 2937 1427  489  813
 2999 3642 2067   73 3269  500  418 3070  751 3233  608 1714 2008 1267 1406 3591 2423 2869 3165 3063 1225 1773 1259 2625  342  723 2612  337  369 3688  677 1630 2745  880 2725 3644 1598 2350 3339  860  973 3222  574 1116 1143 3076  801 3273 1759  143 1619  762  643 2312 2564 2964 2530   62  276 2723 3449