 2460 1605 1730 2351 1402 2419 2095 1167 2844  253 3629 1534  378   58 3175 1809  602 1411  315 1019 2480  852 1388 2516  542 1710  632 3741  119 3323 3218 1286 2825 3271 3660   89  144 1640 2685 2814  943 3318   59 3522 2621 2464  299 3444 3645 1447 1207 1437  820 3578 2708 2469  388 2650 2776 2342 2956 2911
 2173 3676 1087 3342 3287  486 1315 2422 2878 1871 2136 3320 3063  386  478 3033 2866 2064 1066   30 1337 1739  956 3532 1896 1155 3805 1258  633 1296  727 3734 3450 2306 1971  258 1068 2073   57 1217 2044 3607 3570 2907 1622 2245 2062 1458  226 2007 3719 1225 1514 2824   95  265  254 3717 3516 3641  588  642
 2541 3282 2521 2388 1878 2024 3412 3416 1181 2705 2693 1543 2585   69  644 1796 3569  162 2852 3332 1477  735 3432 2484 1902 2614  959 3090 2820  153 2445 1096 2009 1158 1879  353    1 2336 3816  983 1255 3201  811  924 3600  764  993 3132 3233  166  115  589  165 1304 2702 3203 3383 1580  555 2739 1989 2457
 1588 1523  567 3418 3296 3701 1881 3716 2961 2219  516  731 1244  995 2098 2343 1383 1890 3538  408 3523 1624 3492  795 3443 3106 1297  466 1401 2527  373  980  426 1314 3186 3642 1999 3687 2416 3801   34 2535  180 2346   44  613 1770 2538 2970 3592  364 2748 2519 1454 2320 1303 1082  939 2091  963 1400 1876
  839  290 2944 1325 2672 3181 2302 1075 2663 1358 1197 3693 1508 3446 1751 1861 3133  113 2455  288 2316 2149  856  781 1782 3738 1701 2589  809 3566  116 3099  286 2982 1949 1654 1420  149 1282 3229 3806 2634 3191 3032 2926  548 3089  677  428 3144  586 2287 1960  514 2659 2323 1425  289 1851 3016 3220 1043
 1966 3373 3017  689 2636  603 1421  510 1488 3125  430 1088 3550 1279 2259  824  997 3346 3079 3571 2133 2875 1951 1298 1098 3167   79  425 1230  703 1025 1117 1991 3725 3459 2918 1511  749 3798  759 1113 3666  572  444 1239  547 3166 3223 3706 1440  906 3474  665 2145 3235 3814 1910  358 1973 3595 1285 1457
  648 2811 3050  918 3625 3754 1416 3128  818   49 2280  792  682 2366  513 1775 1833 3721 2560 1767  135 2991 1467 1540 1276 2444 2959  154  130 3208  907 1599 3632 1787 1853  461 1077 2843 2921 3153  362  859  898 3682 1581 1670  127 2625 1806 3104 1045  104 1524 2472 3471 2450 3110 1147 2059 2951 3344 3761
 2181 1914 2206 1725 3080  351 1347  615  134 3743 2068  686  872 2930 3543 2613 1471 3003 2498 2895 1443 2731 2688 2603 3002  860  604  563 1976 3462 3776 3596 2279 2976 1850 1004  920 1571 2190 3307 1270 1826 2798  328  381 3730 2831  671 2225 2135   36 1132 2612 1628 1302  849  941 3098 1356 1120 1598 2052
 2591 3640   55 2087 2123  704  960 2897 2715 3559 1459  621   75 1732  396 1923 2400 2823 2608  382 1234 2116 2144 3621  754 2764 2034   46 3135 1757 3141 3136 1827 1124 1332 3729 2261 3420 1723 3085 1600  902 1309 2313 1868 1722 2786 1263 1803  590 3249 3828 3101  125  736 1061 3371 2236 1067   68 2938 1126
 1002 1405 2155 2289  663 1092 3119 1040 1539 2568 3007 1703 1114 2301  969 3309 1591  259 2143 3671 2406 2355 3699 2742  302  158 3143 1908   43  619 1438 2387 3289 3718  987  393 2996  321 3385 1792  403 2514  679 2473 2099 3720 1942 1965 2713  122 2227  404 3483 1909 1926 3793 3735 2234 1176  318 2506 1834
 2352 1319 1206 1651 1528  762 2309  413 2193 2914    5 2271  196  711 3297  857  314 1616 3609 3241 1958 2349   48  977 2129 3457 3533  741 3541 1265 1051   86 1188 2581 3252 2856 3525 2578 2319  523 2029  967  775  529 3553 1328 2732 1505 2868 3634  706 3737 1361 2178 2386 3131  782 2435 1550 1938 3111 3239
 2534 2780  491  797  167  469 1668 3723 2787 2093 2862 1721 1374  356 2410 3644 1463 1338 2842 2515 2448 3238 3400  449 1418  791 3678 3647 1743 3514 1953 1055 2051 2357  710 1609 1773   61  630 1393 3216 2042 1352 2195  155  229 3067 2218  805 1240 3767 1742  480 2375  249 1490 1842 2804 3481 2833 2974 2687
  146 2370 1819 1215 1470 3449  868 3547  651  718 1856 1441  174 3403 1099 1682 3778  733  901 3205 3657  881 2117  992 1805 2390 2546 2537  787 1630 2701  234 2202 2112 2459 1888 1278  221 1323  239 3753 1669 3792 2243 3399 2719 3396 3199 2778 1635 2543 2002 1479 2933 1250 3817 1525 1115 1572 2019 1095  738
 1674  871 1862 1526 1290 1797 2217 2950 2940 1423 3674  875 1382 1327 1968 2714 1667 1472 2167 1502 1551 2499 3312 3568  850 2028  861 1021 1799 2518   96  537 2923 1746 2792   47   92 3791 3498 1720 1716   90 2871  236 3405  769 3573 3024   27 3071 3829 2954 2260  554 2899  467 3513 1903 2874 3019  976  618
 2429  520 3006  319  568 1252 3680 3389 3781 2756 1663 3231  757 2993 3527 2461 1268 3585 3749 3581  527 2513 2109 3062 1094 2004 2665 1491  447  760  326  363 1387 1404 1697 1398 1150 3272 1838 3612 2737 2840 1997 1541 1083 1430 1772  888  766 2553  958 2698 3206 1333 1982 1713 2632 3031  844  235 1307   15
 1939 3114 1163 1621  181 3648 3808 3630 1022 1144 1727 3335  367 3376  459 1660 3384 3695 2233  533 1498 3626 2916 1370 3506 1128   17 3077 2378  709  672 3524  890 3202 2404  591  948 1236 3668 2901 3041 2769 1656  777 1028 2162   76 1642 1461  990 1213 2033  879  285 1501  652 2239 3292 1345  427 3766 3661
 3637 1631  549 2211  748  140 2827 2710  377 3160 2985 3113 2476  893 1321  161 2194 2622 1235 2757 1001 1615 2081 2152 2436 1604 2074  245 1802 1869 2915 1961 3266 2749  517 2746  306  640 3636 2564 3544  309  638 3470 3361 2656 1679 3707  372 1887 2197  414 3488  661 2587   93 1533 1346  195 2084 3308 3740
 3142 1735 2060 2391  270  177  580 3669 3517 3305 1434 3328 1029  233  599 1210 2679 3509 1748 3207  574 2504 3227 1614 2602  108  694  606 1645 1542 2826 1974 1731  223 2975 1934 2849 1251  277 3380 2000  375  220 3409 1764 1920  110 1106 3165 2561 3325 1779 3390 1771 3812 2619 3714  446 1816  264 3610 1661
 3225 3465 1481  707  173 2559 2887 2341 2046 3057   73 3021  133 3107 2187 3404  436 1620  497 2658 3686 3616 2782 1030 1242 3097 3463  500 2094  401 1368 2297 1671 2545 2308 2542 2115 3577  496 3129  609  752 2910 2332  853 3204 1413 3435 1831 2477  505   85  400 3762 2668 3293  951  334 1885 1593  445  422
  512 3774  432 2256 2547 3022  625 1039 2482 3688  172  525 1379 3796 3388  846 3035 1295 2550 1005 2179  526 1204 1199  163 2305  361 1086 3414  560  982  227  949 1208 3326 2414 2254 3187 1568  823  837 1898 2637 3064 2153 2451 2490 1429 2972  975 2759  313 2707 3804 2036 1937 3771 3455 3109 1611 2604 1880
 1468 2721 1377  189 1740 1794  329 1168  539  770 1860 2973 1922 2242 3572 3053  822  275 1884 3039 3583 3280  434 2340  407 3424 1776 2722 3123 3087  988 2894 3519 3591 1726 1736 2310  573 3489 1058  171 2745  968 1829 3562 3711 1695  310  950 1704 1956 1233  340 3084 1417 3004 2487 1116 2700 1226 3014  176
  595 1097 3116 2770 1372 3213 2383 2251 2617 3196  365 3545 2873 1981  337 2733 3164 3000  566 3245 1952  376 1504 2738  536 1280 3802  729 3176 3314  141 2884  698  776 1140 1485 2005 3075 1895  854 2812 2569 2992 1515  765 3036  750  800 1863  138 1841 2252 1180 1754 2821 2337  305 2011 1089 3677 2171 1738
 1409  222 1446  532  412 1203 3315 1335 1941 3799   84 1291 3311 2735 2228  617 3126  674 3785 1993 2344 3499 3322   11 3497  405  952 2773 1983 2579 3748 1053 3518 2727 3696 3169 2598 2348 3689 2744 2597 3638 3350  634  678   52 1033  274 2629 3150 2113 2829   40  338  942 3365 1448  442  699  690 1460  681
 3448 2573 2174 2216 1911  866  240 1565 3652  238  808  347 2936 3100  185 3490 1027 2428  370  626 1852  753  346 3670 3619 2196   37 3162  880 3811  112 1575  431 2291 2408 1702 1641 3466 2148  578 1756 3155 2675 3795 2412 3269 1905  616 1060 2146 3542 2015 2908 2594 1658 2809 1127 2377 1638 2965  985  910
 2968 3055 2813 2952  457 1680 1715 2100 3096 3052  103  247 3651  921 1987  380 2285 3617 1219 1013 3374 2486  262 1214 1855 3758 1946 3290  339  148  214 1108 2468 1569 3664 3818 3727  440  692 1517  654 1813 1063  827 2200 3728 2647 2599 1183 3334  812 2409  502   94 3152 3558 2132 1685  697 2502 1786 2618
 3479 3217 2730  269 3574  801 3257  713 2186 1143 3623 2703 1659   51 1380 3117  296 2925 1141  252  273  798  966 1392 1629 1185 1900 1849 2077 2466 2839 3561 1445 3790 3250  308    2 1657 2452 1688  438 1839 3243  545 1612  696 3015 3520 2026 3331 2960 2333 2681 1948  200 3020 3198 1556 1513  280 3521 1677
 2479 3073  515 2272 1220 3072 3646  927 2465 2860 2509 2620  892 1129 1065  937 1131 2105 3046 2902 1832 2270  778   77 2588 1480 2953 3628 1590 1475 1173 1074 3597 3639 2432 3348  886  276 1000 2990 1373 2507 1653 2441 1664  295 1101  228  323 2363 2431 2207 3700 2324 2919  742 2859   35 2402 2645  693 2339
 2741 1980 2232 3633 3437 2815  283 2969 3844  441 3484 2296 3009  379 1231  385 1927 3834 1537  429 2725  577  342 3464 3406  538  917  911 1159 1018 2496 3051  192 1322  712 3341 2790 2747 2966 2124   19  263 1264 1977 2263 2395 2294  946 2657  145  746 3066 2120 3262 2734 2483 2692 1016 1845  714 1623 2987
  281 2883 1195  923 2418 2156 1412 2138 1752  464 1954 1577 1241 2384 2358 2273 2828  487 2964  739 1696 1883 3349  788 1496 3794  581 1760 3507 1386 3782 1994  333 1607 1843 3765  151 2353 2411  700 2071 2682 2212 1818 3436 1012 2500 3151 1959 1547 2278 2669 1424 3254  565 1422    4 2040 1789 3649 1326 2781
 2845 3214 1476  670 2723   13  814  291 3606 3697 2795 1444 3747  721 3195 2717 1798 2788 2937 3078 1532 1462 2463 3763 2785 3724 1700 1306 2662 2286  175  562  335 1073 2267 1781  761 3124 1718 3690 1428 1299 1482 1665   38 2070 3565 3582  847 3194 1442   82 1057  756 1643 1649 2805  607 1262 1944 1154 1886
 1793  470 1972  908  684  774 3777 3347 1872  278  354 2797 2018 2929 2027 3410 1675  836 1436 3103 2536 1110 1111 1785  732 3045  294 3317 2765 2265 3786  802 2381  646  624 2947 1520 1824  463   70 3815 1711 2649 1698  705 2392 2851 1930  786 2292 2295 3321 3685 2012 3273  763 2281 2439  423 1102 3284 3005
  614  394 2980 1924 2421 3441 2180 3713 1432 1076 2488 2904 2836  810 2365  287 3359 3485 2924 3008 1342  199 1753  389 3579 1626 3200 3140  550 3529 1408  903 3631  862 2300  348 2903 3744 2058 1300  231 2176  796  719  647 3760  662 2050  598 2530 2971 1823  452 1562 2736 2069 2999  916 2627 1778  498 1190
 3397 1222 2142 3261 2314  241 3769  636 1305 3584 3337 2022 1554 2166 1139 1426  658 2869  841 1166 2935 2137 1229 1238  751 2998 1608 1283 3704 1456  557 1873  311 3171  312 3395  107 1546   87 3038  928 3710 3222 3750 2224 2762  217 1041 3423 2056 1011 2563 2467 2794 2230   21 2401 2398  433 2317 2549 1893
 1062  858 2417 1984  996 3434 3394 3212 1357  825  522   78 1121  685 2511 2290 2989 1563 2250 1933  419 2379 1866 3267  164 1847  779 1728 3270 2816  168 2350 2264 1857  282 2928 2789 2481 1906 1464 3589 3112 3613 2492 2558 1466 3472 3118 1260 3832  492 2557 2284  118  279  137 2779  869 3751 1579 1990 1343
 1070 3236  905 2057 2832 1998  355 1142 2667 2753 2718 3362 1003 3537 2981  261 1390  255  187 3149  341 1329 2191 1801 3127 2360 3731 2222  147 2766  142 3158 2209 1410 3526 2440 2266 3495  230 2768 3560 2652 2606 3364 1289 3173 1312  462  962  198 2373  132 2767 1211  610  499 1164 3264 2345 3732 1553  450
   12 1500   24 3081 1692  402 3011 1918   10 1892 2182  821 3058  559 3555 3263  391 2399 1559 1882 3301 2485 1079 2755 2575 2359 1492 3042 2111 3552 2276 2220 2257 2877 3469 1081 2053 1223 2080  876 2424 1870  889  947  366 2628 2880 1970 2977 1171 3508 1275 1138 2170 2525 1221  244  864  551 3185 2248 3770
 1957 1576 2415 3138 1625 2020 3356 2631  271 2644 2967 2913 2601  783 2055 2807 1162  474  816  534  350   32 1122 1015 3819   53  544 2876 1473  128 3784 3554 2014  842 2127  740 2089 1545 3370 2891  330 2356 3491 1100 2030 2114 2214 2941  737 2554  519 1010 3375 3822 3843 2141 1907 2660 2413 2438 1844  243
  490 3228 2552 2150 2626 1717  695 1510 3065 1925  790 3068 1269  912 2582 2751 3281 1036 1247 1006  266 1780 2293 3665 1359  267 2159 2835 1774 1038  232 1587 2449 3189 1170 1135 1597 2495 2128 2848 2777 1257 2362 3108 3277 1828 2407 1522 1184  124 1245 2382 1419  564 3026 2328 2394 1148 2892 1007 3692 3086
 2555   39  416 2318 3430 3536  884   26  257 2635 3304 2572 3504 3237  298  106 3276 1478  643  570 2793 1749 3156 3709  322  479  612 3653 3487  583 1791 3567 1212 2397 3663 2403 2898  225  940 1714 1483 3082  720 2151 1763 1246 1864 3468 1627 1009 3838 3698 1618 2678  553  799 2562 1758 3368 2728  210  535
  608 1830  530  919  475 2017 1936  897 2423  829 2532 1046 2154 3775 3253 3353 3134 1249  384 3178 1932 2315 2139 3831 2079 3023 3598 1397 1601 3733 3415  194 1761  307 1308  392 2683  745  828 1521 3306  320 1783  374 1320 2221 3313 2491 3244  979 1814 1808 2983 1224 1340  620 2063  994 3810 2763 2570 2531
 3182  653 3232  489 2374 3458  170 3265  863 1561 3460 2075 1365 1706 3422  204  465 3387 3783   16 2104 2566 1800 1301 2326  395 1708 2806 3683  945 2334 2247 1555 1109 2533  152  708 1194  324 2917 1825 1201 1415  345 2611 3611 1705 3054 2510 1452 2189 2443 2586 2497 2092 3338 2298 2158  793 3452  387 1396
  806 2430 2130  974 3673 3820   28  887 1690 1848 3319 3224 2177 1198 1474   66  197  743 3012  724 3511  272  664 2583 3037 1175 1516 1766 3438 3209 1261  218 2076 3830 1017 3120 3823 3839 1889 3184  448  991 1192 1506 1169 1499 3825 1795 1056 3827  531 2311 1762 2185 1186  931 1975 3587 2666  451 2008 2446
  627 2801 3439 3502 2235  477 1673 2246 1865  687  481  702 2630 3354 1567 1584  156 2565 2277 3454 1549 1202  723 3190 3145   41   33 1650  755 3069 3605 2962 3667 1557  691 3599   97 3486  914 2712 3061  129 3076 1034  833  826  506 1193 1585 3442 3643 1191 3028  207 1745 2684 1967 3411 2882 2697  357 2729
 1744  835 1574  955 3650 1811 3603  211 1784   71 1652 1996 1894 1812 1637 1821  485  728  773 3040 3535 1091 2083 1218 2539 1617 2689 3048 2615 2673 3833 2307   22 2275  666 1648 3056 2838 2677 1503 3393 1633 2001 1324 1366    6 2380 3433 2119  843 3580 2047  468 3503 2192 1084 2864 3092 2596  877  360 2025
 1686 3060 2879  484 1955 3510 2574  973 1859 1535 3146  332  528 3001 1919  883 2172 2184 1646 1666 3417 2872 1130 2955    3 1069 2906  300 2045 1519 3419  819 2803 3367 2072 1435  772 1149 2471  213 1391  508 3821 3739 3137 2802 1497 3501  953 2006  521 3836 1237 2922  368 2571 2886 3219   98  482  471 2501
 3803 1381 3429 2249  848 2131  637 2108 3594 2322 3530 1552 2931 3557 1570 1917 2489  216 2760  659 2517 1683 2312 1707 1486 1272 1133 1655  981 1243 2711 1248  215  807 2041 2704 1689 3800 1145 3299 1350 2054   74 3755 3163 1729  224   80 2691  268 2169 2364 3148  511 3327 1940 2551 2237 1992 2544  406 1287
   25  248 3604 3398 3656 1125 2761  635 1136   63 1875 2376 1493 1595 2584 1119 1945 3540 1804  473 3159  655 1080 2771 2893 3274 3029 1378 1548  495 3593 2524 3215 2909 2338   18 3283  503 1174 1613 2676  891  660 3210 2867 2800  656 2090 2223 1112 2088  986 3768  352 3493  867   72 2774 3122 1768 1165 2648
 3556 2226 3088 3351 1349 1294 2210  569  899 2354 1394 2101 2716 3170 2268 2372 2834 2997 3618 1288 1160   14  904 1385 3240 2863 1560 3316  680 2474  815 2082 1494  936 1008  546 3291 1566 2303  460 2198    9  398 3548 3601  343 2125  641 3336  344  483 2576  930  874 1384 2126 2434  900 2577 3451 3788 3378
 2010  182  190 1765  673  101 3534 1837 2368  645  424 2580 3431 3295  102 1790 2454 2470  725 3681 2605 2942 3440  688   23  649 3837 2164 1681  439 3635 3512 3826 1592 1189 2110  972 1351  304 1509 2433  476 2775  989 3013 3025 1318 3357 3500 1684 1558 3841 2600 3539 1137 2283 1389  784  971  179 2948 2671
  150 3413 1271  768 3627 1026   91  813 1054  657 1134 2157 3742 2674 1719 1014 1594 1024  780 1931 3453 3247 1586 3183 2013   42 1962 2205 2255 3835 3482 2752 2858  303 3115 2810 3564 2369 2065 1035 1344 1639 2784 3157 2269 2478 1118 3256  597  789 1406 2819  415 2706  605 1759  885 2048 2857 1311  458 3722
 2946  420 2078  650 1369 3369 3531 2912  411  178 2540 1259 3302 2791  488 3298 1518   45 1107 3505 1407  669 2096  100 2943 3381 2512 1904 2818 1050 1578 2038 2817  717 1216 1891 3780  984 3294 2726  631  443 2215  622  284 2134  804 1316 1205  206 1734 1103 1331 3496 3773 1395 3549 3386 2841 3546 2288 3255
 3614  803 2043 1988 2321 3226 1196 2567 2958   83 3379  584 1293  629  865 3575 1632 1647 2085 1777 1747 3772 3807 1901    7 3756 1583 2640 2229 2325  944 3260  397  925 3391  593 2371  998 3044 2396 2639  421 2979  596 2199 2023  331 2420 1052 1529 1678 1676 3382 2945 3655  186  143 2754  845  831 3407 1153
 1281 1469 2783 2592 2888 2870  409  932 2067 3392  832 2165 2920 3608 3494 3624   20 1662   81 1487 3658 3329  136 1451 2740  913 1200 3358   88 2861 3352 1104  349 1634   65 2163 1755 1172  970 1348 3074 1354 1414 2003  817 3049 1313 1737 3679 3234 2643 2118 1964 3288  601 2616  435 2661  964  701 2846 2462
 3300 2709  117 1450 1606  209 1913 2453 1256 3285 1733 3586 2654 1769 1078 1152 1867 1177 3179 3456 1042 1330 3787 2241 2623 3258 3779  933  957 2299 2426 1363 2853  851  767 1531 2724 2881  121 2638 3174 1935 2274 1691 2808 1037 3161  683 2896 2493 3043  576  159 1602 1064 1336 1507 1582 2695  203 1439 1484
 2240 1573 2503 2854  726 2039 1146  744 1071  251 2633  938 1807 3473 3211  758  834 3193 2994 3047  509 3528  639 2097 1433 1644 3093  715 2522 3708 3408 2796 1179 2201 1353 3654  293 2304 2508 1031 1341 2855 2696 1693 1672 3726 2607  855 2147  369 3010   60 1589  734 1355 2456 1090  965 2037 3091 3622  575
 1085  437 3197 1874 2694 1399  250 2238  929 2822 2646 3377 3809 2032 3563 2651 3268 2327  541  157 2526  242 2680 3797  188 1724 2900  504 1815   29  109   62 1564 3736  730 3401 2624 2389 3551  208 1403 3030 2103  628 3746 1947 1978  114  418 3345 2609 1431 2021 1596 3027 1810 3324 1157 1187 3366  895 1985
 1969 1921 3712 2528 3588 3139 3759 1277  785  202  160  111  126  611 1161 1750 2984 2282 1274  493 2590 1232 2934 2830 2655 2847 2799 1687 3248  139 3461 3363 2160  184   54 1979 2331  383 2890 1835 3083 2367  193 2168 3230  183 3426  120 2889 2188 2437 1544 2957 1929   99 3427  131 3192 2978 3018  667 1536
  246 2203 3840 3372  909 1375 1156 2262 3425 3813 2442 1072  978 2427 3130 2686 3590  260  840 3478  297 2523 1273 1284 1266 1151 1020   56  585 3147 2107 2330 1093 3279  675  454 3421 2031 3188  237 3278   67 3789 3620  561 1032   50 1858 2494 3105 1636 3242 2035 2641 2505 3672 1495 2140  771  571 3154  558
 3602 3467 2699 2556  830 2175 2670 1694 1915 1912 2939 3476 1822    8  325 3702 1788 3428 2049  894 1950  501  472  456 2885 3095 1334 1453 3662 1364 1928 2988 1376  722  935 3694 3691   31  219 3480  105 3102  399  922 1317 2743 3576 2642 2244 1048 3343  256  316  999 2425 2963  882 3355 1603 1254 2932  582
 2393 1178  794 2610 2213  579  873 3659 1310 2986  301 2548 2927 2905 1899  317 2121 1836 3177  518  623 2720 1267  587 2204 2750 2447 2086 3477 1846 2016 3094 2458  123  878 2520  455 3286  453  934 1489 3684 3333 1023 1943  838 2061 1877 2772 3339  592 2258 1527 1465 1360 2102 3034  870 3180 3360  417 3303
 1427 1253  716 2335 2593 3515 2161 2475 1512 1854 1840 1292 3752  556 2385 1123 2595 1820  594 3330  371 3121 3703   64 3221 1619 2347 3447 3745  747 1712 1367 2995 1371 3615 3842 3275  915 1699  954 3340 3402  410 1897 1817  327 3259  676 1059 2837  896 1339 3824 2850  212  390 1105 2066 2664  359  540  668
 2653 1047 1049 3059 1455 3764 1362  552 3070 2865 2690  494  201 2231 2949 2208 2405 1610 3715 1709  524 3251 3705  169 2758  191 2122 3310 1044  961 2183  507  926  336 2361  543 3757 1741 1916 2106 3445 3475 3246 1209 1228  292  205 2329 3675 3168 1963 2529 1995 1182  600 1530 1227 2253 1538 1986 1449 3172