  882 2061 3121 2281 1657 1523 2912  318 2140  932 3684  752   80 2534 3775   99 1418  541 3642 2764 2264   26 1919 3596 3670 2325 1936   67 3574    5 2970 1790 3124 3298  433  824  631 2619 3334 1403  975 3911  236  411 3594 2708  201 1672 3355 2600 3604 1588  211  525  898 3685 1442 3352  409 2574 3541 2701 3938
 2377  849 2435 2290 2743  606  765 1096 2220 1615 2909 2033 1134 3555 2961 2274 1255 1760 1844 1277 1290  461 3770 3380 3472 2757 3493 3572 3648 2067 3250 1944 3080 2190  103 3968  354 2902  994  347 3384  693  486 1116 1363 3777 3266 3010 2467 2703 1781  456  547 3789  899 2200  906 1188 1606 1339 1722  434  883
  326 2775  466  255  726 1107 1128 2774 3514 2882  468 1481 3448 2090  801 2638 2759 2609 2593 3422 3339 2606 1244 2315 1834 3564 1361 2811 1959 2119 1225  502 3018 3506  895 1305 2482 1247 1373  530 2251 1219 1714 3716  237 3876 1181 2428 3854 2304  216 1013  345 3959 3754 2096  100 1426 3453 3385  990 3663  378
  232 1261 1726 2490 3722 3241 3363 1474 2267 3689 1150 3740   56 1692 1890  400 1966 3551 1375  940 2174 2456 2201  234 3196  654 2375 1640 1805 1594 1840 2178 3477 1533 2568 3539 2627 3368 1069 3372 1142  323 2968 1632 1370 1895  830 3252  880 3641 1436 1678 1989  559  297   85 1316 2331 3580 3704 1738 1492 2792
 3179 3490 1566 1299 3570 2003 2272  185 1677 3255 2450 3200   13 3796 2357 1037 1867 2194 3771 2416 3169  629  425  195 2122 2009 1023 2250 3313 1450  310 3415 2917  712 3682 1934 3263 1002 3273 2528 2000 1647 1478 1297 2594  951 1071 2182  738   52  979 2116 3416 2028 3965  938 1590 2649 1990 2176  656 2704  620
 2631 2275 3792 1826  962 3666 1849  983 2494 2091 1377 2612 2896 1967  380 3147 2205 2491  570 1812  191 2161 2203 1063 1904 2885  427 1931 1531  905 1294 3845 3015  750 1659  614 2686 2667 2866 3163 3859  102 2715 3843  671 2034 3072 3279 2610 3103 2766 1409 1872 2513  135 2136 1127 1031  767  637  146 1589 3853
  317  861  200 1163 3827  730 2936 2295 3608 1971 3955 1910 1214 1090 2931 3409 1386  213 2001 3559  511  226 3418 3330  245 1490 1125 3712 3943 3085 3755 2385  321 2097 3206 1517 1149  500 3455 2023 3749 3615   73 1908  841 3191 1512  622 1553 1210  991 2207 2294 2138 3780 2411  149 2313 2282 1203 2537 1921 1486
  373  833  210 1651   92 2599 3004 3177 2197 1091  891 3814 2756 3942  265 2731  749 1291  181 1974 2160 3056  542  397 3172 2025 1795 1066 3581 3601 1099 1914 3693 3750 1932 3157 2930 1108 3394  567 1415  639 1083 3535  259 3566 2288 2905 2383 1245 3918  763 1767 1061 2542 3075 1118 1227 2697 2946  794 3253 1816
 3281 2442 2564 2389  152 2833 2359 1321 1465 1856 1575 3889 2285  194 2838  840 2922 2273 3333 1563 1791 3156 1105 2018 1906  661 2773  998  714 2099 1300 3877 3726  822  190 3044 3951  371 1279 2632 3402 2056 1583 2223   23 1005 1146 2443 2625 2959  528 2323  582 1174 3681 3721 1898  283 2211  694 2286 3071 2351
  846 2674 1713 3108 2906  887 1859 1205 2139  262 2690 2761 2008 2960 1178 2109  128 3784 3078 1943 1794 1226  394   20 1888 3326 3858  612 3242 1032  933  220 3129 1962 2993 1686 3586 2402 3277 1424 1680  954  591 2303 1129  278 2212 1562 3120 3406 2369 2823 3744 3707  843 3048 3031 1041 2630    7  699 3743  893
 2516  412 1877 2745  871 2391  623 3829 3686 3142  584 1152 1645   16 3440 1836  688 1421 1634 2762   39 2186 2939 2539 3768 2646 2635 2255  924 1482  710 2055 1610  685 1555 1420 2041 1567 2354 3065  188 3964 3961 1230 2082  664 2235  344  931 3378 3636 1098  147 3738 2010 1803 3013 3390 2869 3286 1272 3294  777
  123 3855 2894  704 1504 1335 1923 1276 3118 2546 3920 2436 3006 2338  557  167 2440 1193  510  796  483 2801 3806 1505 2633 2567 1296 1837 3960 1831 3310 3578  479 1371 1246 1395 1338  536 2670 3788 1265 2328 3089  571 1468 2358 1064   24  613 2366  357 3545 3903 1587  372 1213  107 3318 2596 3248 3831 3307 3454
 2806 2152 3068 1698 2367  289 3312  657 3237 3500 1902  309 1055 3133 1394 1238  277 1491 1764 3465 2333 3069  916 2112 1093  240  590 2973 3571 2949 1186 2412  429 3412 3161 3020 2725  369 1419 1876 2815 1198 1414  658 3324 2835  182 2145  192 1248 3081 1022 1824 3301 2352 3290  495 2168 2155 2770 2075 3714 1828
 3888  454 2196 3104 2597 3309 2453  784 3470  327   18 3461 2778 2497  524  163 2154  419 3893 2856 3218 1451 2425 3894 1541 3038 1030  480 2520 3254 3860  980 2087 3349 1007 2108  574 3235 1306 1311  758  241 2591  628 2918  439 3260 2104 2685  551   83 3658 1699 2335 1159 2884  607  828 3567 1871 1391 3956  829
 1057 2954  428 1010 3958 2797 2241  577 1475 3834 2927  233  826  920 3676 2550 2459 1242  196 1702 3785 1483 2985 3001 2206 2794 1811 1879 2434 3723  604 1988 2487  141 3763 2271 1618 2438 1189 1192 2714  293 3677 1410 2980 1337 3086 2779 1046 2919   50  566 2110 2433 2321 1284 2758 2129  377 2849 3136 1470  477
 3464 2805 1884  677  835 1334 2347 2645  921 1358  513 2817 2718 3244 2132 1325 3702 3511 1933 1434  649 2185 3371  760  269 3652 2867 1551  646  798 2257 3505  342  319 1283 3245 1292 3656 1918 2013 2753 1820  535 3043 3617 3111 3527 3223 3468  252  280 1627 1489 2370 1168 1347  137 3112 2170 1262 1085 1909 3573
 3259 1809 2895 3351 3247  418  792 1212 1666 3046 1773  967 3204  737 1153 2287 2360 2990 2851 1120  219  374   49 3931  867 1220 3532 2665 3764 1864  531 3873 3687  959 2529 1778 2378 1808 3664 2336 2382 3199 3215  578  812  311  457 1053 1851 3340  349 1829 3165 3809 1282  836 3954 1985 1476 1598 2874  803  732
 3774 2655  470 2191 2130  810  650 3327 2824 2437  589  928 1983 3675 2488 1577  692 1842 2826 3622 3606 3613 2318 3522 1381  114 1147 3058 1633  300 2562  223 2133 2864 3456 3171 1746  568 2279  509 2128  111  401 1561 3516 1452  556 2032  516 2518  858  117 3521 2094 1273 1887 3433 3864 1620 2561 3694 2860  789
 2976  992 3176 1446  271 1712 3341 1689 1216 2245 1110 2005  586  248 3153 3742  539 3936   71  888  902 2302 1035 1367 1747 2569 2589 1196 3052 2380  815 3092  171 2668 1986 2195 3501 3391  977 3322 1124 1012 2854 3037  284  512  904 2524 3212  375 2445 3450 2996 2156 2361 1787 3607 3210 3576 1084 2179  465 3302
 1725 2765 1568 3267 3901 1846 3833  392 1111 1288 3167 3107  800 1530 1237 1137  287 1145 3735 2586 1359 3188 1558  860  668 3730 1068 3400 1140 2457 1472 3715  474 1799 2123  802 1671  755 2393 2611 1425 1380  338   65 1466 3158 3848 3460 2394 2684 2252  385 3654 1333 2314 3444 1027 3550 1608 2740 1559 1252 2049
 3910  105  640 3778 3003 3175  775 3783 1143 1081 2167  462 3799  660 2937  911 3595  359 1979  119 1235   25 1327 2022 1681 3036 1752 2850 3127  866 1560  687  388  930 2312 2650  626 3885   15 1571  247 2992 3698 3798 3476 3537 3703 3096  490 2021 2045 1257 2746 3145 1731  258 2621  443 3042 1942 2527 1807 3507
 1195 2470 1309 3130 2861   63  206 3558 1182 2070 3203 3335  533 1628  624 3782 1464 1644  523 1862 3554 1241  706 3300  281  643 2966 3236  389  101 1362    6 2151 1017 2995  130 1343 3496 1101 1542 1435 2816 3100 3709 2131 3881 2911 1281 2015  662 3195 1667 3269 2365  597 3700 2036 3548  532 3523 2661 3356 2463
  395 1673  214  915 3189 3804 3314 3850 2928 1704  886 2724 3488 3283 3064  988  776 2455  179  619  890  747 1521 1631 3424 1515  451 2699 2481 1621  564   57 1949 2340 2994 3023 2458 2215 1786 3747 3808 2583 3059  572 3660 2604 2356  703 2147 1428 3840 3552 1402  333 1501 1526 3969  416 1209  437 1557 3688  144
 2193 2184 2240  543 2834  446 1364 2198 2819  925  350 2733  831 2696 1280 3612 1638 3620 1256 2940 3090 1827 1440  981 3417 3304 2676  218 3752  616 3645 3669 1926 1806  352 3941 3405 1749   48 2364 2080 1270 1086 2327  423 1573 2016 1378 2418 2503 2926 3801  384 2216 3178 2498  820 3074  740 3190   70  421 1735
 1636   30 2103 1059 3701 3549  314 3276 3479 1774 2717 3441 3588  674   29  963 3637 1240 2641  813   19 1488 2062 2870 3331 2957  644 3083  158 2607 3880 1701 1855 1095 2500 3590 1014 2495  684 3950 2268 1653  301 1507 1135 1852 1905  877 3017 1549 3213 2429 3836  295 2979  253 1853 3673 2727  728 2683  222 1453
  989 3079  482 1314 3285 3634 1845 1165 1260 3268  716 3812 2540  972 1612 3272 3141 1765 1769  651   37 1984 2748 3874 2213 1763 2217 1605  386 1793 2803 1049 1674 3926 1222 2578 3478  700 2261  387 2126 2709  964 3060 1658 2236 1950 2006 2601  275 1718  695  127  334 1572 3226 2355 3192 2737 2563 2636 2339 2707
 2878 3832 2515  733  260 3166 3937 2511 1070  757 3033 1945 3914 2702  818  335  937 2307 2254 3718 3862 3482 1780 2066  727  459 2095 2077 3119  264 3593 2002  505  773 1814 1148 1408  410 2120 2772  832 2590  116 2224 2489 2580 1001 3270 1737 3198  682 3927  739 1009 3519 2153 1821  672 3220 1928 1976  305 2969
 1865 1574 1374 2898 2804  348 3452 2592 2648 3515 3897  170  488 3305  724 3967 2509 1965 3762 1977 1833 3697 2400 3442  417 2982 1579 2102  625 3863  324 1529 1596 2052 3407 2777 1625 2462 3966 1018 1920 1924 1088 3772 3626 1548   94 2573  322  929  336 2253 1180   93 2581  522 1286   36 1930 2538 2341 2144  489
 2784 2721 2565 3321 1405 1880 3916 3047 1268  422 2169 3837  212 2687  772 3492 2955 1003 1006  460 1295 2227 2786 3852  764  961 1303 2439  868 1094 1770  292  817 1355 3851 3057 3216  270 1117 3234 3419 3299 1599 3446 2422 1494 1954 3182 2843 3443  120  404  517  957 2983 3562 2572 2024 1762  816 1968  407 1372
 1603 3275 1114  125 2050 3395 3944  355 1972 2121 3650 2113  900  261 1437  537 1401 3187 3725  231 1717 2913  652 3228 2048 1711 1854 2822 1978  993 2043   47 3560  390 3375 3830 1838 2349 1207 3485  914 3499 3932 3073 3533 2076 3289 1016 3445 2549  221  594 1818 2637 1739 2664  679 3087 1675  251   78  112 2738
 2739 3410  110 2844  501 3125 1969 1964 1365 3420 1900  155 2671  199 1320  845 2163  673 1274 2308  227 1495  655 2876 1204 1348 2486 1858 3929  734 3629 2337  960 3651 3625 2464  304 1684 3847 3787 1685 3696 1611 3503 1922  294  852 1649 3898 2084 3678  291 2427 3757 1162 3935 3376 3148   91  534 3007  133  267
  698 1956 1755 2401 2192 1438 3332 1397 2558 2879 1740  382 2808  791 1870 3367 3841 3528 2923 3399 1841 1520 1576  689 3155 1822  332 1038  635  471 1601 3009 1881  426 2754  855 2165 2011 2768 1696 1766 1873  402 2658 2712 2423 3389 1349  636 1396 3295 3661 1709 2468 2247  583 3826 2410 3249  161 2141 1582 1619
 1522  519 1690 3917 1860 3713 3734 3369 3095 2125   51  854 2642 2877 3106  376  859 3896 3319 2932 2595 1078 3635  481 3292 1011  600  678 2078 1528  799  441 1998 3284 3736 2533 1639 1669 3451 2971  974 1020 1404 3113 1839 2424 2017  398  391 3164 3908 1444 1236 3587  985 1654 2326  894  875  173   89 3466 1721
 1550 1342 2780 1224  353  956  358  935 3902 2293 3467  632 2164 3524 3591 1199 3543 1413 2749  873  445 2404 1131  239  611 2229 2795 2020 1742 3102 1312  603 1498 3066  805  150 3616 2350  781 2941  680 3838 1642  919 1467 2640 2278 3643 2622 2300 1792 3945   96  432 1768 2853 1477 3342 3429 3786 3134 1293 2991
 3665 2044 1304  955 1033  367 1050 1987 1336 2059 2681 1616 1946 3201 3262  627 2310  686  579 2521 3737 1056 3953 3387 3019  529 2967 1155 1878 2536 1187 2124 3800  751  821 2403 3374 3481 2243 3486 1004 3082 1484 3354 2332 1730 2398 1935 1648  971 3116  857 1080  178 3062   34  844 3475  558 1662 3265 2218 1652
 2566 1249  121 2744 1724 1510 2242 3379  617 3296 1054 3291  254  735   22 3610 1052 1158 1817 1513 2556 3437  647 1024 1843 3597 3173 1497 3866 2291 2399 2887 3474 2576 2040  872  475 1169  131  205 2135  785 2526 2689 2579 2246 3225   43  453 1745 3913 2943 3621 2277 2693 2841 3530 1732 1801  862  207 2149 3947
 2865 3883 2263 2089  442 1595 2146 3878  863 2544  448 1171 3053  313  659 2390 3905 2514 1250 2086 2317 2933  169  153 2840 2414 2962  203  952 3185 1539  381 2319 1460 1157   60 3869 3039 3585 1897 1025 2827 3872 1991 1847 1457 2602   90 1556 3361 2472  804 3315  115 3436 1179 2692 2289 1544 3818 1102  945 2925
 3222 1092 3350 2651  413 2582 3261 1254 1996 2814 3489 2977 2720 2441 2742 3377 3202  879 3899 1866 2408 1938   54 1263  870  782  290 2505 3473 2705 2007 2836 1958  790  215 2799  941  368 2776  948 3084 1707 2053  134 3525 3510 1228  939 3122  825 2997   27  645 3805 1278 2228  396 2171 1028 1617 1940  853 3790
 3934 3414  691   14 1546 1234  202   66 3457  978 3024  142 2460  973 2258 1719 2842 2449  145 2647 3303 2915    4 2953 2886 2353 2363 1190  331 1661 3373 3426 1461 1848  634    9 2019 2512 2691 1104 3088 3720 3520 1687 2054 3396  184 1259 3630  430 3428 3568 1389 2678 3211 1344 1239 3781  834 1072  399 3856 2057
 2788  744 3353 3727 1458  162 3679 2998 3099  274  467 1412  440 3760 2068 3502  478 1957   98 1258 3680 1723 2092  521 1317 1600 1514 2945 3672 2072 3638 2956  910 2735  576  715 1202 2150 3815 1970 1366 2479 2065 1264   42  186 3600 1797 1907 2189 2175 2234 1313  538 2935 3117 3239 2760 3150 2807 1390 2800  177
 2892 2978 3413  303  328 3364 1751 1889 1622  166 2938 3807 2471 2214 2950 3655  667 2469  926 2694  999  244 3408   21 1668  464 3957 2118 3403   77 2475 3657 1416 1982 2829 1963 2785  968 2330  487 3011  485 2473 2818 3240 1269 2657 1660  969  565  778 1074 2588 2719 3746 1298 1705  279 3667 2448 2989   86 1783
 1340 3646 3438 3345 2863  610 1547 3432   95 2614 1683 1646 2143  148  869  383 2447 1734 3495  330  907 1441 3434  754 1604 3939 1697 3844  132 3962 1332 3061 2069 3388  316 1629  249  585 2444 1508 2948 3110 1626  753 3825  588 1761  370 3093 2747 2908 2301 2106 1008 1447 2225 3644 2493 2914 2180 1000 1911 1994
 1175 3823 3264 3346 1535  823 3795 2916 1201 2660 1455  420 2283 1511 3317 3731 3278 3739 3614 3427 3719  435 2117  599 3821  379 1382 1427 1782 2051 2522 3271 3329 1630  337 1417 3221 1581 1591 1266  676 2419 2098 1656 2924 3336 1215 1357  312 2615 2508 1519   72  795   64  949  783  209 1021 2802 2900 1112 2523
 1741  797 3480  208  615  361   97  842 3618 2711 2620 2741 2710 1903 1082 3029 1927 3882 2014 1892 1392 3534 3793 1354 3168  438 3582  552  315 2226 3401  641 2343 3411 2551 2292 2373 2420  329 2260 1211 2492 1995 2584 1459 1172  546 1500 3692  708  476 3463 2907 1941 2299 3766 1411  946 3431 1353  793 2107 2158
 2848 1635 2852  273  721 3861  504 3531  518  609 3577 3306 3288 3398 1710 2047  683  768  160 3138 2324 1993 3471 3370  665 3745 1253 1356 2111 1113  779 1756 1369 1592 3328 1502 2552 3895 3497   87 2897 3227 2406 2881  415 2157 2796 1727 1815 1221 1586 2559    2 2477 1422 1485 3208  463 1067 1034 3077  450 3498
 1885 2231 2142 3557  405  696 1106  922 1676 3316 2073 2548  598 1960  618 1825   44 1133  761 1819 1487 3293 2859  909 1728 1882 3803 1393  966 3002 3034 1243 2413 1208 3647 1469 1423 3598  164   61 2891 2893 3733  343   74 3231 2134 2855  666  473 3892 2974 2904 1875    1 2530 3813 2787 3049 1319 3879 3508 2334
 1176 1122 3311  356 1565 2297 1060 3151  720  298   55 1670 1823 2987 3949 1040 1432 3207 3797 1609 3447   10 3430 1326 1433 1251 3005 2868   17  848 2311 2060 1524 2172 2666 1503 2555 3280 1917 3802  545 3906 3623 1715 1029 3214 3540 2081 2506 2560  238 3012 1384 2166 2029 2270 2730 1754 3887  663  745   84 1324
  987 1322 3857 3671 2137  942 2345 2755 3753 3146  554 2239 3027 2485 1151 1473 3724 2093 1231  506 2975 2188   31  731 3871 2221 2265 1929 1980 1813 2857  498  903 3162 1569 3154  892 1445 2871  725 2362  986 1788  769 3822  230 2519 3928   69 2680 1047 3839 3458 1119 3386  285 3870 1191  351  705 3197 1614  362
 3025 3186 2476 2734 3609 2832 2663  575 1703 2478 1015 1663 1570 1545 1229 2722  587  947 3094 1540 3728  819 1170 3487 2409 1307 1796 1431  563 2763 3308 3649   88 2372  809 3544 2115  827 1443 3287 1206 2088  896 3662 1679 2769 3563  493 2644 1130  681 1406 2222 1100  508 1463 2035  263 2837 3930  296 2381 3695
 3483   40 1368 3717  122  175  364 1385  229  366  250  246 1785 2027 2159 1706 2623 3865 2012 3030  780 2344  268 2329 2105 3404 3767 1691 1330  515 1103  997 2929 3297 2210 3633  901 2751 3362   76 2675  183 2981 2771 1664 2396 1992 2965 2571  923 3922 3751 2888  360 2395 3382 3794 2348 3884  104 2269 3868  225
  113  444 1532 2679 3217 3435  569 3494  306 1200 2376 3392 3817 1048 2026 1379  927 2964  908 2570 3835 2846 2958 1318  299  912 1874 3135  302 2813  958  756 2296 2752  108  307 2901 3776  124 3230 3114  126 3325 1308 3758 3462  839 3131  984 3101  786 2071 3423 2767 2531 1346 1430 2517   59 2634 1328 2199 2920
  243 1916  139 1650 3160 2952 3819  256 1109 2392  719  742 3320  621 3123 2673  561 3628 3603  224 2162 3627 2421 2862   81 1506 2789 1310 2426 2499 3054 2346 3337 1360 2790 1341 2532 2883   53 2872  217 2889 1716 3344  953 3748 3846 1951  608 1688 3759 1496 1126 1830 1637 2496 2723  272  424 1961 1708 2063 1499
  884  787 2951  197 3105 3358  944 2820 3639 1350 2603  520 2004 1953  722 1301 2963 2793 2244 2947 1899 3028 3098  514 3115  228 1167 3143 1537 1624 1850  814  943 3348 2177 2825  808  266 3205   12 3180 2248 2083  560 1580 3526 1398 3070 1585 2831  403 2266 2587 3921  363 1939 1937  774   35 3915 3040 2204 3924
 3579  257 2545 1527  544 2543 1232 3512 3347  339 3246 3659  156 2830 3907 1509 3229  484 2305 3756  235 2042  198  109 2656  276 1351 2079 1267 1775 3219 3132 1729 2944  878 1538  431 3948 1757 3708 3159 1144 1138 1036 2230 1042  707 1863  455  788 3765 2972 2880 3513 1383  406 2484 2379 1564 2208 2432 3016 2713
 2654 3674 2821 1399 3224  527 1329 2541  555 3504 2781 1802 2064 2038 3109 1913 2454 1771  526 1161 3729 3041 2233 2695  717 3624  965 1975  976 1861 1177 1779 2100  320 1784 1271 2616 3149  847 2148 1912 3741 2847 1748 1798   38 2238 3051 2682 1736 1087   28 2585 1480 1733 1584 2181  472 1184 2732  711 3619 3014
 3919 1166  458 2716 1886 1868  165 1777 1139  741  807 3000  540 3605 2899 1981 2525 1154 1947 1602  702 2387 1695 2729  865 3923 2828 2613 2256 3925 3842  759 1744 2415 3824  950 1323  499 1516 2465 2728 2677  341  118  934 2074 3343 2474  593 3243 3076 2890 3569  436 3631 2639 3055 3257  856 2209  143 1019  595
 3050  497 1682 2510 3183 3900 3561  496 2322 2298 2386 3233 2085 1655 1315 2942 1743  601 1693 3538 3773 1287 2750 3849  995  553 2397 1789   41  837 1543 1832  346 3769 3699   46 1387  723 3008 1289 2698  242 3547  669 2368 2617  982 2384 3886 1448 2999 3640 1429 2791  605 2058  174 1893  507 2934 3583  690  308
  638 1597 1578 1534 3063 2483  447  159 3144 3338 3091  642 2553 3097 3517 2798 1759  549    3 3067  154 1462 3393 3584 2910 3383 1079  766 1065 1536 1997 3553 2452 1554 2875 1121 1525 3491   58 2706 2700 2547  596 3711 3518  889 1275 3632 2643 2669 1062  670  140 1345 3128  581  675 1613 2101 3867 3469 1218 1285
 2388 1804 2371 1185 2504   11 2306 2202  189 2502 1197 1925 2986 3691 3449 3946 3891  138 3683 1454 1720 2688 3912 2480 3546 1952 1164 1302 1623 3170 1233 1223  157  365  864 2187 1156 1857 3282 1493 3706   45 3791 1776 1077 2259 3035 3933 2839 3963 2309  713 1058 1973  494  838 1479  340  408 2451 2405  748 2219
  414 2430  580 3397 2626 3274  881  850 1891 2507 2605 1073  917  746 1643  936 3536 2127 3126 2628 2046 1089 2652 1552 3360 1217  633 2608 3238 3181  562 3575 3209  630 2030 2284 1075 2662 1076 1039 1331  492 1955 3890  491  729 1097  548 2726 2845 1894 3875 3592 2535 3152 1810  701 1883 2466  736 2575 3366 2461
  288 1869 3611 1352  918 2672 3828 2232  187  573 2039  897   75 1388   82 2407 1641 1044 1183 3484 3032 3139  106 2249 1045 1772 1948  851 2183 3952 1901 2374 3779 2984  876 3811  550  172 2501 2446 1835 2782 1471 2809 2653   33 3940  811 2988 1194  136 1141 3705 3258 1750 3556 3816 2921 3022  762 2037 2577 2417
  168 3174 3357 1518 1915 2783 1043 3425  151 1758 2659  449 3761  469 3251 1800 2320 3256 3589  913  770 2173 3140 1439 1051 1665 2903 3193 2873 3602  592 1376 1456 1132  180 2629 3668 2280 2736  970   79 2618  743  393 3542  325  653  718  996  452 3820  771 3421    8 3381 1400 2431 2316 3184 3529 3194 3232 2262
 1136 3690 1607 2554 2858 3710  697 1115 3439  503 3565 2624 3137 1896 3653  282 1593 2114  193   32 3323 1160 2557 3904 3021 3732 1700 3509 2276 2812 1694 1173 3045 2810 1753   62 3459 1026   68 2031  709  648 3359  176  602  806  129 3026 2342 3599  874 2598  885 3810 1407 1449  204 1123 3365 2237 3909  286 1999