 1847  138 2441 1221 3276 2183 1993 2893 3136 1755 3793 3048 3035 2010  266 3830 1109 3845 2196 1302 2202 2145 2615  160 1138  534 1219 2666 2101 3570 1869 2342  107 2426 2488  666 3702 3672 1539 1527 3183  453 3635  620 2122  303 3937 2303 1857 2372 1872  744 1884 3248  104 1744 4059  258 2269 2287 1217  650 3100 2878
  716  535  212 2180 3574  509  491 2529 3659 3395 3624 3683 1465 3828 3120  404 3039  350 2457 2053  790 1262 3769 3498  436  128 1727  595  466 1754 3815 2599 1002 3131 1888  967 1715 3545 2965 3279 2593 1181  664 1574 3044 3922 3369 3472 1693 1883 2258 3505  271  388  665 1991  749 2159 3146 1851 3665 1570 3112 1225
 2621 1039 3686 3780 2602 2625  874 1352 3246  136  960 3810  544  672 1963 2606 2103 3882 1320  660  614 3671  475 3156 1321  849 3860 2275 2511 2173 2262 2856 2439 1211  608 3197  383 2722 2016 3003 1048 3452 1467 2661 3821 2438  184 2185 1830 1477 1887 3471 2331 3368  268 2680 3739  389   31  703 1803 1492 2235 4061
  468 3656 3090 2012  984 3726 1564 3166 1519 1582  857 1724  844 1485 2194 3634  906 2318 3716 1042 2181 3537 1588 1423 3425 2002 1473 2552 1876 1095 3479 3177 3097 1517 3972  237 2769 1361 2481  815 2374 3749  760 1764 1661 1945 3123  448 2565 1197 3915 1974 2112 1624 2693 1695 1821 3490 1266 1672  420  796 1879 1617
 1554 3443 2179  812  870 1732  875 1381 4071 3086 2668 2469 3017  477 1156  532 3675 3942   82 3306  536  748 2075  684 3685  643 3410 3907 2762  953 2470  693  170 3580 3346 3515 2821 1858 2038  586 2251 2059 3373  649 3987 1599 1740 2138 3154 2590 1997 1110 3729 2530 1172 2108 1968 3563 2816   51  767 2908  317  721
  668   21 3029  683  907 3554 2336 1502 1658 1964 1013 3311 1863 1789 2119 2394 2265 1561 1882 2702  217  617  399 2607 3002 1973 2772 1190 3662  601 2683 3961 3886  782 2429 3390 2924 3839    5 2756 3265  220 1823  598 1447 1839 2655  396  313 3952 1785 2482 3026  139 1199 2887 3604 3340 4021 3187 2881 3791  850  488
 1185 3053  275 1224 3811  922 3776 1094  862 3736 2127 3225 3022 2549 1127  816 3173  144 1487 3582 2256 3506 3179 3518 3135 3692  116 2279 3553 3593 3101 3827   37  284  430 2800  842 2837 1681  686 2471  852 1516 1327 1393 2820 1969 3435 3073   94 1694  928 1591 2619 2147 3018  615 3114  560   17 2324 2117 2282 2586
 3343 2694 4037 1439 1351  743 3809 2897 1906 2136  594  918 1719 1677 1263 4078  827  225 3584 3463 3257 3557  636 2812 2691  518 1890 1567 3994 2226 1028 3804 1543 3001  957 1249 3382 3522 1939  775  347 3270  854  976 2277 1868 2015  834 3838  256 2028 3485  287 3561 1722 1472 2031 3536 2494 1490  465 1130 3210  607
 3142   60 3020  167  799 4023 2125 1230 1992 4006 2818  487  363 3281 3519 1060 2819 2005 3414 1242 1441 1794 1403 1607 2150 1824 3389   66 1652 2847  893 1557  848 4017  207 1758 3841  506 4044 4002  346 1590 1054 1595  463 4045 1104 3983 2306 3547 2895 2905 2092  555 2377 2509 3796 3106 1638  126 3424   36  979 3215
 3586 2651 3016 1870 2463 2576 2797  112  470 3320  444  358 1129 2582 1837 3087  308 3652 1353 1484  585 3478  508 3068 2976 3468 1325  644 1930 1559 1106 1382 3235 2988 2123 1055 2766  687 1721 4052  985 1376 2991 1363 1355  415 1667 3005  164 2796 2538 2387  814 2427 1761 2932 1605 3927 3748 4012  690 3544 1420 3431
 1016 1023 2352 2493 2206  559 3069 2598 3978 3910 3295 1636 1948 4009 2007 1845 1941  604  846  835 1838  718 3484  774 1210 3230 2477  158 1534 1842 1712  353  550 2410 3312 2596 4088 3093 2487 3600 2411 3932  867  333  717  936  178 2219 2671 3118 2295 2848 2774 3745  124 2790 3825  230 1337  298 3551 3816  773 1680
 3975 3871  728 3186 3391 1946  622 3042 2240  213 2708 2560  251 1524 4079 1483  295 2577  265 3546 2794 2957 3209 2501 1529 3222 4032 3266  391  496 1714  547 1536  369  454 2451 3129   80 2022  201  556 3317 1910 2696 3608  372  822 3993 3823 2163  461 3163 1200 1102 3358 2042  596 2139 3324 1306 1463 3728 2142 2418
 1405 1298 1583 2777 3212 2050 2360 2440 3375 2166 2699 2399 2742 1552  732 1338 1840 1287 3913  859  887 2069 1078 1797  630 1116  433 1746 3151 1521 2802 1626 3296  180  105 3817 2128 2105 2554   45 1518 2358 3565 4005 2026 1641 3207 2225 2200 3516 3980  486  886  982 2734 3252 2770 1878  236 2413 2218 1147 2700 4048
  610 3947 3863 3347 4015 1918 2851 2029 4057   85  183 3202 2677  838  557 1832  331 3930 2787 2502 1429 3023 3446 1777  479 1092  145 3423 3682 3921 2289 1493  715 1494 1577 2996 2385 3363 1099 1596  494  200 1176 1775 3496  526 1159 1422 3895 2310 1400 3850 1035 2364 2660 2302 1542 2689 3176  137 2804 2090 1553   64
  688  751 2961 2550 1831 1341  896 4051 3856 2561 1383 1756 2430  335 1469  621 2201 3621 2764 4086  377 2809 1575 1747  808 1999 2393 2350 3502 3014 2338  364 3701  356 2467 3805 1120 3877 3924  341 3619  946 1546 2760 1126 3763 1932 2504 1512 2121 3799 2442 2188  435 3196  291  694  741 1146  163 2153 2443  515 4050
 2752 3559  452  699 3132  553 2348  591 3139  103  581 3806 3205 2449   38  520 2543 1905 1568 3469 3420  226  302 3862 2420 1956  626 3603  102 2391 3740 3328 3902 3192 2825 1618 1285 2573  114 3824 1683   74 2421 3899 3030 2628 2040 3438 3784 1537 1598 2020 3011 3364 1604   67 1860 3995  480 3592  191 1640  402   25
 1089 2353 1460  910 3626  243 2014 2669 3513  165  296  300 3040 1835 1623 1050 2685 3189 1479 1348 1897  510 3528 2935 2658 2600 2915 2522 1619 3411 3897 1634   59  563 3331 2841  117 2633 3220 2327 3971 1592 3654  211 2098 1059 3875 1375 1733  642 3661  955  969 1426 1065   57 3461 3249 4080 3689 1430 3370 2557  821
 3944 3599 3182 1169 2575  611 3901 3353  283 1145 2900 1498 3245 1220 3482 3286  248 2673 1937  571 3113 1385 3274 3454 1961 2351  753 3307 2247 1171 2083 1069 1668 2698 2171 1587 1151 2510 2834  554 3876 3508 3663 2808 1780 1615  917 1703 1812   42 2165 2333 1163  227  431 2143  613 3962  498 4040 2480  676 1854  632
  455 3342  384 4029  447 1649 1084 3079 1736 3848 1659 3028  915 3771 2983 2129 1174 2526  151 1520 3062  542 1326 2657 3579 1072 2065  330 1051 2215  345  970 1158   43 3433 3334 3712  824 2591 2115 2609 1825 2367 2485 1643 2213 1674 1440 3783 2056 4036 1062 2994 2584 3283 1086 1975  209 1710 3750 1902 4034  851 3200
 3352 2013 1738 3531 4042  539 3444 1811  161 1921 2695 2613  938 3758 2953 3045 1987 1236 3428  981 1240 3228  490 1113  276 1530 4096 3517 3056 3587 1787 1525  819 2624  593 2776  937 2844 2876 1474 2113 3333  280 2640   95 1045 1725 1021  460 3649 1799 3868 1079 1202 1307  423  658 3691 1730 3054 1752 2291 2088 3227
  316  193 2831 3422 1369 2507 2093   33 2999 2146 1589 3721 3033 3718  968 2947 3437 3019 2948  443  645 2645 1579 1866 1909 2425 2938 2328 1128 1454 2362 1972 3870  445  949  873 3477 4091  246  565 2476  952 1806 2515 2684  196 2646 2730  991 3768   52 2390  861 1389 1779 3851  729 3543 2894 1452 2706 1049 2647 3499
 3117 2321  375  871 2688 1036 3406 3323 2475  786 1317 2000  229  252 1399 3594 2197  500 3418  159 2928 2862 3881 3909 3367 3596 2152 1398 1408 1749 2886 2629 3401 1366 3680  768 1277  285  895 3752  543 3119 3083 4018  260  441  752 1563  307 2276 3853 1496 1614 3999 2309  803  889 2745  833 4063 3036 1268 1323 2859
 2252 1503  714    3  785 2791 2431 3800  234 2912 4062 1188 1131 2398 3888 3325  156 1278 3319  795 1782 2726 1853 3885  778 3864 2444 3233   49 1531 1179 2958 2384 1891 2062  923  132 2923 3591 3198 3884 3847   46 1655  948 3568  403 3275 2118 1283    9 4093 1332 2959 2811 2902  281  763  592 3733  202 1609 2547 3893
  783 1117 3171 2406 2452 2903 1555 3190 2459  695 1184   78 2974  344 1892  577 2019 3667 2566 3458 2503 2144 2268  692 4053  422 2272 2739  756 3147 1044  108 3855 3161 2783 2921 3148 1450 1046 3801    4 1685 1917 3724 1074 1315 3421 2326  387  639 2533  697 3457 2937 3892 1482 2727 1515 1437 1033 4049 1424  883 2743
 3226 1265 2972 3710  511 3802   14  241 3057 1750  292 1459 1757 1140 3184 3417 3572  708 1967 2051 2102 1107 3349 2415 2250 3341 3047 3467  495  950 3968 1955 3520  966 3521  813 1164  408  702 3653 3700 2191  312  978 2866 3794   61 3697  964  432 1115 4077  545 2417  357 2962 1168 2243 2172 3878   84 3751 3121  931
 4083 2312  863 4041 3055 1359  945  459 3077 3487 2450 3236  450 1682 2877 1360  965  343 3636 2395  779  561 1409 2047 2813 1201 1713 2095 2873  334 2335 3674 3625 3998 2952 3107 3103 2710 3111 1885  989 2261  188  122 4046 3919 3459 2567  840  255  393  149 2189 1925  983  125 3355 1324  579 3708 3945  689  941 2753
   34 3403 2230 2519 2141 2317 2925 3075 3059 3865  562 2190 3061 2570 1922 3627 2828 2109  273  800  578 1103  354 2472 1805 1269 2486 3383 2597 1684  111 3917  878 1610  311 1646 2749 2588 1833 1488 1453 1425 2916 1986 1380 2997 2232 1776 3291 3221 3231 2735 3140 2255  654 1083  671  940 2018 1988 1895 2786 1983 2676
 3699 2839 2222 3124  758 4069  130  914 2853 1560 1292  370  583  400 1920 3308  682  631 1237 3773 3615 1778 1834 2435 2187 1924 2631 2746 2703  841 2858 3974 1053 3169 1132 3879  537 3327  502  860   28 2750  462 2365  189 1676 3754 1947 3616 1637  865 2496 3357 1335 1808 3766  884 2082 1912 3556 2731 2021 2164 3354
 3084 3448  507   81  882 2532 2618  573  954 3577  866 1861 3229 3617 3558 2751  935  373 3538 2652 1077 3931 2033   54 2184 1867  640  770 3953 2223  569 3542  397 2344 1183 2634 4090 1005   68   97 2785 2981 2648 3234 2857 2091 2611 1038  406 3977 3419 3476 1907 2361 1015 1877 1022  646 3687  401 3430 1628 2500 2810
 2220   39 1603 1796  988 2161 1976 1901 1769 1762 1457 1753 2347  257 1538  667 1032 2064  662  999 2553 4001 3883 3264 3159 3755  171    7 1814 2918 1040   58  516 3081 2110 1707  881 1977 3046 3956 2733 1692 2849 2039 1511  231 3509 2322 4038 4027 3581  338 1734 1660 3314 2725 2343  106 3648 2456 3290 3441 1024 3605
 1097 2622 1193  446   69 1167 2257 3050 1340 2998 2054  993  360 1550 2724 1996 2074 2192 4066 1481 2397   47  710 3566 4065 2911 3362 3991  572 1933  973 2583 1828  395 1252 3037 1293 1696 3676 1737  328 2627 1639 2626 1388 3512 1119 2516 1214  181 2162 2555 1378 2137 3858 4054  635  567 3790 2944 1669 2929 3590 3933
 2330 3294 1311 2380 2035 2721 3787 2771 2116 2341 1470 1801 2578 3058 1875 1213  505 3900  264 3633 3529 1791 2433 1645 1280 1417 3492 4004 1855 2412 2940 2363 2740 1606 3464 3278 1507 2085  135 1802 2024 1982   89  267 1279 1790 3399 1444  806 1330 1995 1134 2124  963 2111 4073 1088 3326 2419  670 3523 1510  464  133
 2890  288 3777 3873 2264 1345   32 3555  427 3959 3504   83 1011 2687 2177 3126  438  484 1205 2650 2736 3539  927  651 1896 1936 2989 1942 2167 3638 2244  301  738  162 1980 3242 2855 1916 2585  519 2720  254 1950 2148 3405 1157 2126 1735  451 4087 1687 1478 3996 3164 1373  719 1817  856  706 2169 4014 4082 3321 2951
 2934 3550 2313 3185 2927 1816  352 3255 1654 1978 3954 1209 3738 2827 3744 3427 3128 3244 2815 1556 1404 2023 2400 2884 3645  962 1772 1392 3714 2080 1822 2879 1581  208 1647 3707  242  538 4011 4003  869 2778 3351 1679 2354  588 1666 2667 1475  504  929 2653 2782 1585 1192  374  977  472  390  141  172 1064 3322  600
  340 2795 3415 1533 3493 4008 3507 3310 1846  958 1544 2649 2151  378 2067 3612 3668 1723 1289 3923 3861 1743 2674 1379 1031 2389 3074 1142  214  194 3735   15 2741 3379  784  781 1007 1395   50  297 4064  458 3449 1260 3548 2518 1960  901 3491 2349 3116 2204 3832 3891 2864 1301  919 1244  932 3526  900  175 1771  337
  109  766  934 1759 1212 2286 1800 2453  580 3339 3797 3299 2299 1571 1670  625 1155 3273 3285   73 2278  428 2867 3704  605 3434 3747 1300  321 1499  169 1686 2260 3936 1953 1303   16  847 3024 1391 1234 1259 3658 3935 3951  712 2155 1934 4000 3732  789 1760 1034 3214 2170 3442 3158 3488 1829 3527  325 1198 3082 2465
 2836 1480 2329  376  582 3288 1204  411 1741 1952 2960 1848 3153 2980 1246 1819 4055 3812 2544 3720 3844 3241 1792  398 1253  652  327 1282 1047 3394 3711  736 2679 2704 1657 3939  523  216 3150   65  798 3092  899   79 2603 2768 3703   62 2037 3041 2133 1927 3798 3064  529 3717 2236 3705 1576 1602 1161 2738 1125 1765
 3647 3760  467 2283  995  762 2744 3880 1495 2432  792 1445 3631 1309 1827  681  221  794 3743 1367   41 4072 2089 3280 2052 2233 3657  590 3576 2339  192  176 3440 1333 2490 1394 3988 3138 1427  998 2985 2154 2637 1390 3990 3986  879 3643 3426 1238 1600 1548 2845 1081 1343 1295 2458  589 3465  385 2945 2943 1170  329
 3765 3175 1795  707 3007 1650  392 2907  157  199  742 1852  483 3789 2701 2587 3127  772  975 2861 1322  204 1019  587  771 2160 3842   56 1349 3602 2045 2357 1276 2209 3271 1751 2025 2445 1705 1742  696 2901 3896 1954 3356 1304 1255 2846 2055  380  123 3263  698 4031 3000 4081 3695 1632  916 2773 3217 3141 3614 2896
  868  474 3595 1940 1491 3378  218 1442 1464 2969 1415 2781 1150  546 1566  930 1001 2860 2437 1522 1432 2274   12 2966 1451 1466 2203  944 2140 3510 3409 3948 3693 2964  627 2407 3032 1233 2296 3785 2757 3906 3109 1458  197 1195 2011 3725 2368 3989 1841 3774  805 2942 3629 1506 3569 2508 1297 1087 1820  826   48  898
 3397  787  120 3070 1018 2043 1008 1270 2970 2592 3854   71 1410 2792 3180 2987 3204 2963 1718 3392 3253  521 3416   91 3642 3949 1514 2581 1601  685  797 2371 3964 1305 3588  493 2868  429 1003 1412 3571 1314 3786 3043 3300 1114 1101 1783  602 1182 1339 1153 3982  971 3960 3385  362 1336 3122  876 1215 1331 2238 1709
 1014 3453 4020 2403 3719 3757  609  836 3400 3562 2498 3361 2545 2254  282  780  804  996  365   72 3247 3091 2405 2654  704 1443  410 3348 1093 1406 2580 3866 1881 1085 3660 2404  832 1057 4025 3143 1350 3256  198 1239 2409 1455 2340   63  943 3168 2408  713 1731 2854 3216 2872 3934 1915 3157  131  924 2986 1100 1678
 2805 3238 2158 3690  323 3867 3973 3688 1365 1807 1111 2968 3941  261 3167  245 3125 1612 3429 2672 2826 3583 3194  624 1245  129  359 3598 2305  148  769  127 2535 1836 1663  920 3008 3268  277 1804 2843 1815 1027 2869 3199 2719 2392  791 2382  891   53 2030  904 3408 2909  457 3966    6 3025  618 3669 2763 1272 1433
 4070 1180 2799 1981  731  315  661  349 1166  418  723 3010 2325 2134 2300 1165 2670 1216 3095  351 3224  318 2793 3679  810 3835  726  206 2920 2237 3372 2534 3251 2424 1748 1056 2823 3006 3072 2290 1569 1012 2114 2100 3925  407    1 1248 1043 2984 2967 3250 2281 2910 1508 3413  244 3337 2099 3360 3500 1675 2248 2926
 1434 2833 1911 1191 3822 2462 2198  371 1063 1334 2107 1073 2512 2466 1247  412 3160 2889 1080 1929 1362 3315 3293 4067 1919  737 1864 1706 2346  663 4039  134 1788 1468 1716 3298  186 2617 4028 3560 2865  531 3641 2767 1286 3188 3371  628 3742 1489  235 2919 2375  322  417 1152 2898  679 3380 3834 2057  855 3240 1633
 1173 3398 3808  629 1222 2061 2514 3950 1294 1226 2729  956 3473 3412 2754   11  205 3009 3110 2758 3567  549 2132 2891 1264 3564 2995 1194 2572 2594 1526  831 2638 1620 2788 2595 3890 1098 1261 3495 3066 1141 2320 3684 1371 1998  320  442 2280 1923 1708 2319 1108 2308 3451 1273  606 3483 1267 3335   77  750 1871  247
 1208 1082 1631  880 1284 2224 2032  263 1124 2716 3575 1418 2551  101 3530 2041 3670  121 2675 3012 2990  182 2063  310 1966 1421  272 2715 1874 3287 3115 1178 2474 3089 2483 3277   44 2941 2717 1052 1689 3203 1316 2692 1313   90 3905  548 2271  551 3108 3764 1275 3195 3741  659 3696 3730  759 3640 3034 2345 2975 1017
 1990 3762 1235 2775  653 2705 2904 1486 1862  469 2605 2388  471 1701 1958 1419 3436 3076  115 2006 2558   10  990 1414 2537 2874 1711 2632 2086 3814  527 3767 1413 2070 3088 1697  368 2447 1139 2559 2174  478 2293 2027  597 1228 2982  864 1189 2259 3404 2977  761 2604 2563 3386 3384 2078 2076 1354 3874  807 3134 3894
 1943 3818  386 2885  558 2401  140 2707 2149   24 2066 2712 3455 2334 1435 1135 3549 2540  675 2495  828 3407 2228 2266 3938 1436 1257 1206  224 1105 3639 2589 1162 3946 1767 1809 2956  294 3470  492 4030 1962 3065 4076 2036 1908  215  533  680  872  153  489 2242 3918 3172 2556 3060 3911 1770 2492 2639 2641  154 3104
 3781  669 3376  190  972  100 2046 3552 1356  253 3503 4024  166 2455 2497 1985 2468 1296 2104 3859 3445 1513 2830 2315 3267 2506 1648 3782 4019 3585 1229 3746 1067 1149 2285 1186 2914  409  421 3532 2478 2176 3178 1070 1372 3475   70  228 3359 2616 1449  776  110  633 2284  574 4068 1572 2714  118 3678  894  909 3803
 1551 1291 1580 2759 2913 2186 3145 2883 2359 3992 1258 1810 1965 2838  961 3201 1090 3105 1386  222 1203 3664 4056 1428 1926 1358 1396  820 3673 3193  656 2513 3213  902  304 1903 2135 1859 1364 2087 3836 3908 1505 3957 2314 3052 3329 1462  892  439   35 1227 3292 2656 2017  913 1136 1096  809 3067 1187  219 4084 2524
  903  722 3979 3849 1357  314 3727  499 1545 2096 3846 3031 2355 1957  829 3098   55 3981  299 3269  705   75 1370 3778   19  657 3831  512 2601 1041 3761 2229  757 3096 3607   22 2635 2199 4075 3232 3837 2505 3462 2337  541 2332 2682 2428 2402 2755 2955   18  366 3027 3637 1384 2231 3610 1653  802  514 1629 1671  413
  575 2156  293 1223 1894 1774 2850 3393 2008 1826  485 2732 2922 2370 3940 2044 1844  540  788 2130 2323 1886  249 1989 1207 3396 2517 1586  324  223 2436 3852 2058 3486 1547  974  845 3456 1058 1688 4013 2871  113 3262   76 2931 2195 3613 3651 1342 3474  119 3573 1251 3219 2311 2807  530 3243 1029 3889 1971 3597 1137
 3181 2157 2946  568 1401 3155 3623 1075 1471  987 3630 1329 2077 1979 1143 2461 3943 3301 2936 1786 3622 2422  858   88  239 3388 3920 1664 3374  885 2094 3223  449 2642  674  570 1644  187 2835 3970 2636   96  278 2081 3377 1456 1541 2663   27 1523 2664 3381 1763 1913 1729 3272 2473  456 1573  232 3820 3497 3926  830
  725 1122 4074 2207 3734 1397 2784  733 3715  270  677  319  250 2801 3303 1509 3829 2292  584 2072 1899 3775 3826 3792  727 1700 3606 3332 3912 3211  951 3094  801 3501 3534  437 1281 1798 1308 1218 1319 1377 3928  152  339 2798 2612 2366  497  641 1850 1241 2662 1274 1006 3259 2217 1613 2917 1766 2071 3985 2423  691
 3365  522 1984  997 2060 1020 1374  612  724 4022 1717 3694 1900 3170 2979 3439  336  481 3788  926 3967 2630 1535  274 2690 1773 2211 2048 2208 1843 1344 3015 2212 2822  992 1532 2659 2373   92 3589 1118 2304 2531 2178  755 3929 1781 2464 2288 3524 2875  426    8  817  155 3677 2378 2227 1662 3644 1318 2168 1898 4060
  185 1254 1944 2892 1635 3618 3914 2239 2806  746 3261 2396 3460 2454 1025 2546 1461 1818 1622 1160 1476  994  262  501 3533 2888  434 3723 3071  637  379 1630 2665 2978 1584 4092 2852  603 2610  623 2009 1673 2003 1037 1608 2539 1026 2097 3305 2761 2369 3807 2620 1931 3611 3722 1621 1446  419 1651 1175 2079 2623 2001
 3578 2614 1299 2193 1010 3191 4095 1928 2210 1288 3021 1368 2939  342 3152 1438 3620 3609 2971 2686  739 3078 2120  925 2298  888   26  890 1813 2954 2175 1594 3330 1346 2073  939 1030 3511 3174 1071  394 2829 3514 2571 1880 1407 1593 3489 2789 3540 2241 1144 3840 1328 1938  525 1310 2205  147 3898  381  517 1597 1501
   93 3646 1133 3038 2267 3258  259 1091  599 3759 3813 3481 2832 2294  240 3387 3756  233 2356 1625 1431 3709 2949   98 3206 1177  309 2460  678 1627 1290 2840 1865 1497 1154  367  143  647 1856 2263 2579 3447 2803 1665 2182 3706 3144 3869 3004  476 3049  701 3051  425 1959 1504  911 3904 4007 1578  839 3137 2748 1690
 2728 3601 3013  440 3402  947 1402 2973 2484 1889 1004  513  734 1123 2084 3165 3130  503 1076 3149 1914 3770  825  634 2723 3976  673 3133 1558 3655   20  853  142 3282 2950  173 2780 2416 1702 2249 1739 2863  179 2381 3833 3857 3450 1849  942  564 3535 1243 2711 2525 1616  616 2718 1540 3494 3480  986 3284 2383  528
 2737 2520  305 1312 3843  210 3737  811 3819  912 2542  195 2386 3666 2376 3344 1935 2528 2713 1970 3350  552 3958 1121 1768    2 2523 3239   87 2568  289  921 2678 2297  709 2765 3632 2049 2709  897  238 1691 2562 2870 2817 1784 3887 1009  823 1656 3254 2906 4085  424 3318 1416 1148 1642 3102 3304  843   40 2316 1994
  933  279  720 2527 2569 3731 2379  745 4035 1698  818 4094 2564 2880 1951   86  619 2479 3309 2993  730  414 3628 3313  700 3969 2234  146 3218 2034 1387 1611 2536 2245 2216 1256 3338 3955 1720 2681  348 2448  482 2106 2273 2992 1231 3302 2301 3772  177   13 1112  150  524 2253 1271 2574 2882 2004 2930 4058 3965 1196
 1726  905 3753 4047 3085  740  416 2446  793 3541 3162 1066 3366 3698  777   30 4010 2643 1528  361  877  711 1562 2644 3650 3466 1068 2246 2270  269 4043  648 1893  326 4016 4033 3795 1347 3916 1061  747 2221 3336 2131 2491 1500  286 1904 3713 3432   99 3872 3289 2307 1745 2608 2747  306 3779  168  473   29  576 1411
 3963  405  332 2824 2814 1728 1699 2842  174 2779 2499 1448  765  908  764 3997 2521  655  566 3345 4026 2933  837  959 3063 1549 3525 1565 1704 2068 3681 1000 4089 2899 2434 2541  203 2414   23 3984 1873  382  980  638  735 2489 3237 3208 1232 3080 2214  355 3099  754 2548  290 3316 1949 1250 1793 3297 3903 2697 3260