   28  432 1725  867 1532 4145 1525 2856 2074 2215  212 3931 4036 1635 4119 1424 1799 4224 1340 1067 2104  305 2687 2153 3793 1590 3372 1521 1792  135 1124 2101  683 2106 4101  418 1898 3863 3550 1704 1977 1985 3303  149  780 1678  737 2846  515 3311 1439 2548 2937 2434 2278 3368 2539 1111 3788 3275 3149 3600   51 1787 3574
 2970 3437  184 1874 2889 3825 2892 1188 1791   77 2047  384   19 2131 3621 1501 1536 2480 1912 4087 1989 2205 2067  408 1617 2650 3639 2741 2224 3753  251 2181 3445 3704  161  195 1000 2210 2297 3038  869 3886 3494 3946 1965 2482 1075  525  301  752 2313 1190 3053 3302 2669 1695 2910 2314 1766 2983 2906 1128 2768 2615 1818
  362  341 3542 2135 3592  885 1804 1336  328 2982 3674 2714 1412 3651 2801 1455  311  711 1479  246 3606 3618  419  268 3431 3537  530  716 1832 2060 3422 4139 2003 3991  834  150 2486 2958 3504 2854 3068 2427 2952 4153 2976 4064  584 3192 3830 3176 3927 1482  741 3220 1235 1149 1004 3866  289 1644  874 2584 1221  495 1073
 2293 1706 3228 2700 4147 1374  236 1234 1392  791 1642 3190 3720 3079 1982 2478 1268 1527   89   12 3561 2664 1605 4003  948 4072  935 2964 4190 3426 4074  330  114 3342 3513 1788 3694  456 3390 2193 1811  763 1456 1333  464  854  609 2391 2853 2015 3967 3783 2204 1446  776 1254 3449 4059 1013 2350 3861  781  595  178 3730
 2449 3984 2710 2169 1551 1326 1372 4176 2331  990 3270 2288 3571 1750 2936 4107  650 4195 3890 1380  645 2594 3742  568 4103  824  816  794  145 3463 2227 3697 2426 2392  197 1974 1923 4129  775  118 2090 1653  687 1548 1314 4225 2837 1014 1724 2995  653 1474 3148 2411  866   42 2316  602  635 3986 3875 2973 2683  684 2263
 1428 3816 3305 1519   85 3226  544 2506 1565 1440  881 1718 1198 3495 1112 4011  676 1185 3722 2032 2954 3713  417 3751 1098 3615 2771 3500 1752 3496 2020 2287  396 2244 1955 1425  434 3381 3416 4149  412 2959 1830   50 1619 2522 1487   67 2301 1442 2334 1409 3240 1834 3961 3322  465 4154 1486 2433  204  719 4012 4204  641
 2863  600 2298 3003 2346 4175 3576 1765 1187 2149 2324 2463 3507 3721 2498 1215 1569  300  320 3925 1859  962 2045 1451 2035 3477 3533 4188  375  169 2134 1178 2160 2587 1323 2845  503 1869 1441 1195  704 3885 1490 3707  308  647 3858 3773 2220 2039 1956 1627 1259 3395 1227  968 3800 2759 1036  793 2537 3945 1503 2087 2689
 1882 4080 4106  564  762  868 1262  755 3377 1070 1427 3174 2653 4019 1043 2428 1767 1999 3626 3284 2121 3355 1639 1042   86 1253 1962 3819 1552 3712 2016  965 1995 1798  450 3829 3105 2252  799 2266  262 1760 1629 2419  392 3414 1151 2466  955 2917 3205 3879 3728 1786 4051 4172 1158 3183  902  601 4090  119  803  878 3263
 3735 2159   26 2268 1740  712 4207 2806  986 2509 3724 1055  381  633 1296 3547 3969  946 1640  884   49 1495 4025 3702 1756 1845 1404 1802 3224 3246  648 4208 3185 2753 1686  190  669 2925 2241 3458 1180 2337 2005 2315  415 3223 1514 2826 2536 3667  359 2488 2352 1450 3207 3589 2869  789  109 3874  286 4185  919 3296 1821
 2129 2824  910 1238 1703 3009 3202   63 4221 4166 3083 3575  394 2303 2158  767 1109 2852 2739 2361 2638 2782  852 4030 1307 2098 3315 4013 1946 3971 3869 1032  540 1645 3920  717 1379  475 2715 3082 2202 1763 1563 3508  654 1945  934 1805 1862 2059  748 2247 3140 3937 1001  117  764 2626 2944 2851 2888   96 2267 1475  817
 1367 1916 2400  210 2054  685 2235  445 3612 2974 3156 1102  309 3326  875 1988 3770 1975 3020 2132  705 3731 3672 2462  406 1031 2355 2604 1709 1257 4061 1757 1212  658 3116 1434 1270 3999 1452  128 2810  981 3778 4183 2124 2306 4045 1110  922  537 1723  137 3115 1932 3232 1208 3743 2212  674 4198 3389 3096 1182 3587 2551
 3312 1120 1123 3341 3182 1841  183 3723 2200 2776  558 2704 1022 1793  455 2601 1388  583 2924 2717 2461 1201  771 2360  511   11 1134 2072 4029 2470 2651  163  750 1800 2705  520  896 2408 3522 3888 3700 1597 3758  809 3988 3851 3536 2404 2469 2999 3033  574 3629 2575 2366  905 1358 1981 2182 2831 2176  173 3540 1107 3935
 1611 2873  688  378 3413 1325 4180 1504  533   53 2105 3912 1649 2580 1448 2816 1485 2033 3254 3746 1408 2112  166 2510 1779 2450 2299 3729    1  842  539 2610 2502 2097 2490 2991 2612   47 2117 3733 1949 4169  303 1978  499 3634 1895 3177 3976 2383  806 1647 3757 2642 3878 1349 3842 3740  452 1967 1770 1900 1577 1842 1593
 4199 3155   60 1909  267 2879 3015 1316 1903 3797  655  831 1687  662 3017 2028  644 2779 4218 3231 1251 2746 2877 1659 3332 1963 2079  722  170  862  253 3859 3834 2989 1239 3464 2050 3359 1669  508 1444 1210  322 1447 3062  194 1784 2557 2758  899 3170 3073 2932 1573 2481 2992 2528 3152 3534 1385 1233 4093 2380 1713 2292
 3498 2359 1497 1419 1255 3560 1826 3585 3532 4083  693 2151 2905 1105 3344 3373 1734 1679  175 2871  802 3237 3551  561 1368 1139  516 2152 2883 1209 3334 3072  474 3354 1005 1429 1420 2731 2239 3292   84 2485 3244  772 3120 2524 1165  391 1236 2631 1650 2046 1061 1850 2916 2339 3709  478 2833 2492 2829 2195 2747 3865  271
 2254 3259 2271 1312 4014 2738  439 4004 3131 3926 3516 1602   92  999 2201   54 1493 1223 3408  903  861 2177 3217 3880 2471 3776  393 1510 1339 4007 1621 2678 1202 1522 1035  575 2839  226 3617 1992 2184 2082  613 4057 3655 1980 3367 1646  105 3466 1829 2755 3732  185 2256 2622 2597    7  904 1888 3673 3320 2811  804 1030
  603 1222  777  146 3748 1906 2785  326  230 1083  853 2895 3868 2029 3019 2887 3862  529 1199 2546 3001 2142 1050 4096 3328 3129  227 1833  153 3826 2085  275 2926 2521 2190 3644 3665 2025 4114 1578 1710 1743 1491 3657 3598 4102 3611  940 1040 3864 1553 1566 4212 1407 1851  397 2371  997 1691 2439   43 3265 1354 4021  101
 3470 1008 1281  162 1435 2146 1979  606 2232 3691 3142 3650 2496 2417 1453  991 1142  125  167 3454 1216  856 3752 1817 3510 3132  206 1395  338 2938 3066 1890 1885 4141 3336 4062 1225 3963 3151 1024 3287 2300  247  294 3716 3790 1535 2344  168 2614 2840 2394 1581  252 4162   36 2141 3973 2056 2859  481 2530 1613 2913 3269
 1991 3173  136 3471 2397 3596 2624 2639 4002 3544  523 1827 3044 3351  958 1301 2140 2671  605  788 3648 2581 2423 2593 1656  160  457 2885 1961 3982 3158 1319 3479 2578  742 1580 1383  442 3139  285 2396 3219 1071 3273 2233  801 2342 3917 2629 1082   52  358 2113 1241  510 3919 3065 2269 3308 3965 1194  371 1807 3579 1399
 3953  710 2699 1836 3832 1466 2872  664 2282 3710 3206  258  822 2756 2962 3553 4121 3860 3822 4126 2321  872 3695  319  893 1196 2443  198 1099 3715 2919 2310 3441 1191 2019 1538 2847 1360 2198  928  199  588 3005 3473  915 1350 3456 1572 1697  120 1943 3110 1789  548 2009  859 4130 2024 2680 2634 1330  266 3527 2274  835
   41 4069  353 4085  509 1122 3161 1905 1471 1722 2814 4125 3567 1034 2722  458 2377 4179 2709  132  400  545 2914 1753 3873 2787 4170 2667 2606  724 2338 1410  743  497 2501 1835  929  447 2611 1612  714  221 3418 3347 1996 3283 4220 3871 2308  541 2996 3942 1526 2180  480 2512 3772  720 4109  231 1019 2795 1952 2088 3187
 2503 1772 2677  269 3682 2474 1258  916 2817 1125 1901 3419 1591 3843 3300 1873 2249 1184 3023 1518 3563 1589 3821 4157 2196 3941 3784 3870 3349 1556 3261 2058 1648  507 2636  661 4113 3172  428 1361 3288 3627 3749  156  534  310  652 3215 3080  624 1154 2720 1947 4209 1138 1508 2520  967 1081 3138  386   62 1247  960    8
 4070  778 3738 1511 1018 2698 1660  660 2716 2570 1311 1972 1292 4193 3135 1957 1719  179 2559  296 1375 3350 1628 2656 1598   95  636 1351 2255 2420 1654 1416  477 3126  351 2529 2821 3794  985 1843 3658 3141 3517 3109 2694 3039 2644 1732 1774  843 2122 4192 3511   91 2013 2733  172 1359  931 2980 2963 2119 2969 2929 3718
 1327 2335 4146 2643 2347 2259 1506  299  830  787  926  244 1415 3357 3119 3462 1010 2596 2585 3146 3031 1735  531 1097  263  656 4222 2655 3233  347 1015 4000 3378 3032 2123  797  134 1396 3429 1562 4032 3442 1554 1666 3293  937 2836 2965  410 2684  920  274 3307 3954 2957 3520 4033 3556  657 1780 3260 3409  818  521 1585
 3916 1582 2319 2077  494 3769 2418 2841 1365 3076 3552 1936 1997 3446 1856 4168 3036 3774 4203  345 1782 3541 2978 3365 1921 2465 1587 3114 2533 2820 1762 1003  591 3604 4196  232 3101  773  324  192  493  975 2041 3798 1727 2661  430 4040 1294  811 2774  819 2137  813   46  585  440 2659 2618 1155 1711 3703 2264 3242   55
 3981 3796 2086 4091  144  957 2780 3614  304 1421 2217  280 2627 2955 1261 3957  459 1260 2454 3366 3180 2757 1170 2100  701 2491 3218 2188 4046 3145 2519 1730  321   31 1876 3995  486 2413  349 1305 3008 1283  374  936  992 3476 3362 1211 3016 2002 2545 3903  505 1559 3622  943 1039 2702 3249 2436 3911  744 2322 1224 2950
  352 3239  890 2920 2441 3632 4048 4173 1391 3638 3656 2878 1844 2118 2549 1878  423  848 2554 3803  385 3399  682 2289 2012 4058 1561 2211 3004  528 2867  728 2222  340 2399  974 3545 1394 1533 1100 2412 1465 4124 2727 1601  560 1161 1540 3301 2092 1130  736 1322 1127 2543 4066 1077 2008 3361 2799 1080 3693 3509  130 1275
 3641 1880 3601 1917 3433 1153 1930  350 2526 1854 1348 1924 2865   76 3756 3002 1052 2595 4217 4182 1433 3633 3400  608 1108 4075  783 1604 2804  779  619 1084 3396  836 1620 3286 3266  325 2021 2464 1509 2813 1907 2376 2652 2329 1758 1256  612 1297 3289 1436 1414 3643 4108 3268 1334 1021 1163  907 2886 1027 3583 3306    5
 1852  205 3057 2405 2362  707  126  590 2574 3030 1150 4215 4133 2421 3814 3539 2458 1284 2479 2882 3780  127 1062  444 3503 1531 3690 2562 1389 1685 3255 4097  414  469 1855 3221 2370 2607 1736 2911 3530   79 1117 4047  998  395   93 3488 2670  987 1469  745  454 3050 1279  141 3095   69 1785 4160 3990 3932 3123 1300 3358
  373 2285 2382 3324 4150 3451 1287 2568 4151 1265  889 2171 2734 1828 3369 3635 2251 1152  938 4001  646 2949 1269  894  578 3063 1400  966  196 1886 1801  628  984 3191 4104  549 1998 2489 1085 3531 3346 2997 1584 1418 2219 1797 2577 2409 2242  632 1315  638 1816  695 4164 3719 3168 3061  368 3817 1382 1520 3484 3706  860
 3526 1893 3766 3025 2318 2357 1462 3519 2961 1716 2327  123 4010  242 2136  616 1608 3339  671 3317  572  463 2174 3768 1432 1173 1175    4 4082 2660 1755 2939 3125 4191 3188  898 4088 1618 2444 1737  387  800 2726  124  914 2221 2858 2993 1288 1606 3251 2743 1114 2483 1607 4056 1046  129  257 3852 3235 1694 1667 2126 3750
  182 3956 3678 3989 2658  354 2381 3950   29 3094  536 2114 3034 2477 1796  165 4167 3480 1712 1690 1516  927  249 3483 1728 2723 3636 1355  260  273  202 3216 3150 2127 3212 4143 4073  932 2312 1044  694 2513 2864 1502  487 3554 2460  203 3523 3977 3884 2272 2120 3573 3112 2781 1126 1277 1266  315 2751 2445  224 1744  675
 3528 2328 1203 3978 2294  749 2332 2602  805 1910  708  925  582 2273 1066 3904 4031  259 2561 2407 3384 1505  261  740 1286 1595  917 2835 1048 3669  837 4148 2325 3624 1291 1369 1159 2789 3846 3363 4081 2673 2998 1541 1449 3256 3663 1993 1378 3881 1103  883 1437  631 1299  552 3054 3525 3831 1356  622 3642 1964  284 3813
  887 2778  900 3970 1002 2791 2389 2280 2951 3071  667 2599  313 1726  372 1179 3144 2552 2623 1920 2783 2448 4042   24 3741  947 4189 2073 3028 3064  972 1148 2275 3781  727   32 3157  756 2793 1868  297  882 3833  543 4076 4211 2304 1308 2253  870 1352 3985   99 2001 2901 3274 3410   27  996 1464 2004 3271 3154 4043  825
  181 1588 1814 2238 3078  891 2456 1476 3227 2511 3577 1171 1517  677 1670 2240 2515 1806 1941 2828 1094  187 4018 1523 2761 1060 2110 3928 1417 1673 1688 2718 1033 3474 1745 2742 2356  254 2166 1973 3018  808 2402 3201 1864 4100  703 2144 1331 3872 2111 2880  238  877 1386 2903 3854 1243 1144 1193 1632 3593 3947 3895 3684
 4077  270 1899 1866 2061 2276  532 3898 3909 3264  897 3801 1636 4008 2172  327  565 2365 1101 2226 2792 1671 2125  751  784 4163 1087 3024  700 2317 2048  554 1318   98 1280 3175  942 3930 2076 1272 3059 2416 1934 2514 2940  140    6 2467  337 3915 2165 2207 3103 4202  626 2230  380 3343 3538 3280 3423 3836 1603 1951 2473
 3647  670 1025 2800  429 1575  441 2163 1131 2589 4117 2374 3952 3996  522 1313 3453 3316 1630 3951 3799 2475 1206 2796 4039 1677 4194 1017 1913 1478   71 1405 3210 1812 3467   34 2754 1674 1700 1104 3755 2007 3107 3943  471 2875 3348  424 1714  201 2898 2990  570 1086  863 4092  484  142 2199 1564 1853 2291 3845 1846 1858
 1994 2662 1976  282 1944 2762  339   30 3313 3515 1953 1808 1460 4006 2225 2682 2078 3277 3278 2648  734 1638 2934 2637  317 1576 1498 3041 1747 3007 2979 1542  426 3856 3178  154 3949 2772 2870 3908 3559 2208 2075 1675 3616  476 2641  759 3726  855  103  598 1343 3980  850 1892  512  698  732 3675 1783 3767 2507  639 3681
  331 1550  514 4136  139 3203 4156 1192 2565 3646 2027  383 3564  416 2930 3876  143 3867  643   14   33 3906  546 2430 2038 3425 3789 1320 1948 2148 1217 2784 3403 3892 3701 2923   80 1558  880 1174 2257 2732 2708  191 3421 1626  496 3388 3075  220 1919 1204 1698 4184 2155  733  468 2603  790 3406 3940 1303 4223 3338 2777
 2823 1823 1950   81 1849 1183 4079 1364 3998 1897 2621  970 1925  517  248  180 2063 2307 1658 1574 1914  343 4041  765 3472  615  276 2178 2368  133 3257 1214 3243 1090 1264  911 1586 4152 4105 1089 4023 2425 1481 3360 1942 2218 3434  761 2406 3907 3936 3199 3047 1754 2558 3111 2691 1908 3481 4123   73 1663 2912 1366 2440
  332  240  796 3661 3297 3840 1847 1136 2401 3290 3006  234 1231 1406  207 2388 1166 3630 2960 3518 2197 1837 2459 3580 4086  709 2994   82   68 4219 2860  281 3213 1546 1095 3229 2096 2354  768  964 1983 2902 2790 4171 3628   83 1937 2348 3676 3143 2326 3085 1362 1815  680 1751 3489  557 2697 3603 2504  388  229 1764 3211
 4044 3717  542 2500 1733 1230 2194 1665 1966   56 1189 2881 4161 4214 3815 1530  467 4034  730 1463  366 3319 3960 2679 1186  691 2844 2064 2737 1499 3136 2797 1063 2945 2115 3666  846 2034  361 2890 1513 1681  604 1738 2367 3014 3299 2564 2719  377 2295 1205  726 3487  382 3535  460 3330 3222 1282 1373  634 2927 4037 1245
 4187 1353  422 2044  272 2550 2616 1459 3849  314 2286  961 3486 1370  364  491 4094  283  376  211 3572 3077 3744 3966 3088  398 3122 2922 2053 1053 3070 3460 2848 4050 2632 4015  526  651 3091 2364 2849 1342 3321 1250 2116  265 3364 3087 1473 3329  501 1970 1423 3594 2084 2802  956 3029  239 2130  108 1971 1477 1863 4112
 2340 2640 1672  470 2563 3195 1838 2605 3959 2724 1377  587  614  597 2897 1045 2387 1775 2770 2933 1507  121 2625 3782 1927  746 2302 3620 3584 3754 1896  527 3166  906 3430  879 3558 1118  152 3200 2353 3894 4005 1028  978  814 3771  369  995 2089 2080 4099 2442 1467 3090 3402 2544  640 3475 1079 1641  713 3011 1229 2349
 3055 4098 1692 3427  498 1468 3046 2183  576  157 3640 1918 2455  979 4186 2517 2721 1341    9 1065 2987 3439  823 2749   58 1592  580 3582 4137 1534 1197 2341 2395 3081 2523 3169 3444  629  323 3098 4024  665 2516 2692 2262  729 1902 1549 1147 2815  513 2681 1683 2665 4142 1232  840  758 3818 2497 2103 2674 1072 2057 3597
 2093 1708 2850 3417 1387 1276 3705   87  618 1049 2379  216 1922 3777 2499  106 3590 1026 1539  976 2446  888 3779 2000 3828 1116 2154 1207 1778 3167 3883 4205  924 3739 2972 3184 1376 2745 1074 2068 2258 3420 2538 3281 1242  214  969  735 2707 1121 2868  306 3392 3304 3763 4060 2179 2764 1328  989 4020  826 2185 1768  355
 2825 2988 3241 1393 4159  411   18 1872   45 3397 2773 4158 2862 2712 1141 2284 2143  151 1295 2695 1494 1879 1306  589 2214 1289 1172  977 4135  235  923 3492 1237   40 1169 1244 4120 3327 1848 2900 2203 3404 1371 3415 2977  827 3566  812 2026 4177 1820 1567 2752  810 2907 3521 1298 3100 3000  886 3398  502 4063 3049 1741
  659 1064 1884 2495  334 3010 4155 1059 2579 1568 1771 1615 1038 1137   75  815 3435 3727 3809 3165  617 3448   16  895 2547 4138 2373 2187 4165 2609 1731 2343 3512  431 3164 3461 2234 3645 3490  571 1623 1076 2703 1915 1484 3021 1181 3294   25  941 3610 3994 3625  193 2633 4110 2921 3162  409 2967 2567  389 1091 1162  278
  673 1631 3692 3121  637 1894 2265 4116 1335 2730 1263  292 1809 1570 2931 1560  379 3386  569  807 2822 2494 2323 3370 2628 1746  421  466 2150 2281 4127 4035 1403  792 2647 2946 1940 1931  461 3896 2809 2320  921 2109  623 2582 3042 4084 2493 4140 1445 2006 1422 3562  774 1106  944 3683  851  706  959 3497 2942 3811 2975
 1928 1011 3899  329 1443 2040  448 4068  832 3847 3711 1777 2157 1068 2508 1219 3387 1398  766  295 2051 2668 1492 1304  611 1610 1702 3337 3230 1252 3887 2049  483 3045 3806  367 2384 1047 1839  847 4022 1776 3411 3765 3958  335  982 2209 2175 3084 1454 2830 1696 3035 2534 3291  994  279 3631  219 2693 3924 1058 3262 3586
   38  399  188 1430 2333 2369 2588 3578 3759 1664  950  621 3450  233 3679 2432 3853 3137 2036 1707 1877 1483 4017 4118  171 2690 1968 1668 1309  993 1701 3356 3857  370  148 3914 4132 2966  798 2261 3823  453 1426  435 2827 1609 1652 3910   59 2834 2894 2948 3913  821 2956 4210 3198  222 3608  699 1547  573 3570  131 2786
 1857 1689 1889 1599 1271 2437  666 3436 1240  405 1616 3443 2030 2613  579 3850 1402 1860 1177 1600 4028 2767 2186  686  721  209 3939 2899 2378 2279 1555 3747  786 2598  627 3314 2081  427 3979 3791  715  213 3745 3557 2620 4174 1480 3209 3491  357 3855 3805  360 3659 3104 1984  446 2736 4216  288 1634 2236 1143  901 1761
 3048 3258 3581  425  829  547 1145 2686 2812 2139 3839 2260  844  404 3944 1249 3505 4055 2435 1773 3468   37 2842 3026 3568 3688 2414   39 1332  138 1935 4052 2986  390 3902 3997 1397 2713 1749 1657   44 3069  401 2617 1742 3282 3933 3934 2807  949 2663  250 1346 2447  689  333 3236 3455 1093 1625 2099  363 2372 2375  113
  630 2094 3734 2022 3133 3775  642 3938 3877 3252 2191 2168 3786   64 1321 3762 2590 3352 3764  556 3889 1431 1717 3022  876  697  753 1643 4065 4078 1867 1594 3555 1693 3214  535  754 3708 2576 2675 3118  625 2415  112 3067 3514  164 1016  892 2011 1168 3102  155 1662 1160  838 2246 1881 3882  506 1115 1579 2290  782 3052
  909 3407 2398 2390 4038 2874 3637 3619 4111 4178 1293  678 1676  973 2535  438 3983 1092 2014 2928 1661 1020  620  839 2133 4049  908  954 4128  702  594 1347 3310  725 3482   20 2953 3194  290 3099 1790 3394  747  785 3599  479  857  449 2635 1324 2309 3502 4197 2645  518 3074  451 3609 3012 2173 3900 3037 1029 1302 1329
 1537 2223  107 3660 2630 2422  592  462  912 2908 3124 3340  553  795 2896 1438 2206  241  122 1986 3285 1129 2729 3234 1861 3353 1633 2031 2572 2245 3333 3493 2156 2803  277 3529 2984 1056 2017  485 1278 1543 1132  953 3323 1596 3401 2065 3459 3841 1729 2243 2569 1146 3698 1840 1078  346 3318 1655 3546 2765 1769 4206 2487
 3812  738 3179  413 3432 1088 2283 2935  159 1133 3687 1822 1246 1470  228 3405  563 2393 3664 4016  951 1810  402  490 1583 3680 2619 3160 1009  690  176  287 3923  158 3760 2351 2586 2855 2947 2525 3092 2672 2573 1489 2600 4131 3737 2560 2476 2861 2431 1831  607  933 2891  952 1274 2904 3955 2438 3153 3802 1023  562  770
 1824 2386 3469  739 2657   97 2744 3964 1682  436 3248 3787 1113 3974 1345 4134 3106  586 2805  293 2145 3827  760 3588 3225 2128 2531 3247 3245  492 4027  983 3371 3569 1911 4095 3040 3662 1624 2788  833  945  186  551 2583  567  731  437 2556   72 3093 2701  610 3447  407 2735 1357 3689 3891  223   17 2043 2070   70 2884
 3108  566 3565 4122 1267 3412 1954 2541  100  115 2915 3714 1363 2866  110  596 3128 2518 1200 3051 1156 3428 2666 3058 1715 2566 3501 1929  723 3918  237  679 3607  291  264 3848 3602  298    3 1285   57 3440 1054 2794 3189 2706 3613  433 1825 3295 1512 1381 1865 3380  245  473 3975 2696 2451 3968 2424 1140 2646 3808 1990
 1529 2277   22 3699 3897 1228 2248 2138 2909    2 2740 2857 3921 1705 3686 1167 3374  930 3654  599 4026 3485  668 2832 3549 3279 3134 2363 3197 1458 3499 1939 3056 1337  256  482 2010 2066 2540  692 1457 1472  524 2102 1176  225 3835 3837 3335 3276 3671 1488 2591 1748 2981  243 1338 3810  845   78   94 2311 1496  871 2091
  147 2555 3383 3379 4067 2162   48 3905 2688  342  356 3543  472  307 2305 2192 2711 2838 2147 3901 2553  757 3171 2985 3186   35 3668 3013   88  963 1759 3060 3130 1096 3653 3086  489 1545 2037 3844 1248 4201  365 2763 4053 2808 1007 2943 3331 2760 3272 1226 1290  217 1413  939 3820 3785  593 1384  769  538   10 2592 2452
  681 2571 3649 1069  174 4144 3524 1571 1037  255 2358   90 2798 3097 1926 1012 1819 3929 3325 3670 2468 4200 3127  215 2161 2608 2685  208 1875 2167 2170 2649 2385 3393 2228 4009  488  980 3595 2453  177 1411 3382 1273 1344 1041 1959 2403 3652 1614 1960  696 3838  312 2095  858 2457 1904  918 1310  500 3792 3309 3181 3196
 3972 3795 2229   13 2725 1699 3605 3250 3238 2296 3253 3677 2410 2527 3591 3193 2062 3298   61 1557 3465   15  820  111 4213 1544 2336 3804 2818 3204 4089 1794  849   74   66 2231  864 2769 3043 1958 3725  189 2055  672  828 1220  316 1461 2893 1524 2250  577 2766 2213 1637 1157 2472 2484 3736 1781 3424 1119  718 1739 1871
  218 1317 2330 2237 3267 2023 2532  841 2069  443 1622 2505 4054 3893  913 1515 1938 1813 1883  519 2876 1500 1401 1651 3993 3375 1213  318  988 1135 2083  403  420 1891 3208 3457 2018 2189 3159 4181 3922 4115 3685  581 1528 2216 1684 3117 2676  865 1803 2971  336 1164 3807 2108 2775  555 3696 3478 3385 2748  200 2819 1720
 2270 1987 3992 3163 1006  104 3506  344  649 2918  873 3345 1051  550  348 4071  102 1057 3147   23 2042 2750 1969  663 3438 2345 2071  504 2941 2429   21  559 3376 3391   65 3089 1218 3113 2542 3027  971 3824 1721 2052 3548 2843 1795 1390 3987 3761 1887 2728 3948 2107  116 1870 2164 2654 3623  302 1680 1933 2968 3962 3452