 1208 1906 1712  385 3148  287 2534 3988 1285 1765 3598 2814 2891 3088 3517  836 1884  558 3240 3006 3331 1371 2273 2904 3462 3385  455 1835 3936 2678 1706 1145  943 2442 3965 2390 4142  729 1522  733 2754 1940 3626 1117  898 4032 2959 2999   68 1846  693 3657 2048 1831 2950 1272 1855 1518 3796  166 1018 1587 4144 2198 1152 2660
 4199 1705 3587  349 1413 1735 1256  488 1686 4135  120 3805  691 3555 2366 1084 2353 1936  200 1710  886 1764 3147 3845 1260  381  329 2873 2164 2248 2293 1257 3169 1039 1184 2313 2005  748  261 4348 1933 4168 3647 1126 4214 2039 4323 2606 3238   66 4202 3155 2869   84 1336 3823  443 2755 4059  479 4238 1912 3248 1214 2864 3853
  913 3032  796  674 3187 4185  314  760 4085  577 4315 1128 4306 3185 3491 2969  806 2463 1063 1026  902 1457 1151 1436 3760 2911  538  463 2605 1776  492  660 1345  576 4194 2059 4216 3460 4277 3373 3429 3707 1713  486 2920 2210  143  312 4178 2726 4241 3016 1021  778 2453 2591 2360 3874 1246 2329  827  712   65 4200 3269 4049
 2201  863 2158  432   94 2946 1529 1051 4024 2691 1652 3709 1169   29 3343 3742  640 1363 3863  372 3375  140 3450 1919 3782 3870   77 1964 1828 1446 1419 3017 1952 3753 1481 1438 1324  211 1525 3813 2748 3106 4257 2020 2279 1739 2917 4346 3822  328  819 3829 2316 1996 2958 3461 2359 3634  769  667 3694 3737  457 1883 3699  286
 2652 4269 2473 2682 2539  156 3210 1042 4055 3525 3922 3832  125 1523 3386  187 2601 2083 1693  533 1574 2589  884 4302  618 2002 1943 3310   27  847 3791 3498 1596 3610 2169  152  647 2120 3554 3419 2176 1237  624  789 1288  592 1373  675 1221 2655 4094  818  283 4192 4222 2446 3535 1507 3245 1786 3011 4196  192 1742 3074 3668
 4068 3478 3079 2695 3848 1050 2431 3136  929 1536 3649 1894  779 4231 1649 4349 4013 1047  418  659 1044 2782  882 3475 1434 1600 1793 2428 3276 1231 3687 1459  325 4027   78 3199 1132 2570  805 3987 2988 1794  378 1306 2283 1903 2894 3704 2078  765  323 3003  141 1644 3038 1476 3654 3955 3234 3051  131  983 1542 3562   80 3719
 1181 1036 3856 2944 2907  454 3727 3564  911 3547  451 1805  915 1420 1483 1287 1832  324 4291 4337 4229 1492 1213  768  523 4077 3720  367 3212 2854  229  619 2065   93 2217 4122 1193 2549 4026 2681 3294 4336 1205 1085 1959  741  907 3309 2331 2629 3969  257 3297 3787  182 2667 2252 3814 1422  849 4226  413 3361 2073 2420 2475
 3344  957 2220 1901 2559  678 2389  557 3765 1670 1060  341 4335  955  559 3769 3889 3527 2495 2056 1113 3412 1038 2324  878  370 1905 3163 4237 1730 1743 1837  306 3722 4139 1369  730  196  840 3997 1627 1286 3012 3723 1838 2555 2141 3693 1233 3909 2493 3952 2890 3821 2356 2935  503 2444  702  316 2187 1718 3048 4327 1194 1803
  593 4060 3117  908 2927 3198 3053 1783 1144 2647  798 1519 2174  412  472 3747  206 2441 1357 3887 3570 2397 2881 3392 3356 4086 3293  332 4278 2066  435 1960 2831 1312 4127 4073 1097 3080 2702 2991 1890 3729 3292 3641 2247 1623   22 4353  978 1486  208 1567 2415 2634 1131 1609   60 3319  622 2322 1120 1072 3265 1849  672 1953
 1348 3084 3300 3316  873 1104  500 3904 3042 1191 1316  971 3005  458   74  649  821 1606 2379 3031  614 3974  879 1116 2880 2099 4322 3530 4011 3281 1054  628 4221 3175 1815 1690 1066  531  746 3632 4307    1 4293  713 1976 3993 1581 3340 2791 1069 3964  230 4355 1590  267 3885 2764   11 1366 3256 3267 1653 1791 3321 3195 3566
 3741 2296 1470 3435 4151  321 1412 1916 3591 2064  240  136  400 3890 3268 3937 4227  347 1353 3182 1301 2867  928 4113 2410 2284 1467 3156 3244 1439  591 1711 2987 2413 1475  781 3246  180  544  755 3653 4270  291 1343 4164 1344 3902 1946 3173 1645 1622  296 3715 2090  506 2906 2630 1673 1811 1189 2298 3037 3135  190 3630 4053
  495  380 2259 2445 2884  279 2728  579 3685  429 2703 3231 1573 4147 3553 2033  766 2603 1620 2912  219 1723 3345 4190 3824  856  343 2673 1661  677 2215 2957 3669 4179   52  354 3975 3047 1402 2663 1857 3270 1408 3540 2212 1696 3622 3201 3349  442 2286 3469 3666  426 2150  374  250 2124 3971 3273 1726  736 2825   30 4030 2520
 1834 3277 1449  864 1495 2509 3635 3415  797 4128 2088 2750 2301 1356 1197 3577  499  360  243 2506  626 3066 4210 1575 2669 4247  446 2830 1679  867 3122 2714 1830 1159 1823 1580  800  586 2307 1684 3159  461 3881  351 4356 3497 2364  724 3763 3806 2679  611  456 2934 2109 3506 3984  183 3284 4106 2388  725  210 4025 4212 1907
  657  513 3509 1962 1253 2838 3504  493 1991  969 2812  811  526 3780 3486  164 2580  964 4265 1296 1167 2538 2100 1164 1612 2192 3142 3681  433 2021 2267 1808 4343 3206 1121  773 1607 2684 1238 2696  620 1081 2866 3797 1216 2979 1502 3446 3532 3067 3944 2941 4319 1505  428  941 3631 3670 1501 2207 1825  177 1566 3838 2767 4249
 2362 3045 2740 1110 2235 2805 1101 1230 2092 1242  562 3035 3489  249 2436 3751  565 1530  665 2800 2743 3773 1305 2954 2577 1314 3775 3153  123 1045  692 2142 1570 2288 3894 1768 3655 1951 3945  340 4090 3750 3521 3614 2126 2992 1908  470 2925 3307 2527 3637 3299 1677  776 1277 1362 2244 2879 2822   26 2924  623  951  783 3220
 3400 4079 3325 2841 1372 4235  704 1869 2722 2148 1892   73 2255 3819 1719 3433 3514 2929 4250  838  881  521 4028 1989 4345 1032 3713 3877 2285  629 2876 1327 4041 3549 2485 4308 2299 1460  670  853 3739 2278 1102 1733 1860 2826 1937 2541 1998 3465 1464  189 4159 3229 2151  482 2167  258  336  315  148 1332 2357 2270  484  376
    5 3511 2181 2055    2 1310 2610 1552 3991 3076 2752 1608 1971 1236 3217 3957 1617 1640 4233 1508  722 1469 1930  304 1443 1333  327 3014  655 2455 3095 2974 4100 1875 1950 3990 2140 2625 4314 4310 1851  511 1900 2572  423 2221 2256 4009 1034  409 2006 3288 2515  529 4044 2544   97 2711 3204 1462 1611 2152 3452 2690 2602 2631
 1265 4219 2494  808 3537 3410 1010  209 3230 1799 2903 2897  392 2188 2303 1023 2115 3651 1367 3253 4022 1161 4115  609 3364 2012 1558 1409 1210 4107  686 1534 3485 2745  958  342 2067 4207 2204 3660 1922 3295 3402 3021 2620 2348 2819 1695 1545 2842 1154  585 2025 1618 2202 3483 1877 3181 1698 2765  501  172 2253  278 3648 1304
 2536 2908 3255 2719 2408 1659 1605  934 1548 3738 3689  417  545 2766 1766  737 1093 3205 2380 2769  883 3536  339 3146 2513 3970 2450 3692  522 3115   83 2981  483 4066  799  952 3691 3712 4189  561  537 2029  430 1628  540 3341 3612  198 2103 4166 3545 2134 1076  326 2486 3500 3409 3854 1335 2594 4099 1410 3963  680 1595  831
 2641  368 2344 4152 3339 2775 3736 3697 1259 2114 1591 1480 3656 2901  185  804 1219 1059 1009  175 2091 3778 1559 1390 3191 4317 3190  685 2978 3605 3954 1945 1642 1827 3599 3868 4258  415 4203   40 2656    8 2749  289  963 1379 3682 4255  571 4174  282 3548  975  440 1143 3352    9 1983 3480 1819 1675 1473 2467 3259 1135 2976
 3645 3663 1165 1753 1845 1380 3884 2724 3050 3025 3157 1107 2870 1979 3730 1758 1865 2516 1171 1493 4015 2468  994 3907 3008 1927 1280 4118 1924  361 3827 4184 1321  845 3593 2514 4063 2261 1141 2156 1999 2372 4023 2226 2034  398  424   13 3754 2399 2877 1778  744 3597 2304 1785 1598 1382 1777  122  639 1138 2315 1228 1398 1770
 1188  858 2401   91 4225 2998 4014  313  167 2346 3090 2922 3611 3779 1002 3355  851 1190 1583 3346 1774  109 1520  524 1554 4282 3083 3928  720 3996  281 3186 3563  438  604  747 2604 4183 4057  113 2943 2195 2916 3810  935 2160  270 3749 1721 3916 2014 2996 1638 2462 1889   49 3225 2233 2693 3473 1977 3041 1019 2498 2096 1267
 2774 1636 4288 3394 2370 3214 2358 2642  954  235 3028 1080 4146 3207 2036 3834 3228 1389 3471 2940  846 2593 1872  496 1773  742 1647 2723  996 2632 2856  648 3044 3154 1368 3103 2277  979 3558 1411 2977 2824 2104 1754 2242  921 1761  319 3615 3906 3619 3059 1986  875 1185 3680 1963  610 1441  414 3279 1013 4299 1639   14 1340
  912 3505 1737 4218 1168 4123  498 1969  262 1981 3911 4012 1632  268 1539 1984 2330 2744 3426 3301  844 2608 1624 2792 4138 2269  578  708 1732  835 2147 2547 1861  839 4256  103  118  215 2861 4021 1008 1904  114 2219  280 3857 3676 1040 2209 3638 1972 2191 2789 3896 4286 1129 2962 1374 1934 2403 3315 1095 2110 4351 2952 2461
  553  959  695 2129 3843  582 3977 1947  362 2385 2333 4313  335  822  159 3381 3291 3569 1727 1535 3701  825  350  158 2757 3533 3915 2038 2859 1407 2281 2868 3770 3072 1396 1921 2371 2584 2069 4211 2840 2060 1957 2157  876 1033 3389 2997 2552  216  564 1938 2834 2190  547 1290 4217 2087 4072 3416 2052 2240 2919 1813  252 4290
 3565 4292 2699 1067 3876  202  788 2225 1303 1616 2472 2621 2993 2063 3550  837 4294   88  124 3378   85 2003 1720 2439  645   45 2456 2412 1496 3976 2796 1689 1980 3203  815 3052 3766 3953 2234  452 1576 1867 1052 3111 3264 3280 1788 3251 1320 1112  997 1703 3788 1978  764 3661   39 1394 3141 1880 2213 1965 3561 2542 3431 3833
 1594 1115  790 4223 2885  588 2528  749 4180  717 3897   82 2082 2543 4082 3369 2923  590 3257 2017 1615 3353 2871  621  265 1427 1560  636 2510  220 3060 4121 1153 1527 2785 3036 3917  201 1370 3878 4117 2300 1899  528 1708  932 3706 2367 1162 2798  277 2127 2368   54 3193 3332 2980 1330 2846 3286 3432 3077 1385 3898 3358  984
 1603 1503  134 2023  937 1180 3070 2294  740 1215 2613 4333 4092 2503 4020 3223  635 2662 3519  188 4116 1915 3502 2554  305 2262 1714 3573 4080  780 3542 2119 1224 3931 1307 2112  727 3551  906  108 1292 3128 2466 2892 4155 1504 1218 4129 2077 1432 4017 2588 2458 4111 2496   67 3010  379 1089 3481 2404  771 3018  363 2121  300
 1643  449 1494 4003 2206 3625  770 3306 3318   58  938 3826  203 3027 1133 3923 3312 2915 1331 4232 2820 2670  467 1391  641  507 2706 1087  475  194 1474 3439 3998    3 4289  662 4104 1931  988 1270 1284 4266 3994 3992 3880 1053 3774 1722  404 1274  895 1873 2177 3055 2619  627 3688 2396 1829 2882 3761 3541 1955 1641 2227 2144
 1136 2487 2400 1027 2860 2419 3926   43 3208 1137 3370 1000 2855 2741 2971 1425 3523 1012 2661  247  309 2392 1853 4131 2982  170  242  473  373 3804  116 2582 2680 1142 3493 2801 4096 1423 4046  217 1988 1565 2776 3488  490 3232 2928 3950 3022 1195 3096 1341 3298 2094 3227 3133 4052 3728 2254 2951 1528 2716 1809  253  668 1226
 2668  658  233 3718 3731 1276 2777 4330  338   61 3786 2354  563 3417 2349 1871 1660  948 4296 1417 3579 3825 2089 2616 3397 1759 2786 1531 3467  823 2970 3708  841  238 3124 3009 1902  386 4341 1298  914  163 4339 3929  707 2236 3595  597 1421 2108  653 1967  613 2780 1179  520 3237 2560  910 1738 2517 4204 3777  868 3266 2843
 2725 3658  966 3314 1850 2558 2118 3328 2393 2189 4098 4280 4029  237 2166  408  293 2519 3243 3983 3401 1454 3675  441  601 3835 2013 1650 3372 4193 3861  834   15 3910  903 1099  589 3102  221 2075 1807  877   50 2426 4130 3311  133  110  732 4007  478 1166  142 2735 2414 1631 2139 3149 2398 2874  199 4140 3330  899 3633 3272
 2179  634 2484 1663  654 3101 1599 1667 2171  334 1350 3560 4191 2168 2001 3942 2763 1175 2482 3567 2394  985 3841 2809  870 2074 2194 2573 1440 1561 3586 1771 2828 2411 2260 1601   98 4201   28 3399 3837 3002 3132 3125 2035 2113 3161 3093 2636  596 1130 1789 3262  393 2803 1124  758 3948 2476 4295  107 3086  570 2633 1672  396
 2772   92  410 2291 3858 2492 3918  584 3019 2862  989  852 2521 3054 1263  431  549 1569  739 1917 1227 3216 1614 1745 4354 4125 1655 3580 1888 3366 1414 2852 1206 2849  679 3811 2942 1294 1147 4132 1985 1974 3812 2327 4252  168 1876 2730 4318   44 3925 3609 1176 3476 2418 2649 1752  195 1450 2097 4176  857  782 1864 2469 2122
 4103 1500 2932  756 1386 1172  974  149 3538 3449 2799 2004 1297 2895 1212  709  968 4004 2443 4245 2956 1211 3905  554 3001 3529  990 2533 2471 3061 3241 2406 1513 2435 2308 1891 3705 3134   96  688  762 2460 3348 2241 1065  214 3946 3458 2518 3423  953 4091  687 3677 1056  365 2173 3607 2607  162 1893  102 4039 1804 3995  972
 1222 2205 2336 2953 2047 2053 3968  425 4047 2500 3396  510  352 1997 1295 1994 3895 2332 2747  643 1715 2712 3428 1926 3391 1055 4120 1014  826 1269 3127  981  754 2685 1657 1887 3263 3755 1840  828 2290 4274  638 3665 1987  673 3377  480  792 2592 3119 2900 3406   20 4208 1797 2175 2617 4036 2795 2523 1557 3901  854  920 1035
 2037 2432  154  924 3474 2511 2756  891   86 1551 2339 2933 3849  382  518  632 2575  947  115  254 1790 3642 3029 2761  375 2816 2918  394 1155 3871 4230 1392 1498 3453 3289 1247  447 3776 2627 4239 2161 3403 3714 2872 3062 1225  976  885 4062 4067 1177 3313  497 3808 1702 2172 3768 2361 2635  656  536 3913 1122 1397 3744 4244
   79 2666 3725 3140  295 1401 2651 2008 1092 2567 1802 2155  646 2153  534 1416  445 3200 2470 1207  491  919 4169 4078  791 1070 3123 1847 3507 3510 1687 3049 3513 1415 1057  477 2686 2530 1091 2072 2481 3224  320 2611 3684 2905 3073   87 2102 4002 3116 1468 1006   90 2050 3596  970 4268 4312  474 3784 3455 3249 3337 2759 2624
  987 2847 1463 4338  813 1526  706 3803 2781 3437 1186 4198    6 1364 3752 3202 3362 3418 3383  630 2276 1982 1278 1100 4347  377 3494 1082 2694 1326 3440   62  436 2687 3850 1700 2746 3862 2960  358 4175 2042  129  509 2131  710 1264  794  517 4197 4213 3171 4248 4037 1697  181 1156 1662  548 3144  850 4261 1319 2729 4271  567
 2995  297 2557 4181 1484 2133 2178 2325 3457  138 1395  719 1897 2214 3842 1329 2146 3374 3422 3999 2280 3590 2265 2377  598 2449  288 2355 4070 4320 2863  750 1437 4019 3468 4134 1939 1579 2081 2317  225 3252 3492  471   63 2405 1178  676 3075  583  205 1729 1763 2015 2733 3197 2972 4108  795  111 1961 1293 4054 3177  889 2098
 4311 1105  460 2968 2309  439 1798 3924 4008 1544 1201 1199 4148 1844 3443  476  165 1258 1478 3408 3338 1461 4171 1229 1157 2808  922  395 2949 3444 3799 2600 4350 1355  892 4254 2529 3568  869 1244 2429 1911 1584 1859 2031 3114 3985 2407 2788  174 1633  407 3451 2579 1254 1043   55 1656 3616 3121 1556 3746 1568 1049 2321 3624
 1160 2182 3482 2720 3436  683  406 4325 1488 1281 2914 4001 1589 3472 2480  444 3376 3454   18  275 3759  303  999 2626  606 2565 3007 3582  256 2851 1751 3581 2886 3662  298 4253   59 4031 1856 3544 1217 1666 3865 2101 1648 1668 2170 1037 1031 1255 4260 3908 3139 1948 2306 3807 3351 3445 2939 1251 1682  269  587  403  514 2653
  991 3859 2563 4093 2384 3078 4018 2614 1674 2229 2197 2963 1016 3023 3840  387   42 4153  696 1685 4297 1406 1245 1817 2829  689 3463 4267 4058   33  144 4097  119  832  703  539  743  481 2778 4304  302 3585 3414 2704 3020 1347 1725 3261 2921  980 2853  371 3496 3285 1748 1664 3659  560 2030 1203 1619 1077 1239 4332 1521 3516
 4010 1204 2117  697 3528  669 3258  949  241 3384 2700 1248 2770  859 1592 4133  767 3323  101 2966 4188 3986 4016 3026 3893  735 1482 1491 2416 3442  866  137 2451 3274  344  263 1678  936 2875 1646  541 3951 4243 2773 1630  931  193 3100 1701 2334 1932 1881 1767 2497 1821 3131 2850 3888 2076 1750 3271 3534 3732  940 2811  842
  285 1909 2597 3421 2183 3583  388 3576 2833 2433 2477 1747 1174 3233  121 1433 2422 3239 1787 1654 1597 4075 2827 1780 1944 2044 3420  600 2983 1334  178 3034   10 2986 2245 3058 2154 2292 2032 3756 1068 1046 3733 1041 1058 3783 3040 1354 2674 2736 4240 1358 2143 1163 3636 1400  173 2051 1426 4006 2945 1223  816 3644 3671 1509
 4161 3162 2268 1243 3546 2657 2794 1923 3938 2123 3930 1571  595 2381 1995 2504 1365  515 3721  191 2010 2211 3218 2018 3459 1741 2243 4287 4143 1352 4124   35  810  145 2314 3183 2054 4352 3495 2676 2061  228  389 4112  939 2832   37 3501  264 3490 2705 3388 1139  169  171 3972 4305   47  728  179  117 2395 3363 1625 2022 3150
  100  803  292 1418 1235 2596   38 2888 1111 3024 2383 3873 4000 1062 4273 3700 4081 3572 2797 3176 3081 1604   89 3004 1692 2967 2612 3941  718 2535 4209 2193 1240  469 3222   57 3360 2739 3899   21 3836  345 3518 1593 1299 2421 2086 2318 2664 1279  888 3056 1775 2223 2910  383  427 1512 2622 2623 2335 3247 1973 1472  715 4187
  663 2106 3606 3371 3484 3866 1818 1424 3236  465  721 2771 3933 2019 1220 4276 4242   81  437 3342 3382 1497 3875  542 1681 3368 2224 3304 4228 2675 1282 2266 3980 1585 3379 1540 3817 1250 2341   24  464  893  466 3211 1970 1088 1841  793 2058  731 4172 3165  232 1515 4084 2783 1140 2320  973 4324 2343 3552  556  777  860 2149
  135 4263 3643  642 2551 1833 4275 3574  661 2391 2697 1079 3282  872  566 3194 3839 1442 2027 1800 2239 3639 1879 4321 4195 3608 3690 1074 1447  434  745 2531 3640  106 1094 3138  369 2790 1090 3068 3629 2688 2648 1337  128 3179 2459 3118 2490 1198  848 2994 1914  364 2947  829 4262 1993  602 1676 1954 4163  950  960 3430 1158
 1801 2196 1489  786 1836 1586 1517  271 1626 1328 3112 1209 1466  904  239  814 4051 4095 2990 3290 3828 2526 1762 3308 3617  355  356 1388 3094  690 2821 4177 3196 3947 1935   46 3927 3703 1499   75  802 2163 1399 4328  617 3524 2263 2806 1383 3235 4162 3087 1317 4246    4 2835 1658  397 2373 3520 3724 1543 3831 3425  945 1338
 1232 1992 3447  357 1704 3192  218 2692 2731 2505 1913 2646  993 1898 3961 3065 2964 2640 2438 3604 2562  468 4215 3726 2287 3982 2793  317 3395 4110   48 1858 1816 2079 3900   16 1699 1728 2818  161 2587 2448 2804  359 3487 3674   25 3618  671  226 2295  459 1308 3830  700 3879 1403 1479 2878 3600  505 3794 1266 1731 2128 2457
 3628 2672 1078 3679 1249 3781  266 3602 3717 4034 2040 1096 2659  176 2132  453  504 4089 2488 1490 2713   72 3413 3057 2186  871 3327 2085  222 3959 1071 3603  734 2727 2556 3940 1022 3882 2068  633 1717  666  274 4061 3479   76 1822 1555 2274 3097  572 2350  390 2057 4334  833 1966 3464  608 3623 2548 4141  896 4101 1318 2585
 4342 3672 3772 2936   69 3539 2374 1404  157 2807 1975 3219 2026 1755 2899 1781 1325 3620  774 3448 2753 3092 4136  714 2352 1349 2618  421 1029 3979 2645 3711 2948 1546 2080 4283  865  982 1613  127 3317 2815  151 1928 2264 2479 1134 2658 1004 1524 3324 1740  605 2180 1275  753 4150  817 2550 4074 3160  310 2111 2738 2208 1375
 3621 2609 1381 2200 1707 3935 2576 1048 3130 4157 2650 3921 2222  405 3091 2342 4102  644 3000 3734 3456 1387 1958 2464  186 1487  965  933 1532  992 3347 4040 4042 1691 2199 2231 2734 2762 1848  701 1537 2351 1843   31 1635 4048  820 1451 1313 4272  487 1346 4285 1361 1680  130  927 3702 4329 3099 2454 2071  807 3512  348  512
 1271  555 2837  401 3189 3398 1150 4119  284 4344 1431  612  276 3815 2289 3172 1665 3683 2251  318 1651 1302 1746  890 3178 3789 2683 3170 2522    7 3757 3664 3919 1562  248 3559 3221 2512 1910 1477  552  346  763 3105 3120 2437 3589  761 2989 3302 1514 3013 2319 2452 3166 4069 1149 2041 2508 1854 3508 4105 1127  705  573  887
 1772  580 3652 1339 2009 4038 4071  485 1309 1311  450 3795 4316 1582   51  787 2440 1925 1756  223 1549 1870  160  616 1202 2491 2483 3932 2732 1578 3071  112 3151 1541  830 4045 4264  301  917 3820 3767 2275 3082 2858 3503 3592 1749 2973 1146 3792 1300 1030 1283 3960 4167 4170 1694 1455  894 2378  568  698 3296 3584 4149 1862
 3627 2715 1564 1866 2707 1577  651 3104 2718 3098 3966 2185  244 2369 4137  525  716 1629 2654 3278 3847  307 4033 1291  874 1123  384 1005 3168  726  784 3137 2525 1148 4076  532 2137 2305 3242 3407 1173 2257 2581  399 3939 1810 2857 2271  575 1429 1453 2598 3967 1241 1550 1949 3334 1896 3798 4154 4165  462 1001 4279  494 2768
 2258 1760 1709 3912   41  723  207 4158 1806  546 2043 3030  273 2474 3043 2282 3254 3696 3143  212 3109 1784 2232  775 2502 3213 4005 1075 1360 3350  772 2478  967  197 2643  569 2095  153 3962 2162 2045 3477 2737 2961 4251 1108 2931 2246 2326 2909 1435  694 3380 3883  944 2717 3716 3793 1941  213 1445 1485 2250 3943 3126 1852
 2813 4035 1990 1252 1183 2007 1588 3575 2376 2145   95 3594 1119 3145 1003 3287 2984 3748  843 1621  419 1118  684 2312 4236 2093 3039 2677 2218 1086 3303 1563 1820  650 3678 3869  402 1106 2337 2638 3434 3108 1268  502 2926 3891 3646 3180 4340  245  550 2644 1769 3322 3526 2930 2537  333 3543 2784 1261 1378  603 2810 1289  311
 2710  508 1098  956 3152 1942 4301  926 2844 2375 2230 1792 3903 2203 2365 2566 2595 2590 1273  139 1465  227 1547 3872 3800  236 1863  105  977 3390 3427  146  897 3226  946 2665 3033 3844 2545 2028  824 2532  519 3698 1688 1572 4065 1011 2382 1812 2228  224 4206 2347 4087 1452 1234 3359  986 4083 2698 1103 2569 3886 3335 3174
 1796 2845 1538 3064  448 3320 2564  290 4109 3129  132 1262 3867 3613 1456 4309 3215 3802  923 3333  234 2561  231  918   34 2578 3588 3305  916 2671  420 2425 1929 3785 4114 3601  530 2599  184 4145 1430 1920 2237 2823 2184 2107 3438  489 2540 2323 3920 1377 2046 1874 1015 2338 2000 2011  594 1510 3393 2507 2779 2546  581 2016
 2489 2062 2865 2760 2345 4298   12 4234 2340  631 2628 1020 4284 3956 2524   19  574 2893 4186 1376  337 2898 1024 3015 2024 3978 2447 1196 4300  801 3695  147 1448 1610  862 2216 2553 2297 3667   99 3735   23 2465  900 2135  699 1384 2272 3764 3846  785  366 1634 2708 2125 1553 2424 2328 1083 2615 2709 4331 2937  308 3740 2802
 4050 3762 1182 1007 1671 3556 3864 3745  422 4156  516  909 3336 3089  294 1511 2571  599 2817 3743 1779 3686  962 3790   17 2130 2836 3934 2501 2574  331 4056 3816  259 3758 3852  757  664 1393 2423 3158  682 2310 2938 3522 1028 3167  995 2889 1170 4220 3499 1200 1795 4064 1637   64 1061 1882  204 3275 2159  322 1114 2848  260
 4205 1716 1602 1064 1734  711 3818 4160  126 2742   70 2427  272 1322  637 1315 2409  961 1506 3107 2238 3184 4043 3531 1025  411 2985 3515   32 4303 1868 2499 3981 3113 4088 1814  299 4259 1885 2049  615 1683 1405 2363 2955 4173  255 3650 3188  812 3424 2249 3801  625 2689 2887 1736 1444 2417 3404 2883 3110 1125  759 2568  535
 3441 1323 3405 1895 1351 2637   36 3673 4182 3892 2387 2386 4126  738 3949 2902 2639 3260 3973 3387 3069 3470  251   53  681 3063 1918 2701  809 2758 2105  246  551 1724  998 1428  855 1359 3411 3914 1826 1842  155  607 1533 2965  652  104 2136 2116 1839 2434 1968 2896 2138 2839 2165  751 4281 1956 3958 3466 3809 1192  905 2302
 1886 1744 1757 3851  752 1669 3329 3209  416 2913  861 1109 4224 3571 3557 3046 3326 1073 3710 2586 3354 3365 1342 2751 2430 1516  880  391 3357 3085 3989 2084 1017 3250  353 2402 2975  925 2311 3860 1824 1471   56  942 1458 3855   71 2583  330 1187  930 3164  527 2787 1782 3283 3367 1878  901  150  543 4326 3771 3578 2721 2070