   54 2675 2168 1308 1221  426 1611 2294 2254 3957 1801 1043 2167 3176 2064 1566  444 3618 2938 2455 3726 2569 4094 2076 1582 1818    3 2793 1246  432 1392 1146 3203 2425 4471 3990 2243 4040 1930 2185 1953 2792 4291 3245 4409 1190 1709 4461  586 1885  381 2945 2544 2423 4391 2642   83 1638  441  210 4298 4057  631 1836 1999 3535 3236
 3012 2091 1679 4162 2623 3488 2397  287 3047 2226  990  325 2872 2729 3889  171 4422 2731 2504  954  398 2131 4356 2061 2033 3089  414 3278 3266 1527  323 1393 3739 3886 1537 1699 4225 3444 1548 3321 1542  403  582 1065 1618 1076  469  128 2159 2748 3291  752 2589 4396 3860 2802  115 2664 3530  246 3995 3434 1476 2893 2292 2960 3063
 1776  126 2887 2093 1492 4445 1480 3974  134 1760 1074 2961 3009  758 2324 3645 4412  919 3695 2020 2922 3309 1909  843 2775  400 1234 1136 3567 1589 4161 1179 2376  451 2868 4336 1365 1272 1318  853 4157  901 3649 3656 4012  361 3393 2293  163 2024 1077 3901 2199 2936 3899 2791 1756 3254  596  369 2023 4267 2412  151 1703 3874 3751
  252 3780 3596   15  236  811  665 2028  471 1785 3498  789 2560 4169 3590 1350  176 1770 3497 3700 1141 3167 3015 1939   31 2200  216 1177 2695 3241 3445 2384  576 3210 2008 1273 3560 1040 3832  264   26 2582  294 3010 3431 1873 3529 2584 4278 3113 3592 3358 4204 4147 3023  277 3366 2987 3985 4104 1921 2526 2372 2916 2403   19 1343
  569 4123 2414 1834  267 2888 4233 2818  723 1206 1162 1553 2094 3370 1888 2550 4135 3933  809 2631  679 1243 1242 2588 1517  553 1506  911 1657 3382  114 4141 3622 2304 2341 1714 1512 2548  676 3456 3873 2801 1471 3129  865 2984 1765 4464 2535 2460 4277 4394 3069 1430 2452 2768  719 4037  615 2612 3924 2128 4451  106  358 2940  882
 2686 1832 2953 2430 3951 2005 1652 2156  720 2457 2125 2734 3224  613 1924 1908 4237 3630 3303 1484 1937 2643 2847 1707 1918  793 1351 3676 4383 1860 1132  482 3689  760 1067 2915 1143 2180 1081 2943  319  468 3707  580 3724 3620 4119   73 2050 3228 2340 1320  386 3190 4459 4385 3275   60  608 1508 1100 3332 2591 3043 3674 2239 2486
 1302 3443 3607 3694 2977  929 2979 4346 2236  867 2815 2942 4388 3786 2897  273 1131 4008   44 3626   78 2646  782 1656 4476   30 1790 3653 2658 3018 2177 3668 1244 3637  667 3132 1685 1161 1002 3339 1004 3814 4173  447 1070 4430  397 2036  697 1372 1734 3436 4059   29 1052 1292  517 3413 1956 4097 2743 1160 4475 3263 2102  513  345
  476 2363 1472  481 1897 2674 4417 4275  808 2543 3859 1105  139 1822 1529 1538 3298 1564 3680 1293 1716 4415 3432 1871 3831 2174 3965  776 3145 2053 2022 4327  554 3525 1333 3452 2917  313 1330 2948 3320 3521 2451 2823  912  656  731   74 2467 3537 1976 2074 1082 2724 4145 1376 2735 2619 2346 2600 1693 2937 3896  951 2939 2407   91
  503 3180 1982 4263  814 1794 4186 4228 4273 4292 1035 3026  421 2709 1336  573 2404 2447 1838 2981 1990 1047 4486 4140 4177  108 2080 3716 1632  314  484 1319 3149 2000 2284 1511 1975  710 2264  756 4341 1220 2831 3576 2903  734 2446   89 2771 2616 3050   52   22 2679  923 3174 3971  650  530 4121  385 2958 1721 2570 3510 3687 4458
 3107 2155  293 3220 4217  462 2597 2087  704 3184   24 3665 1673  364 3574 2653 3523 1743 2962 2395 2427 3895 1793 3879 1296 3517 4014 2003 2509 2378 1278  424 4170 3920 1826  431 4209 1605 3484 3761  142 2034  624  846 2130 3465 3407 2859 3183 1051 2046 3222 4329  181 4337  299  671  764 4478 1821 2812  599  972  370 2865  980 2507
 3014 1616 1260  536 1922 1264 3045 4335 2391 3279  801 4000 3943   67 1312 4455 1017  669 2978 1281   65 3580 3702 4441 2952 3679  978 2994 2803 1851 4210 2693 3076  449 3541  378 1429 1501 1284 1660  619 1556 2067 2843 4352 3696 3480  607 2626 2157 3836 2332  156 1731 2776 1772 4100 3398 3514 2143 2424 3950  129  195 2057 1413   35
 2558  382 3155 3117 2100 2262 1627 2387 2450   27 3891  644 4080 1957  343 1781 1462 4272 2448  288 4122 2783 3737 4255 2620  933 4290 3502 2105 2829 2914 1754 4085 2519 1799   80 4070 2595 3163  627  450 2273 1106 2458 3802 3189  947 3606 2189 2182 2383 2719 3657  155  303 2436 1410  618 3133 3483   32 2485 1543 2348 2565  738 2192
 3878  161 3198 3854 1039 1193 2601 1421 2976 4095 3566  690  339 3641   86  196 3601 3738 4248 4159 1495  425  767 2752  677 2975 3349  922  962 4375 3838   34 3039  989 3732 1321  365  948 2520 3998  612 4406 2779 2891 1622 3073 3028 2503 4035 1026 3758 1831  658 3420  300 3125 4454 3272 2016  317 1771 2127 1085 4166 1317 1523 1137
 4158  172 2956  486 2797  985    1  159 1573 3642 1751 4281 3587 3391 3395 4227 2875 1219  661 4323 2018 2894 1222 2208 2512 2357 1128  672 1896 1469   36 3208 1671 1197 3330 3055 1913   46 2986 1932 2644 3318   97 3757 3390 4118 4068 3599 3996 4009 1786 1285 1466  112 1840 3036  914 3128 1423 2590 1691 2633 3372 3572  262  921 2999
   85  664 3325 3396 2611 3556 1941 1424 3639 1946 2132 2106 1848  164 1684 4053 2899 1621  542  648 2683 2327 3505 1713 2895 2126   98   14 1938 2878 2140 1056 1442 1950 1044 4427 3638 2857 2045 2562 1379 3917 2193 3852 3591  790  466 1644 3923 3929 2832 2941 3206 4175 3040 2522 1894 1119  842 1008 4045 3956 1401  217 3034 4306  571
 2197 2963 3377 2364  780 2593 3002 3861 1283 2269  516 3662  812 1369 4381 2358 4407 2256 1806  684 3138 3013 1446  274  324 1746 1458 2656 1241 1208 1229  683  928 3000 3104 3570 4074  540 1961 3068 1261 4065 3371   56 1448 2345 2344 3928 1280   53  740 3340 2107 2537 2326 2253 4214 4300 4006 2119 3197 1164 1702 4325  653 1798 3882
  497 3783 1339 3677 1135 1681  367 3987 3614  714  158 1384 4257 3021 2726 3819 2572 2233 1596 1387 2905  189  411  285 3568 3292 3714 1962 3519  936 3185 1774 2104 1481 3238  976 2081  670 3361 1184 3455 3753 1648 1784 1000 1787 1101 1965 1929  212 4058 4049  897 2454 4271  105 4190 3749 3336 3613 2439 4421  561 3536 2265 2186  869
 3315 2553  359 2855  772 2007 1411 1536 3512 2108   79 2692 3534 1607 4322  583 2711 2613 3079 3661 3544 1337 2041 4287 1097   95 1606  197 3752 4481 1936  184 1498 3598   40 1544 3301 3124 2352 2408 2001 3188 4042 3543 1005  198  830 1157 4344 2982 2521 3527 3792  165 1856 3329 1194 2577 3090 3787 3533 2530 3094  520 3130  639  110
 1023 1670 2318 1346  958 2784 1364 1843 3785   42  988 3548 1524  338  757 2237 3600 2277 2964 1491 2867 3374 3378  906 1072 1245  326  261 2048 2438 3722 3256 3581  247 2374 4139   58 1636 3274 4395 3628 3092 2541 1907 4084  256 4384 3671  565 3826 1144 2655 3603  595  150 3088 4108 1378 2191 2049 2176 3379 3218  827 4380 4334 1732
 2766 3387 2951 2909 3252  557 2388 1546 3961 1666  558 2732 1335 3430 1233 4081 2645 1788 2514   43 4240 2930  244  590 2973 4304  368 2533 2421 2833  668  280 4151 3227  681 2145 4234 4433  407 3651   82 3583 2204 2201 2807 4453  438 2596 3778  125 1593   72 1814 4187 2808 1306 2289  768 4142  695   59 2183 2449  501 1740 4324 4163
  522 2134  810 3042 1223 4221 2370 4389 2389 3748 2525  149 1142 3640 2409  334  452 1739  215 3883 3646 2767 3305 4200 1979 2839 1297 1477  188  101 3914  660 1919 2175  405 4179 3161 2349 1435 1094 1943 2798 1837  194 4452 3991 3884 2015 3725 4448 1203 3627 3822  306 2901 3354 3446 1114 3907  178 3118  874 2248  666 3449 1107 1382
 2431 2685 1911 2339 3897 4434 1433 3765 4128 1877 3701 4124  239  316 3922 3337 3937 2700 4025 2676 1686  508 3673 1892  832 3317 2085 2531 1452 4212  208 2821 2871 1904  609 1195  408 1371 1342  352 4440 3499  332 3250  322 1451  863 2290  310  566 1428 1590 4400 1761 1129  945 2825 2518 3475 1112 3767 1182  802 4105  143 4326 4438
  746 3364 1970 4297 1460 4466 2377 2207 3463 3324 4093 2037  935 4101 1742 3405 1230  826 3941 3828 1127 3342 2911 1263 1468 3375 2971 3313  819  218 3454  632 3081 1404  992 4414  384 4354 4313  409 2347  531 3251 3624  939 1257 1367  699 3745 1578  122 1583  652 3992  997 3282  465 3285  459 2912 1531 3442  816 2713 2764 3347  659
  373 2925 4392 2211  696 3306 3281 1289 3703 1865 3746 2362 3779 2691 2058  884 3557 1778 1031 2141 3365 3271 2579 3692 1188 2972 4218 3719 2845 1255  505 3225  258 1697  241  673 2019  657 2250 2401  463 4077  395  822 3308 1874 2432 3500 4208 1741 1545  889 2862 3892 3678 3103 3100 2524  543 3033  556 1030 1722 1167 1815 4243  795
 1322 2217 3344 1024 2516 2456 3085  806 1641 2379 2604 1994 1804  866 4390 1015 1753 1155  963 2667 1438 4150 2089 4370 3954 4339  959 3441 3426 1049  727 1900 3363 3997 1827 4305 3001  550  107 2032 1626 3810 1783 3964 4220 3926 4086 1706  121 2614  748 1574 2123 4109 2933 3447 1279 2386 1594  729  634 1120 3977 3419  270  100 1092
 3522 4480 3959  136 3053  971 4216 4289 2158 1619 4299 1196 4046 3693 3806 2957 1357  991 3945  320 1748  301  733 4432 4487 4185 1358 2757 2320  995 4069 3960  308 1490 2062  179 2510 1205 2405 1018 1987 2877 2368 4090 2301 2350  701  140 3373 1046 1893 1270 1211 1587 1034 1891  753  845 2380 4460 2850 1214 3589  327  266 2418 3659
 2129 1683 1878 2528 1775 4034 2148 3868 2749 4261 2220 4111   23 2546 1978 2965  706 1216  302  750 2428 3054 3932   87 2574  271 2650 1887 3877 2944 2165 4168  336 2416  375 1862 2636 1552 4293 3084  251 1475 3643 4372 2410 1949 3947  321 1847 3797  907  844 4410 3212 1539  932 2153 3165  952  600 3754 3051  243 2852 2985 4268   75
 1549 2663 4307 2551 4196 3164 1513 2011  192 2154 2621 1819  728  713 3030  964 2400 2138 3362  840 2765 1287  283 2116  818  941 1307 4456  983 2606 4064 3091 1782  453  898 3458 2487 3289 4067 3312 2736 1066 3672  562 1592 3402 3916 3171  579 2561 3820 3546 2096  534 2782 1036  560 2309 3759 4254 1695  829 1316 3712  524 3476 3532
 3403  284  515 4260 1906 2876  718 3569 4110 1326 1304 2114  591 4017 1628 2983    8 3205 3162 1928 1417 1823 3193 1575 3919 2316 4343 2466 1315 4266 1405  796 1363 3380  781 2502 4236 4350 1810 3650 3795 3482 2030  982  510 2472 1116 4311 1415  433  835  286  735 3230 3633 3983  646 2927 1728 2934 1474 1201 2689 4443 1820 2396   96
 1762 3277 2799  460 2070 3469  899 3625  902 3549  920 3969 4029 2998 4296  489 2760   49  523 4023 2491  703  744 4005 3842 3930  223  915 2266 1559 2549 2255 2490 4265 4013 3490  604 3972  435   38  185 3479  249 2399 1899 2898  854   10 3056 1121 1459 3258 2723 3072  490 3003 2095 3367 4192 1380 3935 2756 2260   18 2576 2517 3507
 3619 2195  399 1845 2661 4312 2630 2198 1712 2820 3839 2967 4477 2607 1090 3409 2786  269 1828 4222 2712  892 3993  588  611  783 2610  949 3057 3776 2751 1883  872 2203 3602 4447 3477 1338 2010  878 1059 4120 2608  577 2088  855  268 4007 2995  817 2885 2276 2044 3299 2694 1551 3495   28 1147 1390   45 2469 4071 3755 3850  137  568
 2547 1011 2025  133 4195 2381  436 3481 1153  415 1876 4364 1563  245 4310 4269 3131 4056  736 4444 2470 3200 1650 1098 1735 1298 4024  118 2573   99 3353  495 1682  981    2 1803 3269 1927 1968 1882 2113 3437 3747 2822 1672 2809 1800 1209 3904 1630  741  410 2921 2288  645 1084 1500 3762 2575 3341 4206 3352 4112 1755 4246 4482 1454
  480 2772 1247 1963 4366 3448 4345  773 2473 4036 2657 2539 1007 2907  913 3885 4066 1514 2291 1568  712 3345 1236 1028  535 1181  763 1399 1610  798 2585 2688 2212 1324 3669 2173 4457 3946 2969 2122 2222 1328  234 4219 1192 1252 4211 1902 3682 2029  276 1780 2647 3730 2241  278  351 3097 4143 2540 4048  157 2280 4189 2879 3114  392
   68 1180    5 2271 2773 1952 3160  916 4318 4076 3077 1507 2947 3438  800 1665 1694 4126  942 2477 2567 3385 2505 2026  388 4349 2333  527   61 4060 2444 4488 2778  625 2849  145  759 2194 3545 3295 1777 2720 2160 2742 1842 2928 2966 2483  430 4424  167 4402 3229 1518  525 4376 1678  610 3262  594 3784 1733 2443 3232 2150  807 2718
 2152 3666 1565 3417 1276  597 4213 2184 1642  374 2781  786 1389 4153 1473 4340 4001 1349 4382 3112 4172  528 2834 2343  355  253 3472 4301 1586 3098  940 3083 1864 2188 2120  418  238 4038 4155 4436 1664 1577 4180  201 4361 1237 2988 1639  487 2795 4146  498 2459 2075 1303 2083 1584 4244  483   21 1974 2099 2737 1370 1923 1290 3723
 1057 3182 2836 3994 2136 2552  823 2272 2359 3623  955 3410  237  749 1103 1048 2223 3078 1210 2181 1185 3597 1286 1397  454 1983 2954 2338  127 4039 3988 4197 3735 2652  202 4160 2648 2886 2970 2282 1254 1487 2673 1659 1482 4431 2371 1311  785 1655 3383 3658 2617  581 2717 3052 3571 1991 2790 3921  257 2275 2654  589  214 4314 2615
 3287 3801  797  222 1547 1115 1917 1858 2419 3328 1274 2478 2500 1624 1104 1172 3774 4286   11 2881 2259 1667 1354 1309 1133 1662 2480  521 1738 2634 1168 3812 2267 3888 4320 1420 3830 1841 1561 3394 3902 2665 3766 1110 1623 3555 4032 3334  732  860 2144 1467 1053  770 1569 1385  141 3845 2900 4373 2238 3186 2538 3008 3713  686 4167
  848 4198 1503 3474 3416 1528 2440 4338 3781  688 1609 2501 1256  883  191 3652 2578 1373 2322 2828 1869  420 3815 2763 2706  379 2532 1724 2959 2662  180 3140  647  716 4294 1050 1689 3553 1581 1171 2420 1239  387 1325 2218  282 1863 2892 4047 3982 3146  204 3664 1504 4051 1113 1470 3326 4201 1640 3912 2227  857 1920 3949 3116 4203
 4215 1075 2883 1402 4165 1305 1441  518  109 1009 1934 4061  341  689 1037 2435 2373 3348 1570 2055  880 2882 2215 3504 3584  873 1811  551 1055 1125 2146 3777 4398 3135 3418 4002 2787 4319 2651 2506 4408 1054 1809 3151 3005 3706 3660  221 2063 3343 1935  721 4226 2761 1580 2230 3686  357 1764 1149  130 2068 2919  601 2278 2297 3709
 1499 1427  116 1377  815  825  464 1597 3414 2111 3847 1886 3247 2402 4403  925  977  975 4333  500  654  724 1150 4016 4368 1579 3552 2587 1796 3435 3404 2170  292 2035 2078 2563 2697 2411 1945 3310 3858 2279 1455 1758 2221 2627 2169 4050 2684 1071 3141 3958 2097  651 3286 2065 3610 3578  555 3863 1802 2789  761 1560 3817  805 3999
 2545  890 1598  506 3634 3654   48 2171  160 3192 1942 1750 3061 4164  996  747 1014 4202  363 2002 1789 3213 1634 1464 1510 2398  477 3870  290 4183 2566 2296 4181 1170  537  680  937 1533 2920 2385 4374 3115 1001 3979 1617 3170  235 2670  376 2329 4256 4231 3772 3486  502 2471 1515   70 3108 3526 1986 4351 2415 3058 3082 3506 3542
 1998 1457 1710 2481 3876  762 1437  831 1931  417 4073 3875 2027 2298  862 3244 3880 1525 3840 3314 2806 2069  910 2838 2733 2434  606 3106  895 1227 4357 1792  828 4416 2242  206 4241 2542 3412 2774 2367 1522 1808 3035 3813 3239 1068 2931  177 1479 1434 3980 1148  850  315 3808 3439 1849 3253 3925 2464  636 1145 3264 1045  298 3851
 3632 4129  885 2043 4399 3936 1717 2179  532 1625 3508 1880 3809 3351 1169 2366 1875 2073 2213 1805  876  754  416 1519   63  372 3938 2949 1225 4027 2295 4154 3520 3429 3711 3807  504 3451 2453 1151 3297 1269  119  794  225 2209 3095 2051 1294 3386 1041 2310  966 1271 2788  391 4446 3496 3234 1403  539 4426 3136 2708 1554 3968 1259
 3511 4137 1955 4021   57  546 3178 1905   93 3350  265 4193 2321  956 4054 1262 1795 3038 3816  307  587 1109 1898 2038 2445 3137 3425  675 3491 4089 1768 1159 1599  349 3562  973 1839  538 3575 2219 1362  859 3821 3823  511 3837 3887 1576 3593   12 4330  488 2707 4485 4235 3123 2554  938 1314 4473 1601 3231 3528 1165   77 2846  804
 1817 1745  111 3685 1881  841 3428 3915 3473 1868 3909 1406 2205 3871 1497 3903 2908 1300 2884 2873 4132  485 4092  927 2442  132  931 3415 3126  124  838 3216 4019 3893  641 1183 1240  700  861 2210 3582  622 3644 3934 1176  711  200  849 2328  250 4247  456 1282 4062 1461 4174 1903 3501  953 3022 3760 2375 2641 2705 3684  296 4470
 1608  563 4020  478  788 4091 2082  104 4115  193 3102  226  509 3122  903 4232  547 2006  891 1096 4315  552  887 2968 2904 2997 4182 4052 3894 2092 3493 2863 3825 3729 3558 2932   51 1737  698 2725 2313 1620  998 3908 2489  917 2071 1861   66 4250 4199 2703 1232  682 3690 4280 2853 3769  833 3101  103 1830 3976  633 1555 1386 3967
 1701 2874 3975 2639 3905 2880 2257  847 3211  821 3503  496 3585  494 3401  574 2690 1383 2054 3139 1960 3756 3065 1663 3621 2162 4474  389 4010 1520 3531 3629 2800  628 3221 2137 2393   62 3196  593 2286 1846 1859  356 1134 1890   47 3031  461 3750  491 1249 2323 3612  685 3857 3159 2811 4369 3260  328  578 1769 4171 3148  492 2214
 2351 1348 1708  337 1505 2246 3249  297 1647  598 4079 3697 3588 3683 3849 1948 2325 2164 3421 3152 3049 4355 2523 3048 3869 2247 4468 3166 1723 1093 3464 1332 1329  693 1275 2704 2996 4130 1759 3360 1341 2079  396 1534 2848  868 3770   90   16  439 3804 1087 3270 2762 2698 3384 2224  614 1073 1687  507  371  173 4028 2989 3461 3127
 3327 1969 2624  968 3973 2462 1729 3966 1178 1447 1248  340  183 3293 3060 2365 3027 2190  779 1557  694 3563 2913 2300 3070 3169 3388 3259 4229  186 3150 3209 1323   13 1251 3304  987 1022 3605 1964 3939 1653 1463 1374 1993  174 4078 1825 1997 3691 3424 3242  691 4362 2609 1381 3717 2841 1198  879 4106 2135 1126 3333 4360  353  187
 1661 1204 3261  526 4107   81  778  950 1612 4055 4479 2133 3423 2555 2529 2468 1217 1020 4302 4279 4348   50 1603 3704 3918 2060 1186  448 4419 3846  755 1414  722 4131 4242  131 1440 3355 1835 2625 2796 1299 1604 4469  707  584 1226 3791 4098  605 2268  383  637  219 2594 4484  999 2492 2830  856 3768 1715 3539 4262 1588 2042 1688
 2810 3594  102 3202 1824 2232 1154 2759 1361 1730 1199  209 4205 2479 3319 3389 3800 2817  275 1816    6  616 1951  900 2727 2991 2356 3577 4401  737 2056 4378  230 1375 3359 3515 1174 2392 3743 1916 4194  311 2252 2992 2860 3952 1645 2281 3721 2666 1063 3829 2017 1118 3240 3246 1388  709 4483 1029 1062 1958 3046  514 3942  926 1295
 4088 3457 4442 1668  803   25  745  120 1692 1502    4 2715 4149  402 3346 1425 2770 4437 3855 3144 3194 1521 2935 2314 4239  117 3153 3963 2714 4099  289 3631  152 2433 4252 4377  970 3984  123 2334 4328   64  692 2225 3357  541 3071 3824 4276 2816 1884 3204 4030  295 1355  207 3856 1432 1853 1069 2302 1654 1412 2249  715  254 1867
 4087 1631 3276 1122 1591 3764  769 2244 1571 3066  678 3392 3608 1676  406 1102 1901 3782  199  642 1400 3440  638 2482  412 3978 3134 1535 1690 1852 3322 2755  475 4133 1767 1944 4295 3741 2835 1872 2206 2660 4207 1959 3296 1704  894 1996  702  548 2980 3433 2599 2335 2753  419 1719 1173 2077 4156 2429 3989 4259 2461 1812 1870 1572
 3147 2758 3913 1971 3864 1207 1914  203  305 1228 1540 2923  213 4238  342 3006 2305  227 3862 4144  259  837 1266  635 4411 3311  394 3037 3233 1152  934 3096   84 2059 3516 3833 1567 2586  473  168 2740 3257 2671 1526 1394 3172 1288 4075 3235 4083 4359 3029 3368 2747  445 2814 2285 2406  138 3494  643 2827 4103 2052 1138 3788 3177
 3121  585 1453 2274 2231 2559 2741 1418 3718 2858 2739 2115 2794 2856 3911 3655 2581 1718 1558 2484 3064 3268  170  211 2819 1509 2317  705  260  965 1359  743  544 1773 3156 3181 1698 3698 4015 3099 2013 4288 2465 2511  312  974 2474 1465 3799 4152 2234  904 2394  792 2151  162 1200 1021 2580  944 4117 2009 3715 3059 3219 3811 3727
 3467  739 2202  335 2990  881   20 1925 1083 3962 1791   41 3789 2360 4136 1615  144  442 2142 1238 2754 2640 2955 3734 3561 3710  166 1643  455 3635 4317 1235 4033 1675 1267 3940 3728  380 4321 2040 2628 4003  440 4138 1757 2629 3243 4429  984  994  229 2583  533 3381 3062 2437 3793 2534 2172  742 1124 4082 2864 2918 1091 3667  467
 3573 2702 2896 4270  813 2014 3087 1646 1530 2890 2906 1972 1602  413 3011 2337  708 3466 2353 1450 2785 1117 2245 3866 4113 1407 1258  623 1763 2121 3509  674 4178 3179 4223 4096 2696 1391 2854  182  967 1419 2513  725 2649 3775  961 2306 3564 3794 3399 1175 1700  617 1613   94 3733  443 1485 3450 3986 1988 1478 1130 4353 1443 1736
 2678 2556 4285 4184 2842 3397 3615  730 2475 3111 3267 1396 3142 1850  360 1033  446  422  175 4420 1061 4425 4489 3554  147 4043  377 1550 4387 4358  603 1720 2361 4347  858  655 1910  943  834 3803 1562 2086 3720  820 1038 1352  871 1488 1637 1395 3459 3617 2216 1855 1933 2750 2355 3953  564 3595 2178  169 2837 3970 1111 4309  766
 2109 1189   55 3041 3223 3827 3559 3143 3867 1253 1140 1163 2701 2039 3731 3119  470 2303 1408 4148 1651 1340 1080 2861 1439 3400 4102    7   39 3843 2866  930 3214 2672 1915  344 1027 3513 4188   71 1310 1940 3411 2163 4176 3017 2659 2527  726 2710 2263  242 3032 2228   92  957 2299 4379 1156 1486 3024 3890  775 2147 2924 2499 4393
 3093 3579 4264  333 1416 3307 2993 1456 3207 1202 1726 2498  318 2622  979  272  791 2441 2926  629 3323 2426 3773 1301 2728 2682 3948 3075 3294  493 4405  787 3255 1614 4004 1095 1725 3906  662 3616 3080   33 3408 3565  717  570 3280 3199 2311 3110 1250 3195 1516  362 3187 2568  304 2161 3460 3540 3468  220 3422  765  905 1353 3302
 4303 3550 3489 1436 3834 2902 4363 2515 1187 4397 1744 3518  784 1677  146 2308  148 2493 3955 1493 1779 1749  404 2287 1327 3376  567 3872 1973  113 4439 3898 3157 1985  309  240 2557 3004 2536 3699 4367 2021 2618  437 1727 1829 2382  649  390 2229  572 3708 2716 4284  393 2851 2390 2187 3705 1108 2261 1212  559 2571 1600 4026 2110
  429 1019 1079 1191 1313 1669 4274 4063 2699 4282 2824 4428 3790  839  946 1483 4316  630 2315 1345 2283  401  774  575  529 3844 4072 3470 2496  458 1449 3331 2342 3663 2072 3265 1680 2889 1218 3226  851 2950 2494  986 2117 3154 1356 1489   88 2632 2602 3453  771 4463 2331 1585 4404 1224 1989 4332 3881 2488 1099 1123 3019  255 4308
 3273  924 4283 3335 1060 2090 4249  836 2869 2251 3007 1967 2047 2413  512 4435  153 3191 1711 4449 1016 3158 3485 2681 1797 3237 4224 3016 2826 1494 2721 3900 4418  777  279  228  205  888 2870  592 2240  918 3074   37 4371 4011 3067 3538 3931 4018 3173 2463 2336 1139 2669 3025  896  154 2369 1013 1705  331  640  893 1674 2805 1058
 1231 2637  549 3848  479  545 1344 3478 3586  799 4258   69 2112  350 3086 1006  346 1215 1833 2769 4472 2635 2946 3524 2910 2777 1422 4134 1166 3798 1966 2746 1496 4191 4462  434 1984 1541  751 2235 1213  233 3763 4230 3217 4116 4022 1954 3944 1813  347 1010  969 4245 3670 3109 1444 4467 1398  330  263 2564  621 2813  457 3462 3611
 4423  993 1265 3609 3547  281 3215 1995 3175 2196 2677 1649 2495 3356 4125 3406 2730 4465 3471  248 3427 2804 2738 2103 3369 3688 2780 1866 4044 2066   76  663 2101 1854 1895 1752 3841 3020  852 1857 2004 4041 3288 1064 3740 1635 2638  886 4342  135 1992 1633 1078 1747 2031  232 1426  620 1912 1981 1032 2592 2668 3044 2166  354   17
 2744 1532 3105 1595 1368 3492 3910  474 1088  877 3736  824 2844 4031  875 2476 3168 2118 3283 1042 3290 2722 2417 1409  427  864 3636 3818 1431 3981 1696 1947    9 2307 3248 2330 2098  908 1926 1980 4450 1291 3487  190  870  960 2258 4251 2012 3771 2422  909 1158 3201 3744 1977 4365 1003 2974 3675 3120 1086 2139 3865 2680  519 1012
 2929 3316 1360 4331 1889 2508  687 3300 3681 2598  366 3284 1025 1268 3927 1089  626 4127 1331  602 4413 3647 2319 1334 1629 4114 3604 4386 1445 2840 1766  291 3805  224 3551 2603 3338 3796 2270 3742 1347  329  499 2149  472 1879 2084 3835 2605 2312 2354 3853 2124 1277  231 1658 1366 2497  348  423 2687  428 2745 1807 3648 1844 4253