   63  178 4604  826 2394 2280 1486 3860   49 1662 3640 2084 2233 2064 4117 1512 2018 4221 1199 4166 2046 3350 1465 2086 3939  405 2639  806 1941   93  443 1104 4538 3363 4212 1652 2316 2978 1763 1563 2170 4027 3049 3484 1938 2617 1765 2861 4140 2189 2111 4034  776 1132  348  822 1266 4509 3163 3660 1107 1477 2695 2332 2601 3695 4324 1600
 2704 1805 4197  975  885  566 2963 3468  451 4219  803 3273 1999 3873 4349  692 1072  755 3110 1202 1557 4148 1071 3261 1062 1692  910 1891 1248 4003 4225 3388   98  212 3528 3554 3070  481  758 4361 3750 2635 1667 1457 2431 3541  798 3892  224 4294 4362 4348 3848 2151 4046 1442 3387 1923 1315 1164 4454 2723 2709  983  887 4066  613  261
 4518  595 2350   48 3106 3328 3252 3380 2634 2576 1337 2925 3397  666  655 3549 3433 2707 1253  165 4408 2488  138 2092 2895   17  211 1365 1648 2389 3152 3169 2491  287 3667 1012 2292 3996  748  177  590 3237 1320 3445  797 1846 3692 2778 3539 2942 2913 1069 2303 3583 3246 3174 2851 1911 2100 3801 1293 3909 3017 1414 4262  644 4013 3045
  361 3945 1128 1385  279 1979 2068 4430 3130 2684  649  367 4308  918 1131  500 4579 1698 3205 2960 2867 3777 1299 2602 4576 1437 3240 3678 3624 2101  906 3251 3462 1951 2835 2365 3961 2002 2583  588 1170 1680 4200 3656 3260 3684 1995  614 2471 2951 1549 2952 1084  879 2858  789 3918 3836  930  402  924  448 4033 1034 3592  794 4541 2197
 3972 3008 3136 2420 4622 2959 2689 2243 2441  678 3693 4379 1448 1389 1858 2607 2919  252 2626 1867 4137 1696 3030 3099  131   75 1617 1184 3923 4457 1772  309 4213 4545  702   58 1362 4344 2937 1231 1606 1852 3398 2422 4459 2433 2078  608  141 2595 1141 2687 2324 2604 2527 4478  772 1176 1551 4047 1665  889 2766 2507 4145   30  808 3513
 1548 3728 4393 2891 4119 2765 4441 4233 2554 2605 3109 1910  231 2248 4109 1555 2354   89 1766   59 4214 2555 1895 3179 3448 3032  648 2306  293 1445 1819 3818 4484 4255 1031 2150   29  615 3779 2358  569 2745 3723 3766   71 2620 2794  830  442 1733  167 1724 4572  714  675 3889 2573 4235 3320 3376 3533  662 1565 3878 1743 1166  349 1756
  265 3833 2917  289  262 3594 3614 3834 2650 4356 4040 3959 3140 2884 2848 1272  158   76  720 1520 2147  876  477 4485 3349 4089 2469 2976 2645 3756 1224 4472 2257 3844 2806 3718 1916 4445 1893 4470 3709 1864 1047 3626  533 3392 1195 1379  537 1109 1898  173 1419 2965  583  767 4158  103 2221 4110 1008  912 4321 3196 1103  718 2730 1929
 3580  641 4514  966 1374 4488 4464 2569 2953 1703 2083 1607 3192 3522 2592 1453 2915 3079  626  668  527 3758 2247 3270 2157 2603 4620 2124 2006   73 1060 4326 1098 3318 1311 3439 1885 2749 2285 2810 2457 3083 2380 1116 3548 2657 2513  321 1302 3118 2995 3210 1443 1531 2087  373 3837 1536  802 3125  266 3061 2049 4165  760 1332 4164 1364
 1173  713 1120 4010 3532 2560  934 4207 4133 2007 4037 4460 3575 1977 2898  834 1429  868 3353 2022 3482  128  108 3602 1317 2144 2969 3704 1482 2961  555  640 2751 4493 3803 3217 3150 1694  124 3373 2125 1447  820 2947 2771 1142 2099 1626 1041 3235 4008 4410 3441 2852 1402 2279 3239 2041  117  964 1461  449 4595  936 3934 2757  531 3042
 4136 1417 2360 3400 4421 2558 2400 2343 3048 3902  187 2174 2846 1640 3436 3572 3132 3247 3204  553 4229 2207 1408  249 3230   38 2373  424 3337 2270 3244 1186 2334 1146 4151 4495 1070  473 4292  328 2986 2591 3183 1947 1976  716  998 3129 2596 3538 2665  318 1053 3164 1804  469 1181 2556 4000 2721  378 2941  618 3824  855 3729 1054 3800
  991 1406 3316 2764 3968    3  650  516   10 3182  134 3987 1009 1584 3249  837 3411 2229 2346 3726  804  562  990 3706 3238 1507 2808 4621 3676 3558 2839 3524 3796 4578 2442 3450 1194 2572 1552 1872 2451  503 3897 1812 4061 3282 4359 3338 3293 1540   79 2482 1123 1056 3988 2580 1956 1820 1086 1734 3582   95 4551 2958 1688 4183  567  579
  520 1494 1106 2216 4471 2377 4096  398  397 1829 3715  273 3663  572 1711 1473 2660 3670 3763 2803 3963 2102   60  586 3264 2384 4580 3536 1814 4390 1687 2337 3975  686  337 4011  146 3690 1075  107 4523 1658 3259 2728 2504 4024 3929 3040 1061 2367 2004 3819  242 4149 1319  356 4241 1468 1682 3978  952  827  403 4566  354 2283 4263 3314
 1630 3067 1255 2494  423  539 1286 3268 3832 3593 2008  750 1372 4521 3623 4269 1472 4374 3254 2237 2276 2678  194 1306 3911  205 3479  996 3471 4113  234  494 2753 2887 2206 3702  690 1748 2301 3869 1083 4103 4465  256 3903  363 3632 3868 2850 1380  495  549 2265 1459 3306 2392 4209 1690  100 3790  536 2570 4613 3355 3383   24 2212 1619
 2710 1609   22 4512 3036 2012 3342 3133  408  499 4608 3598 4585 1444 4389 1795 2999 2905  229 4609 1755  944  399  790 4168 4204 3893 2658 1349 1980 4505 1972 1978 1940  508 2696 2395 1290 2612   31 1719  303  638 2417  479 3333  114 4038 2413  351 2453 3849 3139 4581  204 2160 1407  988 3402 2500 3029 3297 3097 3864 2062  859 2481 3562
 2524 1742  770 2203 1704 3960 3953  507 4527 2876 2837 2059  535  911 2769 1237 1422 1922 2489 2725 3085 4427 1124 3807 1761  993 2211 4468  658 4196  407 4311 1397 4409 3197  198  350   64 1026 4569  313 3291 2250 2388  172 3446  719  530 2559 2235  164 2636 2562 4520  509  355 4440 4377 3743 4260 3806 4364  697 3773 2142   90 2076 4503
 4081 3717 1168  642 3731 3000 1450 2697  140 1022 1919 4135 2656  577  700 4278  600 1994 3650 1564  483 1868 3431 2813 2722 1873 2641 4093 3460 1492  392 1834 1935  883  875 3285 3964  905 1816 3242 1134  973 1096  937 4388 2817 2095 1707 4378 3579  898 4082 1396 3951  703 3365  956 2551 3415 3089 3705  369 2543 3838 4387 1121 3185 2864
 1691 1921  632 3142 1651 2338 4153  773 1945 1279  253 2496 1002  444  456 1029 1303 4287 3207  740  240   11 4496 2131 3317 3613 1462  301 3232 2135 4443 3552  851 2119 4023 2788 3517 1049 2421 2044 4124 3449    5 3742 4086 2644 1377 3721 1055  513 4053 4570 2317 1313 3925 4210 1966 2254 4306 3887 2761 3854 2822  624 1344 1340 1954 2547
 3938 3587  829 1623 2175 3223 3245   88 2034  109 3974 3444 3687  680  387 4186 2103  683   52 4607  415 1710 3041 3977 2495 2025 2452 2312 1343  979 1088 3689  381 2116 1767 2319 3916  987 1161  950  568 3847 2314 4313  639 2183 4237 2348 2244   39 2747  245 4128 3872 1393 3875 3976 3001 4352 2503 3520 4337 3396 3177 1794 1167 1546 1712
 1570 1915 4243 2702 2780 4257 1729 1638 1485 2463 2664 3202  390 3137 4016  416  366 1528 1051  471  850 3394 4375  298 3503  628 2877 1150  957 4467 4065 1265 1936  319  633 3732 3674 1777  420 3904 4300 4138 4444 2924  193 2686 2185 2230 2712 3741 1810 2436 4398  112 3310  841 1238 1583 4564 3845 2149 2545 2434 2029 1751 1806 1278 3321
 3543 1232 4271 1156 3209 1738 2646 4516 2830 2670 2148 3510 4198 4332 2202 1193  156 4029 3722 1498  280  526 4515  364  970 3713 1770 1246 2599  543 1993   87 2975 4228 3829 1523 4063 2542 4062 2191 3058 1612 1048 3082  997 1003 2756 4556 3035 1750 1892 2153 3680 3307 2215 3191 1016  676 2789 2415 4261  345 1896 2179  751  482 1666  621
 1458 2968 3735 1679  546 2294 1225 1025 4190 4568 2014 2475  805 2236 1073 1787 3421  491 3007 4156  346 1285 2070 2459 2437 1144 2894 3919  175 2713 4384 2881 1491 2359 1240 3304 1560  682 2171 1387 2132  272 3404  611 3005 3899 3329  353 2110 2743 4401  268 2239 3600 2107  452 4004 4554 3730 1020 3159 1899 2984 2274 3710 3477 1946 3514
 1262 1769 2053 2910 3228 3371 4396 4157 1295  305 3610   69 2293 4499  793 3015 4162 2909 2786 1135 1877 4203 1203 2032  441 1713  728 1799 4539 1455 1771 3712 1589 1708 4122 4494 1663 3861 2130 3165 1544 3452 4048  727 3748   13 3100  282  994 2063  756 2397  734 1452 2383 3767  847 2985 2694 3095 2618 2075  169 1488 3811 2882 2622 2282
 1925 4173 3418 1427 3464 4074 1605 4270  199  606 4032 4006 1386  365 1526  347 1586  557 1471 1289 2336 4429 1027 2523  139 3770 3226 1466  884  382 3090 3590 3699 4517 3091  960 2414 3143 2493 3188 1969  647  635 3999 3429 3668   47 4256 2899 1325 1792 4142   77 4159 2105  749 2750 2432 3016 3983 2352 3774 1631   97 1566  358 3639 3661
 3345 2089  907 3295 4234 1597 2138 1087 1219 3004 3378 1143 1165 2767 4281 1513 1545 1856 1423  812 4177 2465 3331  929 4049   82  587 1115 4561 3965 1234  257 1155 1274 3908 1678 2073 3262 1410 4535 3949 3696 4015 2036 2627 1825 2061 2926   45 3612 3399 1715 3643  782 3275 2079 4094  235 4141 2575  544 2874  429 1239 2773  541 4189 3086
  916 2035 3830  982 2944 3325 3846 1591 2928 2585  236 1241 2140 4481  784 3947 4417 2531  893 2096 3427 1848 3736 1148 4587 3010 3241 1273 4480 3271 2320 3738 2252 2141  137 3527 2875  598 1297 1280 1853 1066 2768 3631 1078  781  380 1740 3618 3258 3772 1789 1140 2818 4314  744  913 2508 2308  542 2050 2401 2121  809 3608 1656 2671 2979
 1110 2163  821 4483  709 3475 2537 3334 1723 1889 1094 2600 4102 2823 4192 3727 3288 2113 3200 2013  607 1731 1775  275 1797 4054  259 1774 1518   70 3853  277 1361 2299 2611 1649 3810  220 1952 1136 3669 4155 1959  584 4533 1577 3208  976 1028  917  151 1433   55 3990 2977 3603 3294 4366 4170 3377 2478 1587  545 4289 2993 2911 4610 3391
 1973 4346 4553 1434 3932 4370 1633 4118 3789 4594 3340 4298 2450 4597  846 1440  679 4276 1229 4226 3225 1602 2512 3413 3212 1975 2792 1479 4567 3346  872  601 2047    6 3145 1112  866  560 2028 2574 1301  778 2363 2701 2000 1126 1284  455 1211  260 4026 4100 2916 3946  200 4319  654 4068 2019 1571 1702 1800 1114  854 2923 2456  925  121
 3166 1579 2903 2631 2287 2123 3525   37 2300  959 2840 2939 3913 1604    1 2318 2224 2653 2535 2904 2269 3880 3877 4506   91 2023 4280 1639 3071 1529 2970  769  656 1576 4397 1718   92 4272 3011  529 1476  528 3866 2323  394 1517 2024 3330  729 3493 1242 4418 2752 3813 3401 2643  663 1382    9 2255   96 2853 3793 3799 2005 4599 1267 3984
 2586 2703  322 2949  312   25  977  352 3211 3022 3098  873  864 2405 4536  291 2009 1943 2632  171 1647 1776 2561 3531 2200 4486 1762 3072 3519  438 3013 3589 3512 4211 1108 2744 4017 1431   53  909  333 4623 2122  616 4601 1862 4182 4380 2816 3858 2715  222 4497 1292  554 3438  428 3559 2972  425 3958 1644 3969 4449  111 2464 1900 4400
 3759 3851 1200 3283 1188  747 2104 3646 1826  762  113 2302  414 1809 3358 4552  176 4500 2467 2180 1831  316  334  283 2991 1178 4330   81 2943 1926 2333 4403 2567 3157 3576 1391 4575  432 3276 1934 1342 1064  931 2038 1125 4537 3857 2878 2630 4245 2921 3591 3694  693 3175 1030 2675 2408 1796   32 4490 2204 3871 2821 2051 3611 1556 1890
 1044 2440 2424 4171 1645 2566 1039 1063 2856 3127 4051 3470 2781  882 2680  585 4090 4147  754 4031  488 4180 4302 2284 3816 2584  132 4099  603 3720 2549  881 4105  926 1045 3876 3935 1024  796 3884 3658 3991 3817 3966 1949 3324 1843 3025 3769 2814  985 1409 1111 3053 1190 1547 3567  696 2760   46  314 2455  422 3336  474  359  961 1334
  559 3021  612 2278 3586 4573  370 1580  307 2290 2091 3287 1942 1250 2609 3760 1827 3465 2487 4254 2449 4055  343 1535 3279 1521 2677 2742 3609 1001 4456 2930 1147  732 1524  166 3768 4502 3672 1328 2184  971 1277 1677 2931 4437 2486 1324  787 3498 4458 2920 2565 4591  239  894 1957 4603  142 3928  735 3673  852 2205 1076 4264 2275  717
 2222 4067 3233 1616  506 1803 1308 2800 1753 2371 3655 3970 3389 4602 1984 1628 4455 3467 2906 4368 4406  290 2227 3184  510 3754   57 1475 1783 2182 3194 3924  153 1327 2209 2676  519 4416 4542 3703  335 1171 3473 2396 4619 3229 1207  919 1758 4144 2232  779 1588 1962 2807  159  574 3496 3187 1670 1206  788 2390 1079 2651 1312 2411 1074
 2738 4285 3368 1490  949 3119  413  856 2330 2234 1282 1695 2001 4407 2057 3487 3855 2892   14  325 1917 2597  948 4290 2447  421 3309 2988  458 1992 4253 3064 4266 3492 4357 2060 2193  233 3956  196 2673 3711 2849 2226 4191 2515 3530 4413  514 1348  578 1522 1247 2518 4419 4251 4598 2647 3220  759 1958  120  653  604 2166  418 3047 1321
 1405  214 4605 2866 1581 1478 2927 1081 2857  968 1538 1101 3825 2085 4372 3054 1509 1595 1913 2714 1489 3827 4611 2485 4511 1139 3039 3686  597  669 2311 2378  627  267  858 1015  739 3794  738 4335 2841 4238 1720 1033 4436 3103 3982 1077 4339  116 1815 4435  462 1668 3906 3277 4220 1757  688  706 2045 2357 3671 4078  296 4205 2598 1378
 3447 1160  395 3414  202  388  278  870 1905  362  532 3362  742 3719 4546 1685 2782 1451 3927  646 3466 1793 2069 3601 4107 3308 3771 2428 3168 2341 3420 2843 4267 1660  213 4411 3026 1983 3882  308 3023 2188 3416  135  446 3850  831 2628 2156 2719  487 2298  133 2251 4474 3104 2775  389 2727 3597 4111 4239 2214  774 3762 1944 3081 1620
 3992 1559  636 2516 1778 4083 1412 3343 2720  168 2443 2152 2692  902  999 4218 4487 1811 1432 4424 1937 3422 4035 2590  400  867 1721 1901  297 2672 2310  795 2668 4240 3971  330 1390  238 3181 3942 4227  475 2020 1673 2539 4215 3080 3802 4589 2528 4175 2258 2845  737 2347 1019 2541 1122 2637 1183 3034 1918 1807 4014  339  538 1933 2981
  332 1817 2194  207 1961  575 4327 2158 2329 1716 3158 2798 3577 4555  890 4338 1585 2699  659 4058 2448 4606 3382  342 3117 2797 3393 3218  344 1689 3574 1510 1928 3385  814 2081 2735 3638 1808 3395  295 4310 3267  372 4434 1495 3180 3356 4336  157 2231 2011 2945  534 1043 2613 1244  357 1541 3753  914  311 1198 4544 1175 4530  427 4540
  958 3374 4268 4129 1487 2364 3804 1401 3198   80 1208 3734 4019  861  486 3896 3201  185 3108  125 3332 4438  989  617  149 4317   65 3688 3542 2842 2510 4284  206 4025  710 1725 2685 3348 1243 4331  340  766 2967 4596 3284   78 1574 2080 1205  480 4030 2623 1525  338 2754 1326 2886 4092 3584 4072 2281 1562 1636   99 2546 1722 4007 3865
 3352 1460 3299 3115  490 4452 3171 2289 2134 4342 3659 2297 3653 3419 1375 2385 4428 1294 4616  409 3986 1968 1352 4371 1416 2648 3480 3518  281 4152 1878 2832 3494 3563 1449  512 1235  701 2633 1014 1430 3666 1599 2731 1730  209   51 1233 1370 1439 1861 1227  681  210  986 3315 2362 4167  664 2277 3144  695 4231  599 3930  981 4347 3993
 1226 1338 2339 2066 1920 1392  485 1013 2795 3107 3937 3823 1914 2026 3215 2240 4179 3003 1997 3176  497 4469  412  634 1786 3511 3907 2801 1709 4382  104 4433 1859 4075 4559 2474 2649 2454 2934   84 2325 2391 1828 2912  227 2427 2519 1503 1971 2973 1090 2219  953 3301 2879 3461 3065 2017 3434  746 1598 3076 2263 1987 3635 1906  849  771
 2950 3515  377 2578 3357  685  258  777 3248 2497 2739  276 1007   28 3490  201 3178 4265 1632 2681 4059 3170 2195 1749 4291 4095 4069 3920 2331 3573 3313 2589 2544 4386  901 1701 3087 3454 3274 3068 1187 1127  888 1850  143 2288 3615 4018 3060 2872 4169 2563  391  880 1601 2208 2245  857 2178 1252  865 3617 3885  962 1305 3621  440 1655
 3094 2907 3088 2015 3890 2262 1672 1681 1046 4571  250 3502 4252 3412  591 2430 2161 3863 3994 2514 3114 1005  753 3216 2225 2094  967  715 1697 1657 2762 3842 2883  317 1162 1782 1845 2982 2820 3231 4077  518 1398 3381 2994 3066 3798 1347  825 1960 3443  723   34 3323 3716 3578  119  582 2642  396 4420 4543 4064 1613  450 4381   68 1527
 1838 1650  371 1627 2398 3327 4395 2606 3604  368  667 1004 4295 3221 1582  620 2870  923 3370 2859 2118 1388 4250 4489 1728 4123 4247   85 4293  665 1832  470 3499 4194 3529 4618 3347 2902 2376 2855 4529  897 2393  631 1534 2412  223  517 2003 3941 2472  670  775 3616 3629 4106  811 2192 2836 2483 1271  817  581 1260 4005 1506 2811 1726
 1836 3805 1791 2688 4002  564 4549 3681 3472 3123 1737 1035 2088 1270 1042 3757 1511 4277 1967 2998 1040 2168  592 2974  188 2090 2187 4181 4022 1857 1974 3526 3826  155 3161 2666  945  622  687  984 1201  286 2460 2847 3607 3606 3403 2729 4080 3881 1530 2190 1590 1331  726 2137 1847 3326 1283 2770  189 3134 4224   21 3926 3409 1746 2733
 3425 2799   42 2021 1236  969 1481  329 3379 3124 3367  645  130 3647 3319 1790  785  255 3707 2992 3256 2962 4020 4085 2052 2621  705 2016   12  404 4301 2220  271 3369 3792 3677 3077 4121 4259 3898 3534 2759 3193 1153  360 1888 4402 3351 1705 1671  895 3746 2386 3568 3073 2922 1316 1215 1093  331 3052 3074 1618  853 2640 3027  863 3002
 2955 3281 2624  552 4248 4448 2374  152 3886 2154 2372 3063  515  323 3126 2890 1185 1897 3637  410 1625  511  191 3569 2033  951 3366   74 1258 4050 1157 1249 3516  731  661  974 1355 2711 2880  921 2796 4163 3224 2296 4405 3933 3491 3588 3302 1833 3286 1149 2946 2065 1869 2181  972 4222 2238  843 4363 2264 3006  264 3432 4021 1572 3651
 4350  832 4012 1841 2327 2885 2492 2201 2871 2536  871 3546  828 1611 2588 3550   72  302 3481 1610  411  102 3725  460 1133 4340 2587  757 4498  610 3417   40 3622 3122 3407 2654  619  148 3566 3253 3630  643 2900  704 4312  551 4073 4447  292 3428 4161 2774 3424 2117 2929 4450  504 3775  768 1021  384 4442 4176 1686 4216  243 3547  376
 2173  221 1145 1550 3679  711 3257 4528 3199 4588 4097 1065 3121 2698 1339 3046  920 2538 3989  722 1480 3840 4466  217 1359  672   33 1543 1801 4392 1089 3557 3778  816  550 1988  284 3155 2772  915 2740 4315    8 2674 1276 3292 1499 2345 4548 1288 2540 1870 2661 2865 2342  437 3078 3737 2309 3784 4028 2557 1659 4079  459 3620  203 3744
  126   20 1700 4351 2838  699  248  426 2737  940 3354 1254  299 2829  941 4132 3044 1291 1251 3797 4333 3943 2706 4463 4624 2429 1307 4615 3894 1469 2067    4  801  965 3944 3815 2582 1446  263 2726 2416 1989  522 2418 1298 2614 3628 2863 1844 3998 1880 1741 3581   43 1863 1554 3219 3437 1615 4341 2779 2030 3278 4399 3831 1180 1537 2679
 4477 4461 4365 1854 4039 2444 3290 2108 1330 1399 2468 3135 2957  300 1575 4513  129 2783 1091  251 1023  725 1752 2322 2387 1179 1470  980 2145 2410 2375 1823 3056  596 2854  800  992  874 1059 3648 2502 3495 1426 2825 1496 1904 2039  118 3675 4526  730  521  891 3486 4574 3555 4009 1818 3985  943 2097 3633 2625 3564 2828 2520 4557 3469
 3458 2805 2129  556 3116  320 3138 4091 1333 3895 3148 2259 3497 1760 4199 3870 2793 2218 1212 3570 4501 4223 3031  815 2655 4426 1358  445  939 2109 2321 2042  900 3151 4217 3111 1068 4565  605 1017 1881  327 3755 4583  764 4373 4586 3055  136  786 3782 1467 3644 1138 2072 4244 1759 1287  489 1594  935 1839  476 2271  101  436 1368 3236
 2127 1991 1329 1646 1745 3948  184 4087  712   86  181 1085 2409 3820 1381 1785  197  492 2669 3585 4329 4479 4425 3739 2186 3214  160 4508  833 1366 3372 3997 1739 1501   83 2490 3954 4286 4431 2404 4600 2718 2199  285 2260 1281 2198  406 3440 2439 1411 3910 4328 1950 1336  780 3149 2268  466 4201  122 2461 3544 3561 1493 4127 2638  724
 2873 2802  123 4236 2827 3160 1653  547 1539 3051 1300 1220 3915 3783 2683 3360 3423 2615 2272 2114  810 3662 4358 2082 3057 4178  838 4334 3186 1970 2499 1102  835  472   61 2663 2758  818 4045 2736 2133  842 1322  807 1130  523  505 3457 3009  733  652 2815 1842 3505 2629 2425 3888 2716   35 3093 3874 4125  419 2249 1821 4160 3375 3206
 3451 3852 2553 2273 1314 4249 2217 3043 4307 2804   23 3917 1159 1986 2987 3028 2755 1948  484 2366   41 3311 1000  461 3162  336 1735 2826 3551 3785 4482  439 2040 3272 2763 2423 1263 3213  244 2564 2964 3227  247 1464 4367 1197 2246   56 4343  589 1675 1006 3131 3979 1018 4187 2155  783 3033  219 4139 2682 1592 4383 3521 1621 1924 1875
 2077 3788 1052 4150 1483 1883 4232 1908 3664  558 4558 1654 3698 2785  860  927 3504  174 1191  845 4318  743 3654 1754 1105 1158 1939 1727 3488 3634  127  609   26 4274  383 1676  154 3296 2896 1683 2241  694 1011 3322 2196  995 3571 3426 4056 2361 1456 2458 3701 2169 2353 3761 1264  792 4202 4475 4369 4582 1189 2159 2328 4071 3435  978
 4423 1204 4412  216 1463 1222 3459 2932 3791 4120 3843 1360 2693 3341 2351 1037  502 3627 2534 4473 3305  192   15 2010 2812 4131 3506 3038  877 1268 2473  954 4524   94 1425 3359 4193 1082 3540 3112 2521 2242 1151 1747 3901  933 1010 2399 1400   50 3501 1474 4394 2146  673 1418 3234 1383 3156 1664 2291  824 4134 1441 3599 1345 4098  208
  602 1424 3101 1533 1500 3339  745 1356 3265 1357 1693 3912 1849 1137 1981 2058  186 2139 3685 2476 3020 1113 1593 2936 2717 4043 1608 2326 4415 2379  145 2304 4108 1744 1642 3509 4451 3745  215 1578  110  573 2355 2897   19 1567 3300 4422 1569 1884 1369 4309  942 2106 4532 2419  791 3545 3507 2176 3780  862 4584 4562  385 3565 3173 3018
  182 3312 3914 2172 1218 3084  932  417 4525  593 2344  306  813 3203 3364  326 3050 3153 3141  904  304 1118 4282 3189 1699 2568 2462 3556  637 1354 4414 3269 2027 2055 1403 3463 2356 3344 4275 2213 1217 2511  467 3500  386 3859  570 3922 3839 1394 4076 4560 4088  752 4491  840  823  721 4507 4258 1080 2888  707  671 3636 1902 2860 1784
 1505 1413 2305 3014 2177  691 1376 2529 2054 3657 3335 1428 2594 3266  946 2784 2997 1384 2261 3764 4185 1223 4146  294  180 3408 1886 3808 3862 1684 2746 3105 1230 2708 3981  955 1504 2164 3596 1706 3751 3430 1036 2869 1508  848 1519 2893 1318 3024 3405 2935 3883 3167  115 1851 3478 2901 1099  689 2112 1038 4273   18 4104 3075 1963 1097
 2340  375 1154 1855 2228  226 4391 3931 1622 2996 2369 3092 1822 1192 1865 2128 1909 2700 3776 4057 1779 1177   44 2071  161 4288 3921  765  886 1514 3973 2162 3652  928 2484  454 1637 1998 2819 3752 1304 1614 3795 4593 1813 1835 3263 2593 3595 3560 3386 2532 1674 2403 1516 2525 2477 3243 3714  237 4592 4462  310 1643 2382 2809 2307  580
 1420 1404 3535 4563   36  269  457 3700 2844 1275  708  162  270 4446 2980  288 3120 3900 1532  374  324  496  493 2498   54 4534 3298 4246 2223 1454  594 3980 4577 4154 3523  183 4070 3749 1931 2954 1350 3665 3645  625 3059  230 1717 4184 4084 2349  105 3289 3856 1955 3508 2335 3967  225  629 4112 3905 1256 3222 1323 3619 2790 4126 1502
 3786 3190 3625 2548 2526 4453  179 3724  761 4208  195 3361 1196 2705 4303 2741 1542 1395 1965 1903 3828 1353 4042 1169 2120  228 2445 2791 2313 2724 1930  947    2 1100 1057 1874  501 2435 4492 1824 2824 3605 2948 4404 4355 4143 1129  435 2480 2530  548 2470 1363 1438 2787  379 1095 4001 4115 2667  878 2210  922 2438 1269 4320 3483 2533
 4304 1436 1561 1296 2940 2381 1907 1119  341 2550  246 1798 4130  698 1840 3995 3957  839 2479 4041 2501 4345 4101 2136   16  677  431 1714 2581 2043 2256 2938 1830 3128 3037  908 4354 2956 1781 4476 2267 3154 2406 4036 1573 4206 1661 1213 2577 3835 1768 1182 3406 1261 1351 4052    7 4116  524 3019 2115 3410  623  393 1596 4316 3250 1866
 2517 2619 1373 4230 3390  163 3867 3096  561 2868 4376  799   66 2889  150 2610  651 3747 2833 1860 4195 4385 3485 3476 1985 2734 4044  447 2286 1346  274 1421  896  844 2506 3069 3962 3147 1335 2971 3822 1553 2990 2056 1415 2690 4590 1558 1788 1624 3879  525 1228  254 4242 1837 1635  430  657 1780 3642 3809  892 3765 1117 2834 3474 3691
 2616 3641 1953 4360  498 1568 2037 3812 1887 3453 2505 1367 4322  565 3682 4297 4060 2983 3821 3195 1257  464 3781 2266 3891  563 3537 4174  463 2522 2402  836  963 2165 3952  630 3814 2446 1435 1736 4323 4522 3649 1310 1209 1163  433  147 2143 4353 2777 1214 4547 3740 1964 1641 1732   27 3062 1092 1603  819 1152 1371 2093 2732 2048  465
 1221 3489 2368 2748 1067 4114 2167 1982 2074 4296 1032  170 1497 2989  434  106 2407 4432   62 2776 3940  736 3012 3172 4305 4531 3384  144 3697 2918 1634 2126 3255 3950 1174 1879 1996 4504 2652  684  571 4510 2552 1216 1882 1259   67 1927 2370  899 4283 1871 3787  218 3113 3841 3102 1058 1773  401 4612 2914 2571 4299 1341 2466  315 2908
 2831 1050 1802 1172 4617  468 1912 2315 3683 1210 4325 2608 2295 1669 3553 2509 3936 2659 2933 4439  232 2031 4279  903  190  660  241 1515 3708 3955  869 3280 2098  540 2691 2662 3303 1894 4188 3146 3455  674  763 1309 3456  478 1629 1484 2862 2253 4550 1764 3442 4172 1245 1990 1876 4519  938 2426  576 2579  741 1932 4614 3733  453 2966