  317  514 1821 1661 3336 2235 4568 3343  465  332  900 3346  447 2273 2880 3061 4270 1057 3865 1475 2894 1490 4133 2836 4128 3956 1492 2222 2195 2170  800  901 3601 2115 1603 2901  594 2732 3984 2313 1047  829 1844  948 2657 4366 2405  414 3301 1064 3627 3291 3497  149 2534 4559 1138 3527 3952 3976 2315  375 1951 2347 2223 3737 4168 3730 3092
 4721 2942   53  248 1387 4047  736 4493  460 3971  166 3459 4744  299 1335 3872 4049 1990 3755  210 2274   55 3026 4459 2749 2807 4684 2439 2303 1012 1538 2280 1734 3600 2743 2937   88  396 1402 3707  186 4525  215 1818 2397  482 1262 2193  227  722 2504 3293 3351 1743  921 3721 4285  852 3582 3905 3844 2775 1718 3534 2484 2889 3538 3856 4297
  929 4118 2924 2406 2687 2381 1108 1511 1187  992 2352  409 1932 3438  728 4175 2593 3728  770 1778 3114 1096 2048 1418 1118 3916 1131  295 4424 4680 2239 4322 3830  751 1457 4675 2338 3988 3547  781 3252 3733 3806 3153 3007 3922 1463 1551 1918 4515  846 2600 2817 1910  591 4116 2090  537 3591 3648 1268 4704 3445 1727 2711  980   70  386 2618
 1369 1330 4672 3107 3900 1211 4612  768 1633 3735 2130 1406  764  622  362 4310 3132 3024 2769  811 4058  267 1820 3436 1029 4064 2255 2466  709 1858 4625 3110 4477 1723 3781 1251 1755 4682  679  572 2150 4132 3698  487 1328 2192 2882  590 1375 3599 4372 2097 4276 3384 4043 3816 1543 1197 4115  531  205 3850  121 3919 1214 4200  602 2036 2051
 3660 1605 3098 3758 2234 3442  232 2526 2098  174 2456 3553 4558   23  724 1806 4298 1519 3973 1647 1184 2959 4226 2542 1152  203 4756 1824 4658 2731 2390 1663  710 2930 1644 4206 3836 2246 2483 1896 3271 1087  183 1482 1314 3338  987 3968 1971 1166 1452 2295 4745 3656 2717  108 2733 2451 2300 2907  629 2554  845 2247 1611 1885 4673 3848 4243
 3412 2555 4657 4162  837 3222  551  964 4589  865 3409  463  888  282 4373  737 1014 4594 1149 2767 3979 3771   66 3664 2615  139 2332 3754 1725 1344 1385 4149 4405 1112 4003 2363 2076 2388  324  862 1034 2077 1227 2609  101  111 4038 4127 3710 3680 2661 1763 1071 4155 1984 2499  579 1839 1941 1808 3464 3819 4272 1557 4596 3636 1432 4294 2259
 3036 4734  994 1077 3506 3768 3348 1476  429 4353 2610  635 1915 4072 4553  477  654 1454 3080  705 2412 3808   62  690 4121 1065 4231 1323  364  780 3235  106 2927 2178 3451 2204   97  913 3839 3189  959 3310 3878 2462 3561 2487 2370  628 1582 1033 3051 4337 3704 1237 2805 2897 4311 2830 2323 1292  225 1260 2783 3030 2762 2718 4599 4161 3823
  655  843 2707 1614 2770 4494 2287 2528 3708 1692 3531 1001  421 3977  689  136 3932 1782 3690 1053 3513  213  937  863 3907 4246 2638 2101  264 1977 2143 2206 2903 4318 3269  495 2871 3874  211 2833 4073  435 3305 2485 4435 1114 3166 4468 2186 2167 3345   74 1578  868 1326 4326 1367  712 4019 2151 4203 4676 1269 3832 3198 2651 3983 2859  726
  718  367 1318 4131 3541 2040 2387 4221 4598 1229 2364   48 3897 2852 3441 3295 3745 3853   35 1608 4725 4505  231 3685 4237  363 2520 2240 4415 1273 3218    5 1395 3182  935 3046 3964  838 3283 2905 3383 2596 1092  836 2050  261 1201  731 4101 3282  133 1353 4024 1239 3043 4289 3975 1754 1279 1522 1761 2612 3402 3697 4303 4057   46  953  661
 2231 2564 3217 4723 3994 1312  670 4173 3616 2878 2814 3417 1354 3812 2628 4063 1412 3240 1561 3724 2676 4671  206 3018 2608 3835 2598 4731 3327 1980 3318 1861 3257 2658  812  884  652 4165  131  544 3784 2012 1245 1373 4390  390 1587 2659  348 1366 3516 2135 1410 3756 3084  316 1204  560 1976 2017 2022 2106  723 3935 3454 1935  795 2378 2478
 4362 1072 2407 1671 3475 1306 4402 4412 2062 4112 3448  715  459 3509 2320  365 1167 2860 2673 3443 1045 4432 1887 4316 1872 3134 3391 3923 4062 3778  754 2176  423 2432 1682 2557 4426 2410  688 2052 3546 1145 2443   16 4507 4352  109 2512 1895 1746  732  608 2681 4179 2818 4458 2756 3059  204   31 3893 2298  102  398 2845 1947 4065  484 2780
 3787  430 2934 3247 4668 1514 2763  159  536  926 2268  850 1724 2344 2909 3325  418 3220 3197 1321 3365  867 3967 1006 2473 2819 1450 2759  117 2399 2144 4066 4758  141  683 2736 2881 1759 3560 2828  177 1261 1442   77 4252 3843 3861 1601 3512 3898 4394 1966 1505 4288 2467 2858 3521 2584 1274 2088 2371 3481 1958 3416 1810 3670  287 3151 3958
  853 1706 2514 4738  288 1009 4263 3537 3777 3009 1717 4325 2277 1234 3493 4555  657  586 1788 1110 1801  449 4082 2861 3123  469  561 2444 3959 4578 3764 1494 4700 3643 3185 2019 1488 3990  756 2154  420 1088 4754 4499  525 2046 4261 1102  530 1370 3076  806 4306  331  338 1119  330 2537 2755 4639 2591  381 4441 3569 3798 3617 1133  219 4752
 1036 1823 2662 3818 1136 3972 2059 1922 1660 2863 1623 2791  481 2358  548 3392 4113  849 2969  142 3207 1124 4177  274 4016 3842 2869 1920 1411 2224  529 1955  303 3875 3642 2742 2226 3669  359  776 3172 3035 1515 4707 4023 4134 1993 2831 3179  775 3229 2228 2611  178 3501 4181  323 1742 3651 4130   25 1584 4378 1936 3641  643 1528 3496 4563
 4257 1495 1467  404  906 4742 3709 3261 2870 2402 4395 1015  491  461 3410 1781 3133 1264 3385 1618 3645 1456 1890 4295 2054 1612 4145 1436 3659 2740  750  585 3562 2613 2974  369 4647 1173 2172 1090 2049 4656 4546 4385  488  576 1804 4273 2891  648 3590 4067 4593 2160  297 2913  502 2548 4108 3205 3184 3329 1620 1035  434 1770 1079 1068 3138
 2384   39 3284 2844  782  861 4455  887 2133 1154 1693 3415  673 2092  507 1242 1564 2539 1973 4355  325 1244 3312 2028 2450 3925 1904 4663 1679 1398 1127 2911 1737 3266 4694 3251 3951 3040 2776 4448 3352 3230 3504 1498 2409 4710  721 2374 1863 3911  120 2669 4749 3674  665   68 3393 2500 2574 2966 4236 1407 4542 1626 1521 1433 1525 2117 1927
 2616 2330 1852 3064 4519 4447 2458 4602 2339 3524 1632 3815 4129   63 2248   42 1448 4093 2142 4249   85  575 4572 1975  759 3883 2200 3058 1258  864 3259 3460 3877 3681  352 2207 3879 3863 2644 2377 1974 3849 1738  268  790 3604 3583 3191 2266 3004 3421 3157 2104 3109 4351  451  716  342 1478 4191 3584  677 1302  637  337  557  942 3248  978
  107 4004 1979  815  972 1270 3334 1162 1566 2531 2964 1667 3498 2488 3226 3846 4278 1359 3242 1592  772 4462 4587 3042 3281 3559 2735 1298 1710 2832 2572 2883 2214 4411 2518  804 4678 2039 4186 2279 2506 1968 2362 1774   60 1969 2157 1169 1622 1222 3067 3174 4670 2263 1939  453 4496 1485 3225 1460 4012  632  259 1785 3178  974 3362  479 3805
 2764 3598 4703 1013 3199 3889   80 4103 1855 1468 2306  217 2928 1827 2632 3747 1600 2788 4620 1546  281  553 4509 1665 2359 4638 1048 3797 1992 4336  547 2138  318 1060 1962 2808 4267 3554 1800 4030 1470 1019 3095 3789 2984  570 1207 3215 1280 2634  195 2602 2582 2722 3743 1596 2066 3672 2734 3309 4076 1997 3401  251 4562 4060  650   72  191
   89 3228 4445 3068   41 1150 3629 2137 2949  228 3255 3514 4597 4709 1497 1866 2773 2622 1030 1471  262 4750 2663 3841  160 1000 3592 2541 1255 1164 4098 4644 1332 2146 3666 3736  574 1106 4570 3072 2886 2321  173  275 2553 3788 1189 4178  956 2536  458 2684 2675 4258 1558  713 3828 1886  970 2507 1099 3909 2286 3563 2864 2475 4523 2523  185
  516 2575 1247 3340 2258  209  134 3470 4628 4204 2715 2114 2547 1422 3840 1986 1425 3981 4323 3422 2952 3723  816 2283 3146 3762 1346 2752 3274 3575  125 1192 3661 1194 2786 3937 2822  258 3716 1713  903 1275 1226  444 3368 4195 2190 1902 2457 4213 1677 2660 3706 1539  539 2857 4264 2419 4172 3646  818 3894 3811  304 2515  842 1537  882  645
  660 2385 1859 3485  554 4664  832  733 4059 2753 1914 4600  250 3276  520  762 1999 1878 2976 3353 1246 1021 1672 4422 4040  371 2270  294 3012 3458 2124 4611 3408 2333 1381 1639 3366  651 4164 1779 2982 3373  799 4686 3942  180 3533 1175 3520 3361 4169 3490 1854  624 4033 4583 4624 4253  344  501  105 3087 2203  828 3113  855 2948 1253 3097
  617 4300 3195 3399 3078 1860  521 3356 1675 1263 1032 2289 2086 2084 1577 1562 3319 2588  532 1893 2954 1278 3028 2464  821 1200 1384 4374 4527 2102 3071  595 2164 2704   71   81 1055 4609 1159 4335 4235 4013 4401  315  445 2034 2811 4183 4188 1351 3857 4430 1496   82  932 4217 3548  965 1295 3760 3746 3471 4201 4144  171 3929 2898  345 2624
 2919 2848 1168  700 2105 3876 1317 3795 2617  927 4698 2118  616 3804  176 1360 3143 2730 2446 1695 1991 1220  810 3817 4384 1098 4170 3731 2069  243 2748 1670  170 1653  254 3128 4031 1940 1389 1542 4274 1851 4487 1845 3323 2992   30 2035 1862 3380 3200 3263 2428 4196 2839 2695  161 1900 2087 4153 1905  598 1018 4482 1479 4517 3397 2495 4281
  703  123 3688 2626 2996  681 3239 1466 2716 2166 2342 4630  714 2558 2955 2846 1156 2417 1288 1719  494 1439 2751  603 2650 4055 3993 1085 1931 3426 3381  535 3456 3308 4637 2305 1530  981 3870 2699  406  291  789  914  550 2229  771 4150 3854 3650 3749 3918  619  562 4008 4094 3623  741 2082 3791  411 3037  388 3233 4577 3602 4358 4363 3371
 2013 3647 4254 2182  150  456 1516 3594  785 1881  664 2921 1617 3011 2420 4439 3668 2043 3403 3987 4534 3369 1094 1121 4266  519 2868  744 1464  313 4211 2256 1380 1420 1709 3785 1714 4695 2652 3635 2679 1757 2132 4640 1128  438 4502 1684  725 2580 4017   45 2020 3020 4001 2103 1171 3855 3750 2590 4228 3500 3634 1579 1297  155  395  631 3633
 3921 1899 2672 4343 4753 3245 4418  563 4714  872 1843 3609 3253 3529  510 1215 2714 4518 3159  230 3693 2254 1772 3626 2262 1524 4137  940 3298  193 2230 2546 2472 1141  883  164 2494 1193 3518 1027 4490  212  808 3748  793  588 4755 1399 2455 2671  172 4302 4444 1453 3164 2355 2001 2037 1646 2368  615 2421 4234 4142  412  791 4369 3837  260
 2185 2119 1945 2710 2892 1327 1923  902 1294 3545  745  415 3742 2351 4239  346 4746 2023  898 2301  950 2727 4716 3142 1867  223  896  796 4524 3131 2649   49 1271 2771 3873 4125 4554 4757 3270  928 3570 3300 2141 3379 4650 3053 4461  706 2057    3 1540 4360 2826  538 3423 1803 3156  977 1041  478 4218  188 1073 4605 3477 1011 1631 3574 3183
  455 3479 4361 1104 4006 2636  567 2007 2682  543 1081  858 4420 2933 2349 1424 1552 1732 2804 1533 4053 2071 3433 4268 4152 4365 4636 1435 1553 4111 1396 1025 1588  851 3406 4007 1405  114  151 1438 2089 1638 4331 1002 2322 4691 1155 2990 1518  350 1726  952 1447  182 3866 1689 2597 3201 3652 3243 2631 2431 2275 3350 4290 3946 3508 3467 1766
 4627 4475 2225 4715 3202 3596 3297 2108 2916 2977 4545  437 3335  126 1906 3586  368 1235 1574 1408 4590 2196 1160 4157 3906 2486 3066 2139 1305  659 3980 3960 1871 1987 2552 3275 1070 3432 2806 4588 2963  366 1062 2426 3405  931  293  226  707 4643 2561  663  917 2971 4146 3869 2437 3572 2796 1484  599   19 3221   44 1833 2747 2218 2366  961
 1635  788  179 1413  727 2369  986  175 1733 2538 2524 1891 2093  236 4484 3486 1877 2719 1756 3130  680 3799 3881    4 1606 1421 3783 4665 2152 2841 4304 3208 3246  511  854 2018 1864  848 3268 1409 4701 1953 4592 4641 3543  695 1637  922 2386  876 3332 4733 2876 4167 1963 2346  454 3741 4538 3826 1486   52 4759  475 3678 3862 4425 3103 1426
 3100  356 1428 2109  941 4740  489 3867 1509 2341 4440 2284 4018 1792 3219 1483 2316 1956  257  269 3966 1762 3435  486 3713 1051  534 1316 3928 2797 2899    8 4240 4449 3457 2145 4096 1042 2866 3775  168 2774 2149 1581 1481 1873 4629 2265 1911  266 2278 3568  955 3510 1046 4622 4163  129 3820  413 1101 2666 4626 2705 4437 1897 4315  309 3753
 2887  625 2522 3757 1388 3193 2551 2340  813 4466 2243 1339 4085 2847 4000 1446 2975 4565 1276 1907 2343 1069  907 2468  686 3944 1334 4728 1882 1075 2556 4269  899  483 1165 4061 4696 3671 3029 3585 4156 1828  841  912   79 3822  753 3580 4634 3544 4616 2015 2576 1177 1651  407 2799 3649 1894 1535  697  704  399 2211 2517 2904 3031 4209 1074
 3209 3116 4586 1790 4748  116  840 2168 2689 1151 1848 3231 2691 1397 2031 1431 2754  357 2161 3167 4410  962 2583 2758 3507 1901  373 3528 3774 2686 1687 4576 1508 3579 3000 3286 3414 3868   99 1994 3915 4136  939 4659 3691  442 2281  614 1556  214 2697 1287 4495 1789  983 1658 2508 1583 1356 3341 4097 2967  503 1615 1731 3278 3593 3140  247
 4706  835  784  296 2188  611 1386  968  353  971 3700  148 2696 3204  402 3887 2285  355  949 2163 1699 4185 4247 3827 2981 1604  347 1459 3910 1023 1729 1760 2236 4367 2216 1257 3858 2746 1925 2968 1998   33 3765 3355 3079  995 3701 1836 4333 4692 4009 4224 2947 2360 2025 2692 3210 3639  499 2521 3530 3065 1767 3069 2183 1361 3719 2925 3526
 1700 2264 3558  403 2269  504 4693 1185 2782 1179 2694  246 1333 3628 3314 3034 1122 1884 3803 2939 4107 2060 4223 2433 2413 2215 4419  234 3613 3236 1960  112 4632 2312 2936  675 2449 3452 3418 3088  140 3969  508 3992 4287 3170 4338 3484  207 1208 4453 4207 3782 2091 1248 3104  925 2308 1926 1720 2842 2000  698  685 3882 2895  220 1202  277
  934 3631  270  982 2288 3430 2789 1982 2603 3119 2072 3859 1394  244 1238 4242 3147  360 2873  306 3376  540 3831 1003 4078 4171  194 2865 2980 3890 1146  805 4501  326 4396 1056 1472 1565 2784 1382 2655 2441 4533 1343  930 4613 1816 3519 1329 2418 4075 2738  947 2787 4513 4521 2302 3161 1748 4729 3880 1847 1870  497  289 3434  559 2920 3751
 2690 4225 3796 2720 1959  696 4608 2064 3111  135 3606   87 4102 4126 4301 2227  391 1961 4474 2448  946 4282 1503 2367 1391 3829 1560 2350 2533 2398 2310 1636  893 3370 1758 2463 2922 4339 1322  747 2194 3611 3395 3567   29  923 1026 1358 4208 3289  221  308 1541 3136 3168 4571 1250 3726 3495   11 4089 1512 1797 2932 1236 3124 1440   69 4417
 4299   36 3786 1609 1289 2645 1350 2958 3468 1181  833 4618 1116 3556 2877 1427 1889 3792  349 4514 3320 1697 1501 3941  528  334 2245 2326 2041  224  433  380 3472 2267  684  639 2376 3505 2728 2879 4497 3715 4052 4403 3940 1188 1178 4054 4406 2429  766   67   10 4034 2790 2147 1374 1943 4212 2641 3761 3466  877 2329 1813 4370 3675 1400 3640
 2496 1461 2085 1978  984   26  103  739   75  963 4328  610 1500 2802  966 4416  885 4436 3129  208 2393 4601 2365  951 4567  467 1656 4717 2680 4202 2191  752 3386 2095 3705  147 1666  642 1776 2957  958 1217 1113 2640 4359  385 2674 4354 4584 2956 4510 4160 3264 2304 2096 2917 4086 2642 4346 2874 3692 3744 3962 3612 1107   96  189 4619 2723
 2532  358 3998 3139 3273  823   14 4389  190 2372 2502 2238  271 1277 2415 4069 3555 2549 3057 2778 3044 3374 2068  589 1825 4585 3162 1097 1004 4090 2792 3502 2334 4489 4035 4591  740  607 1028  892 1768 2744 3954 3810  115 3002 3483 1832 2006 2294 1078 1507 1256 1362 1678 2187 2400 3364 3014 1142  573 3115 3902 4307 2453 2998 3888  638 2772
 3589 4677 1602  541 1783 2627  895   56 4371 2855   38 1642 3549  583 2331 3913 2290 3045 3382 3175 2849 2703  343  542  417  742 2244 1265 1311 1964 4492 2544 1100    2 3535 4548 3895 1293 2573 4551  523 4380  944  305 4327 1817 4486 2075 3597 1049 3285 3462 1191 1745 4463 2607 4159 3090 2678  286   58 4330 4708 4029  889 1619  720 3926 3684
 3770  280 4645  924 2165 4516 3655  401 2983   27 1196 1796  587  273 3105 1657 1814 2198 1775 2510  422 3096 4550 2706 4071  351 3321 1231 4042 2578 3938 4705 2436 1499 1134 2447  439  803 2408 2029 3256  216 1115 4454 3963 3982 3801 4342 2122 4737  263 1702  933 4423 2250  526 1594 3359 3349 3118 2220 3933 1473 2505 3780  988 3821  394 3187
 4260 4275 1853 3322 2083 3773 3288 2375 1221 4021 3995 1547 3825 4251 4117  593  252 1300  915  644 1010 1480 1493 3015 4543 3244  321 4581 1834 2356 2745  943 2693 1676 1913 4135 1625 4712 1147 2961 4140 3203  647 1455 1598  581 4561 3296 3712 1586   91 4036  470 4070  425 4368 1429 2414  285 1174 4651 3389  878  761   78 1705 3041 4340 1568
 1711 2509 2896 4726  730  682 4606 4244 1698 4724 1526 4220 2465 3420 2299 1534 3610 1654  738 3540 4083  975 1296 2325  119 1130 2131 3003 2148 4329  518 1224   32 1414  233 1083 4138 2938 3662 4011 1741 1144 4428 1983  379 4022 2391  436 2276 2908 2853 2918 4408 2395 4180 1299 2383 3727 3315 4689 3181 2525 2180  757 3939  130  633 2293  452
 1120 3316 2586 1103 2995  104 1595  875 1050 3491  886 3763 3223 4421 4348  493   57 3871  641 3809  431  911 2296 4020 1082 4761 2821 3489 3292 3961 3896 3985 1132  517 2055 3211  765 3413 4566 2438 4504 1655  990 4404 3400 2162 2120   83 2403 1125 1686 2708  693 1996 4081 3551  866 1309 2635 4414 4479 2726 1610 4151 1183 1965 1038 3048  515
 2434 3299 1544 1491  666 1554 3063 2823 3108 4506 3595 1517 3607 4381 3476 2233 4051 3188 4646  979  814 2941 3214 1390  773 3732 3234 1791  847 2065 3657 2766 3447 4443 1417 3032   64 2181  146 2134 2011  546 2570 2840  265 1842 3267 4248  620 4488 2140 4199  735 4190 3482  748  711 2272  128  202 2477 2851  509 2765  302 4166 2127 2795 4544
 2698 1640 2604 4046 3653 3173  687 4452 3428 4556 2988 4313 2910 2568 1487 1379 1451 4688 3673 3814 4014 3001  834  582  646  138 1765 2856 2319 2024 4198 3017 4617 4079 4674 2535 3515 1325  255 4595 1352 1216 2825  794 4293 4681 1928 3033 4077  113 2519  580  310  565 2357 1929  976 3654 1336  555 2435 2953  545 2559 1376 1052 1502 1377  200
  606 3917 2047 2931 1430 3016 1228 1338 2155 4433 1912 3695 4056 3101 4660 1284 1831 3488 2318  802 2989 1477 3687 4210 1532 1550  307  471 3363 2647 2581 2442 4271 1593   54 1437 4088  649 1176 3237 3171 3637 3465  424 3665 2336 2623  874 4045 1628 1917 1589 1559 1728 4143 3577 3834 3453   24  167 3571 2781 2424 1903  292 1764 4245 2862 2579
 2550  476  498 1308 1815 3525 3122 4189 2516  630 3891 3813 4241 1673 2416  241 4431 3241 2126 3212 4549 3683 3250 2656 1158   92 1281  298 2454 2337  825 4446 3025 1662 2779 4105  311 2994 3339 4667 3542 3807  734  797 2212 1701 2545 4669 1799 2045 3469 1031 2785 1186 4615 3073 3587 1313 1444  634 1474  372 4569 1630 4552  253  676 1283 2667
 4631 3908 1989 3618 1233 2221 2257 3094 3682 2219 3180   95  496 1441 2253 2241 4460 1232 4357  361 2169 4575  392 1123 4320 3667 4481 2053 1291 3287 3378 2900 4026 3280 4279 2440  397 2099 2599 3008 3997  613 3047 3331 1016  758 1304  354 2479 1266 2962 1883 2199 2843 4690  336 3446 1865 1856  314 3424 3313  522 1143 2594 3573 1924  377 2128
 2411  960 1401 2249 4120 2005 1061 3463  916 4095 3148 4464 2563 4379 3354 4015  428 3027 1213 3886  218 4407 3694 1058  405 1007  556 1650 2394 2945 3539 2121 4450 4080  427  464 1434  441 2107 3974  468 4391 3852 3920 1357  787 1641  222 3800 3511  881  432 4139 1703 2482 3739 4230  370   37 1580 3317 2571 4736 1372 3860 4197 1504 4109  552
 1458 4649 4730 1549 3588 1423 2809 2476 1210 1916 3160 4277 3752 3632 1324 2177 2063 2136 3776 1921 2834 1393 2201 1489 1148  817  500 2688 1627 3978 4291 3492 2601 4699 1643 2511  999 3989  973  938  857 4106 1548 3949 2492 2972 4233 1093  636 1752 1022 1694 3083 1067 4341 1315 1212  240 4662 4028 1749 2951 1744  132 1683 1163 3216 4732 1780
 3054 4388  778 3494 3624 3970 4205 3013 1527 4087 3149 1536 4262 1320 1575 2630 1307  249 2816 2125 2159 4683 3696  127   21 4317 1348 4539 3039 3102 1696 3372 1008 3306 4193  783 1095 3169  564 1206 2481 3851   61 2252 2709 1988  408 2812  278 3717   34  162  387 2113 1985 4535  894  122 2810 1285 3473  905 4522 4104 3720  389 4610 3901 3249
  301 3324 4386   12 3461 2480  605  873 2973 3091 2392 4751 1849 4573 3620 2382 3676 2838 4216  450 1933 1572  284 1545 1563 2587 3440 2079   47  708 3357 3125  612 1591 4099 4485 3934 3523  473  820 2993 1948 4375  600 4472 1938  678  558 2445 4666 1850  328 4044 1259  374  831 3833 3722 3957 4702 4345 2205 3224 2562 3947 3311   65  798  229
 3474 2123 1930 3075 4229 1024 1898 1874 1707 4451 3948 4642 3605 1252  197 4478 4722 2906  145 3931 4697 4579  668 4604 2116 2067 3262 2459  276 3703 2129 3135 1616  717 1674 2585 4469 1802 3912  466  443 1950 3265 1017  609 4122  760 4465 2935 4174 1089  577  993  662  340 3150 3930   22 2009 3337 2592 1829  998  327 2540 4541 1170 2653 1243
 1822 1139  743 3766 1319 3070 3394  996 4376 4654 1919 2503 1469  819 2033 4074 4574 4194 3038 4741 3330 1735  533 3021 4603 3093 1812 3062 1811  154 1347 1585   20  844 1972  777    9 4557 3303 2217 4364 4483 1769 4321 1135 4429  242 1597 2875 2643 4084 1345 1784 4286 2422  856 3622 3838 1415  279  153 4324 3845 1981 2354  110 1223 1180 2902
 4719 2474  184 1869 2997 4347  549  809 3625  192 2044 4148 2324  890 1506 2560  701 1523 2345 2890 1066 3847 2794 3307  472 1126 4356 1773   86 2629 1826 4633 1715  339 1137  485 2606  755 3884 4582 3152 1249 2757 3767 2648 3522 3738 3536 3121 2038 4508  763   15 3081 4564   51 1576 4621 4661 2950 1368 2307 2577 3117 2620 1241 4537 3304  786
 2158 3050  774 1105 2078  300 4480 2497 1652  674  462 3480 1876 2179  749 1240 3260 2461 4470 3615 1080 4409 3258 2829 1272 3085 4255 3779 3077  601   43 2271 2854 2237 1331 4457 4292 1084 2292   94 1301 1040 4623  320  383 3023 4383 2174 2739 4232  118 2700 4685 2569  158 1680 2820 4526 2056 3429 3099 2940 1569 2314 4531 3566  985  779 4387
 4309 2014 2353 3892  918  426 2664 4184 2987  156 3953 4048 3487 1892 1807 1716 1059 2637  239 3950 2282 2361 4283 1290 3377 3638 2724 3702 1555  584 3086 3532 2470 4308 4511 4265 1793  691  729 1787 1908  656 2010 3769 4319 1157 4413  860 3404 2646 4002 4114  792  400  597 2793   84 2824  376 1195 3943  393 2208 2489  592 3390 1198 3725 2373
  143 3793  333 1218 1043 4467 3154  283 3056 2058  440 4238 3375 1621 3437 4393 4182  909 2665 3344 2460 1182 3517 2184 3904 4498  621 2471 2760  169 3367 1570  480 3022 1172 1736   73 1129 3914 1809 1777 4176 1909 1648 3927 3158 2002 4530 3127 4124  199 2030 2827 1840  378 1739 2213 2543  165 2639 1659 2965 4382  904 4037 3557 2427 4456 2761
 4039  152 1416 1337 2815 3790 4735  272 2960 3759 3010 1599 3478  446 2985 3137 4392 1364 1888 2872 1363 3144 1875  618    1   28 3449 1747 4536  623  245 3699  694 3689 2970 1020 1685 3347 3358  672 2379 2926 1668  967 2530   93  410 3427 2835 3991 1044 3885 2944 4529  448  669 3450 4687  181 4222  897 2668 2493 1838 4614 4214 4158 4760 2153
 2721 1880  384 2171 1613 4005 2701 3326  910  859 1199 3238 4476 3279 2081 1513 1607 3439 4635 4560 1140 1303 2251 3679 1086 2026   76 2491 2197 3955 2261 3431 3190 1688 2888 2100 2729  801 4743 3213 2452 1531 3302 1837 1786 4092 1341   50 4041  824 3005 3333 1669 3564 3996  569  667 4068 1404 4110  457 1310 3658  238 1465 4305 4250 1967 1153
 1740 3565 3578 1063  235 2605 3186 2501 1629 4653 3398  692 1634 1949 4123  163 2923 1076  382 4314 2737 2070 2685 1567 4025 4141 3294  699 2430 2080  879 4312 1445 1691 3552 4119  997 4679 3006 3060 1704 1039 1690 3903 1383 3388 2469 2309 2670 4032 1254 2175 4350 4500  936 2016  870 1753 3163 3499  137  891 4397 3425  512  505 3177 2396  869
  807 4528 4434 2032 3290 2850  767 3049 3328 4334 1645 2423  991 4580 1355 4471 3621   40  144 2614 1365  945 4438 4215 2111 2327  954 4050 3729 3387  671 1462 2741 1664 3714 1209 4192   18 1161 2979  571 4344  989  826 3342 4739 4512 3603 2328  322 3254 2061   17 2156 3396  719 2884 2929 1392  566  513 1340  474 2885 2004 4400 4332  329 4427
 2297 1846  419 2589 3176 2112 2389 4520 2991 1879 1109 2803 1805 2317 1857 4547 2565 2110 3772 4280 2008 3019 1819 4219 2380 1841 3794  312 1571 2567 3155  341  827 3360 1529  527 1590 1835 3630 1230  658 2625 2654 3824 1649 2498  920 3999 3945 2021 2232 4296 1771 3411  100 1190 2633 3232 2527 1403 1342 3965 2619 4540  568 2404  969 2915 4442
 2074 4349  290 3272 3619 2702 4010 3614 4652 2683 1712 1510  319 2513 3141  653   59 2777 3106 4747 2242 2912   13 1117 4532 4711 1037 1946 1952 1573 4147   90 3677 3082 2946 3089 3734 2914 2529 3608 2335 1371 2094 4227 1708 2348 3196 4399    6  919 2401 1419 1868 2621 2713  822 4027 1282 4284 1750  198 2042  702 3924 1520 1937  957 1942 1624
 4473  196 3711 1798 4259 2677 3455 3112 4187 1751 2725 1203 3503 2943 3206  578 1111 4100  490 1054  596 2291  124 1970 2986 1995 3740  492 3407 4256 1721 2798 1443 2173  524 1795 3899 1722 3644  880 4491 3663 3802 2311 2595  746 2073 2490  201    7 4727 2003  839 3192  187 2750 1005 2425 3576 4377 4398 2209 1794 4718 1830  769 3277 3165 1681
 2813 4720 2867 3419 3126  830 4607 2566 1449 3550 1267 1730  506 4655 1205 3227  256   98 1225 4154 4091 1219  604  237  626 2978 2260 4503 1954 3936 1944 3986  416 2189 3120 1934  640 3686 3864 3055 1286 3718 3074 2801 2837 4713 3581 2712  157 2999  908 2768 3444 3052 1349 1957 3145 2210 2800  335 4648 1091 2893 2027  871  627 3194 1378 2202