 1150 2254   95 2164 3928 2406  454 4485 2832 4819 3464 2500 3067 3628 2497  473  353  524 3994 3905 1638 3261 3437 2426 2777 1237 1498 4760 2713 2671   63 1252 3028 3201 2645 3166 3617 1460 4105 2380  451  518 2013 2579 2567 2182 2251  911 1332 1243 3554 4610 2282 2861 1342 4457 4885 2788 2338 4213 2541 2200 4074 1595  875   80 2973  710 3499 3284
 4119 1809 1290 4346 2398  408 3088 2071 4230 3881 3899 3190 3385 3557 2740 1523 3008 2963 3234 1171 3826 4594 1133 1068 4244 2891  310 1639 2850 3841 3035  942  868 4103 1411 4391  259 2009  104 3127 1173 4510 3903 1781 4452   11  177  653 2630 2202 2136 4563  996 1398  746 2530  299 4130  949 4302 4652 3714 4865 2246 4807 1934 1254  884  664   19
 2179 3268  399 2991 4140 4445  298 4162 4199 2998  118  357  694 1416 3165 2316 4496  415 2707 3124  991 2312 3379 3997 4013 4165 1893 2212 4005 2482  285  302 3784  790 2086 2583 2305 3906 2741 3933 3988 2974 2960 4775 1756 3173 1163 4463 3935 3642 2922 1548 1120  564  764 2239  436  271 3079 3309 2076 4362 3086  771 1944 3448 2520  251 2607 1338
  954 1753 1344 3389 4286 1551 1087 1232   78 2459  988 2856 4178 4254 3807 1219  220 3206  349  724 2103 3732 2512 3454 2002 2106  680 2721 3651 4622 1097 4804 1123 1675  347 1980  797 2945 1988 2817 3204 1552 4659  592 4030  796 1843 1330 4700 4357 4377 3116 4899  720 3212 4344 3366 2529 2187 4746  663 1193 2838 1128 4670 1658 3251 1572 3417 3496
 3068 4214  968 3921 3848 2781 4625 3467 2961 3213  343  308 1044 4627 3699 4794 1355 3353 2560  894 4021 4662 1152 4786 2085 4252 3112 1684 2220 1938 3176  959  215 2568 1860  599 1672   74 3664  744 2396 1091 4334  368  460  853 3751   41 1671 4699 3864 1946 3056 2766 1445 3505 1287 2637 2040  192 3742 2783  896 4550 2523 3278  457 2080 3930 3408
 1189  257  400  156 2317  607 1184 1331 3115 3555  591 4756  584 3263 4868 3247  560 2211 3033 4331  625 1867 1463 2702  450 2761 3118 2409 4495 4135 4411 3350 1713  152 4857  867 2895 4556  544 2795 4518 2812 1802 2138 4720 3318 4190 3426 3560 2413 4414 2923 1942  660  593 3416  725  433 4783 4687 1619 1370 4427 2036 2454 1479 3833   31 4891  202
 1994 4577 2469 2519 1960 3302  641 1080 2347 2490 1040 4090   59 3443  902 4336 3758 4384 2259  960 3009  566 3110 1279  339  577 2885  403  183 2014 4152  691 2242 2872 1110 1217 3748 1306 1782 3726 3567 3031  738  952 2853 3656 3752 3710 1550 4099 2026 4871 2113 1539 4815 1596  895 2364 4599 4243 2847 3879 1917 2160 1420 4370 2461 3241 3678 2772
  135 4813 3029 3420 4292  406 3673  286 1435 1587 3744 1274 4399 3345  317 3974  208 3061 1723 3304 4702 3995 3180 1337  384 2953 2774 2735 1480 2833 1821 4572  413 1419 1304  474 4781 2227  358 3300  849 2708 4466 3883 3274 2115 4829 3852 2408 3136  929  361 1093 1905   33 3706 1526 3131 4268 2420 4527 3513 2373 2339   21 3658  221 1089 3601 3834
 1175 1549 1524 2640 4649   68  122 3932 3172 3365 3439  981 4883 4224  914 1585  159 2483 3400 1612 1275 2505 4541 3357 3945  865 1779 2888 1230 1696 2574 3631 3624 1131 4616 1248 3961 4761 4015 4602 1267  157 3178  982 2004 3922 4122  531 1469 2194 4499  352 4567 2586   71 2167 2956 2214 2063 1262  626  811 1174 2693 4203 2234 4826 1640 3968 2677
 2100 2806 2349 1906 4071  414 4504 2752  971 2536 1778  484  669 4222 3715 1185 1632 2659 1350 1470 1395 2143 1281 1401 1147  817 2098 3429  113 4833 4791 3741 3765 4608 1719  928 2943  887 1264 3024 1952 1013 1604 4068  864 4776 4717 2897 4326 1949  237 1199  839 4640 4434  387 2272 1959 4267 2116 2736 3162 4360 2066 3109 4075 3521 1396 3101 3593
 4566 3082  230 3846 2876  327 4018 1075 1670 1399 3861 2174 4340 2027 2021 2376 2968 3661 4348 3924  410 1825 1494 1875 2315 1177 3709 3185 3219  346 4197 3634  144    5 3314 4724 1348 1780 3882 4643 1390 4054 1907  665 3812 2896  198 2223 3913 2428 2367 4531 4148 2060   47 3951  175  469  690 1339 1247 4382 1733 1368 1720 4487  340 3372 4864 2744
 3551  723 4102 2118 2068 4614  420 2510 1774 4096 1365  673  640 1953 1363 1586 3809 3288 1599   49 3066 1556  136 2854  513 3638 1795  980 1828 4109 4560 1366 1520  863 2333  823 1629 2456 4237 2045 4575  704 1688 2657 1924 4691 2107 4787 4664 1815 2908 2971 3867 4001 1751 3346 3609 4189  779 4805 1149 1838 1278 2092  369 3778 4265 4503 1789 4028
  897 2297 3986 1610 4728 3305 2800  493 1699 3430 2769 1529  736 3059 1565 2931 4595  258 4186  174 2784 1932 1620 4811 1864  334 3479 4337 1734 2559  909  881 4251 3898 2644 2177 3262 4201 2683 1069 4108 2278 1221  916 3418 3205 3511 3647 1475  223 2742 3686  814 3169 3973 2917 2918  637 4607  739 2255 4611 3150 2745  940  345  173 3181 3102 2353
 3084 3463 2572 3438 4583 3485 2346 3701 3829 3195 1448 2837 3536 1095 1098  712 3060 2477 1115 1415    3  102  803  280 1716 3411 4235 2610 1822  158 4431 2652 1592 3637 1272 3153 4655 1724 4845 1708 3795  606 4539 3689 4422 1204 1137  972  969 1732 2846 1034  341  769 4112 1984 1333 2906 3459 3544 2427 1117 2233 3395 4778 3813 3279 2576 3194 2032
  331 3363 1910 3488 4502  521 2265 4827 2987 2913 4806 1813 2524 1989 2684 3649 2880  465 4673 2791  163 3423 4446 2666 2362 2674  319 1963 1397 1468  743  722  459 3773 4861  685 3303 3002  841  760 4479 1154 1066 4060 4715 1242 1454 2628 1375 1022 4390 3224 4727  188  579 3356 4039 2615 2611 3404 1311 1607 4743 2397 3981 1456 1569  547 2150 4035
 4732  335 2840 1531 1284 1201 4396 4141 1298 1634 2546 1383  194 1783 2117 2947 3863  488 2383 4703  203 2626 2310 1192 2022 2298 4887 2647 3130 2820 2050 3455 2638 1626 2703 3708  908 3577 1966  753 3786 2354 2228 2443  643 4535 2826 4740 3046 1885 4480  777 4245 3047 4125 1814 1343 1850 2451 2907 2203  514  962 2883  770 1101 2944 4900 3590 2825
 4288 1882 4628 1602 4897  456 3633  749 3258 1140 3830 1659 4853 3425 4088 1951 3518 1664 2592  229 2819  603 1892 1346   89 1256  766 1674 4441 4757 2954  239   34 4785 4777 4354  870 2995 1686 2899 4321 3199 2357 2775 1669 2577 4127 2874 4061 4417  695  309 3730 1762 3808 1172 1532 2639  478 1544 1051 1412 3757 3587 1521 1255 2450  378 4284 2216
 1168 1897  116 4636 1589 3507 3892 1179 4886 4894 1352 4038  248  686 1714  831 2140 3542  782  659 3486   62 3671 4879 4779 3855 4062  992  254 2052 3814 4364 4711 1790 4342 2842 4508  552 3044 4182  189 3472 4708 3391 2720 1798 1130 2898 4369  935 1666 4838  475 2020 3672  799  891 2748 2240 2290 4184 2410 2444 1801    9  809 2206  740 2881  805
 4413 1835  759  787 2782 2414 3691 1457 3662  441 2042 2551 4022 3240  827  761 1160 1707 3523 3847  890 4410  196 2753 3092  442 4156 3419  146 1109 3160 4008 4843  128 1078 4166 1961 3728 3785 3695 2690 2472 2237 4017 2726 1868  121  537 1324 4210 2538 4514 2914 2327 4647 2101 2271 4774 2111 2955 3355 1642 1182 2834  109  529 2710 2385 2504 3845
 1978 3333 4285 3058   12  613 3831 3712 2573 1030  321 2152 4398 4683 1872 4750 3766 3412 3823 3636 1205 2051  883 3645 2061 4808 1846 2099 1923 2358  545 4590  439 1241  784 4772 4314 1597 3687  266 1472 3561 2802 1568  850  874  985 3971 1465    1 3327 1049 3216 3820 1718 2919 1625 4328 4295 4637 1630  667  618 3424 4618 3458 1517 1492  858 2418
 2319 2603 1431  631  636 3804  629 4116 4706  813 2328 1911 2730   91 3236  742 1553 4082 1043 1682 4019 4519 3959 3192 4672 4345 3639   81   20 3948 1309 4313  371 1126 2724   48 2306 4171 2629 3509 2868 1770 4007 1859 4263 4609 1649 2507 4306 3964 1437  284 1697 4844  396 1459 1000 1102 3877 1922  497  164  795 2044 1591 4562 3675 3227 4709 4465
  714 4876 2487  675  745 3151 4848 1826 1054    2 4688 4234  195 1291 3451 3269  217 4163  282  124 2475  833 3477  226 4534 1276 1446 1386 2727 3055 4086 2822  362 1239 2924 3223  666  520 4000 3293 4101 4143 1810 3334 3937 3476 4114  788 1125 1878 1015 3388 4875  171 3382 2627  681 3374  363 1887 3264  869 3836 4333 4613 2996 4841 4749  939 3764
 1563  290 1496 4123 1916  367 4211 2023 4363  155  542 4353 1996 3755 1453 3920 2653 1369  168 1680  647 4796 1920 4877 3802 2047 1829 1791 2029 1956 3570  624 2984  844 1114 2245  419  688  350 3873 3526 1737   30 1766   22 4471 3862 4675 3441 2580 4107  261 2543 3209 4155 3543 3078 4593 3674 3287 2797  703 3538  573 3727  476 4415 3866 3367 4712
 1031 1082 4193 3843  342 4456 3870 1387 3772 1026 3615 4714  463 2142 1280 3502  130 2648 1519  597 4078 3370  574 3762 3121 1797 2494 1644 1086 1925 4461 2270 4770  755 4271 3760 2598  516 1744  427 4835 4033 4408 1418 2104 1381 1425 3325 2244 2989 3768 1471 1405 1628 3050  431 1513 2445 2478 4053  539  322 4139 3291 2542 3655 4361 1076 4644 1527
 4557 2043 2787 4124 2485 2509 1301 1655  260  137 2048 3493 3123 3445 3456  633  470 3522 2168 3909 2417 4789 4303 1428 1455 3827 4397 3931 3865 4498 3620 2525  219 4863  937 4335 4223 3884 4866 2437 3405  878 3330 3501  674 4128  279 2300  246  543 1884 3436 2571 2072  820 2110 1606 1229 3793  994 1023 2983 2405  638 2018 3406  374 1618 1499  828
  452 3376 3208 1378 3422  873 2250 3341 1898 1251 3490  404 2049 1430 1207 3949 1799 4266  169 2503  822 2431 3311 3625 1562 4170 2121 2925 2476 2948  228   23 1964 2950 2382 3193 4179 2715 2378 1831 4381 3494  924 3140 4438 2303 1840 1641 2851 2458 4310 2545  699 3825 3135 1957 4412 2213  551 1100 3925 4059 3803 4571  506 3096  927 3739 3134  609
  295 4289  794 3064 4493 2873 4031 4250 4710 1008 2689 3114  125 1277  785 4146 4588 4697 3611 4538 2120 3623 1590  481  311 3447 4048 1754  145 3975  479 1105 4529  437 3295 3517 1450 4742  240 2670 2757 1816 3421 2990  416 1094 2705 3650  590 2575 1222 4379 1314 3581 4376  859 4537 2656 1377 1622  857  668 1881 4301 1259 1271 3431 1928 1755 2912
 3869 1393 4587  910 2119 3152 3552 3373 3080 2173  233 1372 4329 1236 4066 4290 3331 2275 4020 3378 2756 3433 2808 1899 3440 4318  482  332 4723 1900 3475 1444 2685 3508  383 3207 1853 4730 1995  449 3767 3444 1144 4281   17 1950 2495 1001 3923  963 2675 2249 1530 2210 1328 1458 4661 1186 2845 2266 1028  193 1208 4532 2455 1303 3818 2682 1564  801
 2663 2793  693 2108 4056 4505 1234 1389 1786 2440 1870 2909 3597 2441 4645 2372 1999 1958 2452 2130 2262 3989 3320 2875 3239 3317 2986  227 2723  756 2435 2552 3119 1449 4308 3132  184  682 1711  582  701 2737 2836 4719  861 1045 3817 1646 1584 1384 2522 3910 2711 2651 4483  832 4489  670 1871  366 4561 4394 1673 3779 1077 4133  231 3887 4283 1794
 1132 2699 2486 4012 3562 4091 1317 2734 1902 1282 4215  379 1827  234 4762 1289 4229 1347 1442 1345 4704  623 3525  648  491 1962 2839 1627 4225 2069  289 2411 2139 2324 4173 2460  781  499 3886 4406  754 3761 2400 4216 2198  507 4832 3210 3277 2605 4228 1538 3244 2236 4046 1668 3684 2464 1792  462  167 4576 2280 3549 3572 3565 1866  411 2204 3856
 2145 3643 1913 2095  958   26 2096 2780 2561 3432 1112 3659 4372  376 2361 2714 4459 4638  847  923 2658  409 2526 2792 3093 2515 2855 2276 2195  492 4842 1573 2767  920 4525 4136  912 1340 3965 3547 3626  501 3969 4846 3230 2801 3747 1769 2091 2965 1394  941 4041 3117 3474 1547 1265 3226  855 1165  765 1856 4731  225  559 4482 4893 3524 2126  356
 2547  467 1135 2000 1909 1876 1974 3298 3220 3186  983   32 3316 2591 2447 4042 4164  443 1441 2340 4157 3844 1503 3591 2977 1474 2582  569 4366 3001 4617  265 3519 2676  966  936  204 3005 3217 1943 1404 1839 1621 4198 1727 2704 1645  854 2988 3228  444 4280 2132 3842 2225 3640 4338 4092 2375 2025 3860 1777 3036 1266  602 4437 3800 4551  662 3120
 2175  147 3908 1930 1731 3159 4542   94 1886 4350 3352  921 1467 3104 1134 2391 3629 2814 4079 3688 4386  534  438 1316 4648  948 1466 3713 3403 1214 1891 4767  989 3371  187 3030 1654 2688 3750 1609 2722 2081 3916 2172 1508  445 3267 4195 3095 1142 4476 3720 2293 3042 1749 3733 1053 3242 4094 3534 1567  917 3012 2799  938 2600 1240 3535 1297 1648
 3979 4634 2967 1270 1836  698 3383 1703 3722 4343 4319  652 4641 2680 2394 4248 3792 2594 2366 3483 3648  610 3677 1904 3515 3409 1689 2186 2058 1250 1364 3745 3319  995 2368 1901  975 2694  212 3666 2798  477 1073 1537   42  977  373 4818 3041  866 2827 3938 2088 4093 4200 3516 4181  913 4073 1636 3184  810 2807  620 1335 3911 2078 2587  277 1570
  709 4098 2053 2976 2401 3569 1235  393 1257  696 1717 1351 4825 4246 2940 2288   29 1231 3958 4692 4448 4194 1323 1726 4810  856 2602 4052 1367 4095 3942 2770 1106 1238 4682 3705   92 1701 2513 1812  526 2821  263 3281 3032  390 3361   98 2342 4490 3164 1012 1371 4129 3510 2750 3954 3237 2805 3297 2218  423 1979  395 3098 2432  877 4404 4188 1990
 1546 2558 2462   53 3107 1847  535   52 2927 2162 2749 4660 3788 1566 4578  517 4172 1611 1535 2555 3167 1017 1741 1258 3850 2696  835 3723 3797 2301 1413 4293 4873 3667 3652 4430  386 1873 4269 4227 2163  840 4374 2884 1986 1218  301 1919  448 4681  182  587 2097 2149 3840 2997 3415  944 1321 3183 2436 2929 1224 3700 4814 3103 3679 1036   39 4598
 4784 3770 4809 1379 2867 3144 4737 1118  139 1357 1473 3566 2247 2302 4543 1427  412 1260 3081 3039 4629 2329 2959 1983 3595 2295 3670 3805 3471 2686 4174 4677 2848 3369 2433  726 3914 3888  851  651 1019 3872  370 1261 3354 2862 4256 1560 1973  397 3470 2286 2508 3724 2191 1329 1796  548 2083  186 4533 2762  687  418 2114 1965 2743 1170  494 3197
 3218 3838 2308 3943 2754 4274  957 2377 2531 2001 3927 3142 3011  556  728 2055 1407 3260 4067 1295 4070 3977 1834 3984 3614 2589 2554 2370 2348 1500 1146 2341 3776 4435 1757 3980 1806 4003 2678  678  191 1764 1090 4680 4239 4036 4585 1858 1183 1690  498 1874  293   90 3996 3481  222 2318 1484 3885 1315  976  649 1263 4400  276 1443 2879 4322 3466
 4330 2412 3232 1903 3653  583 1502  486 1616  955 3606  216 1650 2471 2667 1514 3692 3394 1029 3301 4149 4667 3321 4077  511 3575 1761 2267  509 4002 1057 4735 2304 2517 3074 1653 4478 2299 4790 1823  141 3749 3621  961 1103  472 2402  838 1452 2599 1107 2016  594 2692 3171 4279 4153 1561 3955 2090  747 2089 4858 2147 3351  645 4373 2277 4145 2166
 1750  567 4403 2169  889 4089   44 4716  650 2785 3329 4773 2687 1083   14 4763 3497  798 2356 1715  510 4462 1336   66  354  161 1894 3087 1939  114 3553 4733 1203 4069 4217 1931 4323 3990  148 3627  806 1605 4220 2151 3221 4596 3122  154 4696 3057 4247 4273 4287 4546 1228 1656 1166 2889 3290 4249  862 1833  522 3343 4849    7 3108 1908 1122 1728
 4332 1429  899 1695 3791 4491 4860   35 2548  119 1305 4120 3901  898  679 3014 4418 4656  523  176   96 1406 1322 3588 3019  394 3155 3048 3546 3283 2345  126 2635 3384  105 4168  893 2789 1507 2190 2399 3187 3769  201 4830 3489 3265 3016 2614 4115 3248 3051   87  918 2620 2613 3619  129  964 2181 2865 4605 1145 4006 2751 4027 1202 4558  275 4898
 3368  434 4324 4536 3062 4212 1410  388 2617 4603 4494 1436 3342 1288 2700  151   37  589 1497 4515 2932 1583 2760  575 1613 4741 1042 3435  401 2323 2325 4840  262 1181 3875  291 4591 2920 1601 3313 3681 2165 4642 2015 3364 3480 3071  776 2429  627 4010 1283 3328 3457 1705 3243 2393 1588 1608  671 4260 2363 1929 3315 1941 2641 1063 4694 4104   82
 1421 3816  306 2609 1046 3734 1660 3718 3434   38  429 2241 4426 3550 1002  382  107 2144 3349   25 4100 3347 1296 4792 2425 2067 4257 1735 3589 2134  727  852 4824 4522 3956 4698 4738 3023 4606 3004  316 2863 3286 2506 2384 1793 3876 3578 2232 1603  314 1725 2729 4764 2261 1504 1912 1752 3602 1614 2804 4169 3273  508 1197   97 2176  619 1244 4705
 4513 3085 2343 3851  392 4828 3580 2709 2070 3660 2309 4206  134 4555 4847 2958 4526 4530  307 4639 4385 4191  906  365 3179  446 1722 3113  772  608 1543 3360  946 4523 2588 2829 3100 3783  555 3126 4111 2655 1388 1880 1788  435  283 1896   54 3669 2263 2719 3106 2636  561 1310 2595 2386 1765 2491 1971 1139  905  206 2379 4416 1598 2811 4207 1830
 3894  253 4161 2434 1010 1736 2256 3697 3461  601 2350 1292  292  360 4365  272 3754 1061 2633 2235  106  846 3608 2292 2544 3077  304 2569 3200 3465 2381 4085 2608  997 4892 4432 2818  615 3698 3936 2291 1849  825 3839 3468 3604 1055 3491 1746 2360  344  205   16 1211 2706 3775 4275 2934 3139 4854 1223 2921 4793  391 4488 4081 1935 4803 3819  504
 1820 2556 4650  716  487 1136 1683 3145   99  527 2392 3896 1268 1285 3177 4454   13 2269 4619 1760 3940 3630 4713 2287 2073 1862 1138 1748 3076 1155 1081 3070 2841 3386 4159 2882 2773 3099 2933  536  294 1771 1528  245 4646 4300 3168 2625 2763  903 2926 1400 1216 3853 4889 2037 4034   86 3690 2778 1113 4755 2755 2003 1191 3094 4439 1227 3174 4298
 4548 1730 1927  586 1190 4747 2857  180 1555 3271 3163 4375 3900 3738 2514 4547  458 4802 3045  236  830 1489  677 1032   56 3889 4270 2539 3233  836   73 4516 3582 1167 3663 2046 3735 4110 2528 1354 2537 3618  426 3396 1647 1811 4798 1014  741 1487  762 1426 2902 3539  120 2146 4428 1151 1712  752 2359 4872 4219 2184  532 4158 4512 3644 1542 4106
  287 4253  871  213 1740  945 1392 3015 1998 3781 2403 3500 2480   57  422 3326  735  268 3939 2975 1577 2901 4540  402  654  424 1633 2860 4633 3246 4315  455 4294 3270 1889 2321 3790 3571 1210 4433 2351 3944   67 4137 4601 4097 3336 2273 2516 3912 3811 1016 2758  697 3828  143 2243 3972 2768  711 2279 4004 1575 1981 4795 1119 3006 3801  885 3891
 1111 4380 3387 4134  737 4693 1024 2993 4657 1852  255 2492  730 2992 1380 4736  461 4202 2057 2260  111 2852 2215 4232 4665 4455 2739 1651 1079 1937  495  860 3038 2936 3013   51 1059 4797 2355 1327  503 2584 3072 1600 3559 3133  471 4666 2209 1096 4349  715 1987 2621 2941 4859 4831  639 4449 4880  774 1522 1464 1993 3504 2911 4147  767 2374  515
 4121 4782  138  821 1861 2183 1432 4834 1423 3259 3857 4011 1805 4621 1677  550 3401 3083  466 2809  380 2449 2562 2866 3449 1582  330 2810 3613 2764 2946 1356 2094 4569 3693 1784  818 3821 1021 3897 2957 3991 4612 1245 1678 1721 2786    6 4177 3324 2622  242 4317  512 3275  381 4167 4788  907  616 4579 1483  218  826 4443 2264 4131 3238 1246  845
 1975  115 2864 4299  572 1220 1698  541 1159 4058 3725 3530 4745  842  780 4453 2886 2518 2314 1772  563   43 2448 3957 4297 4896 2197 4231 2549 2170 1970 4180 1048 3021  793 3410 4261  417  947  190 4087 4464 1353 1541  925 4233  232 2831 3506 2534  672 4473 1895 1169  731 3694 4497 1818 4768 1804 4383 1461 3987 3622 3731 1476 2407 3282 1052 1253
 1533  150  628 3020 3680 3682 4051 4748 1176  646 2823 3332 4890  407 3902 2887 4187 4192 4734 2332 4468  768 2606 3203 2127  979  684 3323 3446 1072 3358 4016 4822 2369  998 4663 3753  622  110 2815 4744  244 3492 1832 3607  337 3495 1738  719  812  700 3089 2430 2467 1997 4869  546 3849 2017 1088 3537 3934 2488 1493 3198 1359 2137  872  689  554
  385 3111 1433   40  734 2125 2900 2109 1855 2813 3308   88 2196  692 3141 3053 4486 3154  568 4341 4241  931 1511 1518 2949  468 4024 2564 1739  101 2695  464 4895 3919  886   75 4520 3478 3915 2843 4072 1921  558 3503 2668 1382 2153 4559 3407 3999 2039 1594 2830 3348 3952 4442  598 2207 2141  578 4467 2252 2601 4545 4444 2980  876 1926 4564  661
 1074 1299 4676  355 1676 1178 1038   70 4392 2208 4721  978 3414 2535 3832 1447 4320  273 2565 2129 1273 4816  595 2698 3746 4025 3292 4355 3340  224 1226  612 2489 2438 1439  576 3322 2012 2484 1360 1158 3603  642 2344 2285 2828 2128  900 3498 3231 2612  581 1879 3460 4080 2624 4084 3527 2054 3880 1763 4690 4751 4347 2915 2326 3789 2978 1506  570
 3018 4726 3362 2161  915 4678 4358 1313 4277 2596 1525 2010 2501 3125 2087 1092 2124 3737 4500 4325 2557 3771 4407 1180   58 4474 3586  377 1967 3704 2632 2578  149 1775 4175  596 4850  329 4183  721  713 3966 4040 1067 3225  778 2470 1070 1294 2388 1743 3252 1576 3654 3255 1617 3289 1414 2335 2466 1837  207 1047 4836 4029 1225 1481 4032  325  405
 4026 1679 3600  557 2155 1486 1776 2011 1954 3763  538 3868 2007 4421  267 4205 2502 2157 3381 3774 4351 1945 2590 2294 3299 1702 4668 4492 1195 3310 4196  178 1667 4837    4 1848 1064   93 4506 3175 3393 1116  326 2893 4436 4754 3540 2422 3871  530 1883 4238 1863 2416 1307  364   36 4447 3146 2185 2421 3453 1559 3528  571 4458 1536   55 2496  751
 4470  200  950  297 1011 2746   76 1665 3189 4387 2192 3993 2661 1020 4752  336 4262 2616 4501 2038  133 1488 4632 4352 1643 1992 2942  967  644 1417 3128 1857 4142 3344 2844 3598 1033 1704 4679  108 3462 3890 3182 2550 1349 4521 3380 4821  153  425 2439  580 3918 4296 2465 3780 2135 4684 1157 2776 2074 3696 1509  305  421 3970 4429  970 1657 2532
 1787 4654 4671 1661 3359 4718 1691 1710  634 3312 3794   64 1819 4240 2371 2712 2999  702 2030 4739  210  323 4630 4553 1877 4389 3027 2034 3711 2231  956 1212 4151 2221  934   15 3878 1580 3967 1554 1302 4419  440  984 2423 4023 1312 1004 1249 2330 2226 2154  717  359 2481 3596 1729  300 4780 4565 1361 4258 3960 4653  250 3798 3963 1215 2796 1768
 4055  707 4063 4584 4291 3017 3338 4878  318 3717 2623  757 1376 2105 3953 2581 4707 2765  611 3222 4154 3992 2928  328  348 1209 2759  705  312  604 4620 1869 3090  800 3904 1758 2307 3514  656  792 3229  313 2229 2320 3985 1206 1440 3719 2665 3148 2219 2870   60 2284 3978 3037  338 1747 1164 4371 4208 3235  758 3799 4586 1482 2217  533 2395 3683
  170 2732 2296 3777 3707 2102  932  676 3266 2938 4009 4218 3202 1153 2463 2222 4729 1745  783 3402 4856 1099 2499 1955 4852 1403 4509 2311 3926 4725 1663 1320 1269  540 2005 4356 1085 2079  269  502 1767 2982 2479 1495  389 1143 2937 2981 4405 4766  123 2493 1624 1969 1773  247  252 4472   50 4573 4581 3612 1845 4851 4701 2892  658 1631 3427 2672
 4839 4870 3452 4759 4221 1977 2077 4045 2253 1198 3137 1501  775  430 4799 1018   61 3573 3998 2199 4460 1056 2065 1156 1593  372 3487 3272 4144 4511 1516 3075 3822 2131  802 1035 3191  926 2858  892 1824  773 3073  296  843 4367 2733 4669 2122 4309  990 4150 4549 1851 4276 3893 1341  165  763  256 1200 3787  708 4855 1408 3482  791 2457  199 3859
 2969 1124 3049 3398  197 1385 1540 4600 4862 3512 4160 4765 3665 4368  249 2835  617 1188 2093 4769 1808 2171 3257 1915 1161 4378  100 2803 1693 2389  655  315 3895 4604  804 3729 1424  211   46 2631 3721 4450  974 2654 2697 4528 1391 2337 2540   18 1127 1579 3835    8 4311 1325 2905  489 4685 2871 4554 1681 2979 1318  919 2597 4722 4597 3390  999
 2180 3473 4242 3556 2877 3759 4049 2062 1623 1007 1300 3907  733 3583 3069  922 3594 2972 2283 4185 1121   85 1148 3211  209 3158 1422 1039 4409 4359 4882 2681  605  930 1991 1373 1545  943 1003 4451 1402 3564 4388 1187 2082 2008 1914  519  585 3599 1434 4264 3007 1308 1948 3702 3568 2824 4423 1005 4259 1844 3815  278 3950 1574 1615 2916 4771 1841
 1842 1972 4689 4589 2718 3256 2133 3065 3254 4047 2679 2964 1694 3641 1865 3138 4867 1062  264 1362 1985 2064 1084 2890 3668  172  718 4118 3657 4339 2158  351  480 2424 4888 1692 2985 1358 2771 2248 4812 4524 1976 2453 2404  750  815 1557 1817 3000 4631 4126 3307  117 2725 2024 1041 4881 1319  179 3188 4272 2498  505 3605   69  288  834 4544 2123
 1982  729  901 2387  181 2951 2056 4316  904 3253 4874 3245 3563 2604 4817   27  786 2650 3574 3983  496 1888 4570 3034 2313 2994  274 3941  243 2570 2028 3616 1890 2084 1050 2553 2738 4477 2442 1581 1141 2336 2258 1334 4758 1947 3250 3043 3579  635 2446 4568 3339 1009  808 3276   83 2566  588 3063 4753 1578 4615 1706  320 3610 3157 3280 2188 3736
 3685  953  398  447 2281 4507 3592 2334 2268 3976 2365 1025  270   77   28 1785 1006 3716 4402  748 2701 3541 2970 4282 1510 3635 4424 1477 3917 3756  789 2201 2415 2662  483 3375 1662 3824 4401 4304 4674 1451 2331 2031 2643 4236 1515 1293 3025 3294 3105 1194 4481 1286  166 2352 3854 2006 1233 2148 3450 3428 3806 2717  706  553 2468 3215   24 4658
 3584 4574  888 1800 2634 1438 2033 4138 2790 2716  281 1478 4635 3010 2059 1505 3003 2156 4057 3054 2112 4695 3946 2205  993 3149 2238 2646 2019  241  657 3874 3782  185 1742  428 3558  882 4204 3545   45 4064 2747 4083  549 2390 3052 4393 2935 3743 3646 3214  614 3392  528 2563 4044 3632 1687 1635  162 4517 1058 4043  880  333 1065 3531  807 3249
 1162 3147 3413 4651 2533 1685 1918 3703 1854 1462 1803 4132 2649 3306 2794 4469 3335  732 2618  490 4307  500 2939 1933 3399 2816 3858 2474 2869 1490 4037 4113 2257 2903  973  142 1060 4327 3484 3529  485  103 1512 2585 1104  132 2193 4626   84 2779  621 4884 4209 4801   79  565 2673 4580 3810 3947 3469  879 1637 1027 3532 2593  127 4226 2159  848
 1807  562 3022 1374 4278  829 4425 2664 4176 4624  933 1968  375 4820 2473  986  600  303 2849 2041 3520 1652   65 3296 3548 2910 2527 3196 2930 2035 4582  965 4800 3091 3143 2289 2274 4823  112 3585 2878  632 4014 2859  131  630 2189 3740 3929 2691 3676 1940 3837 3040  140   72 3796 4592  432 2521 3097 2894  235 4312 3156 2224  238 2178  324 4686
 2728 2952 3285 4076 1108  214 4484 4420  453 2962 1759  683 1196 3576  951 4255  824 3129 1709 3161 3026 3337 3962 1326 4475 1936 2619 3170 3377 4050  837 4395 1491 4305 1409 4117 1571 1037 1071 4065  525 2511 2669 2966  816 2322  819 2075 3533 4552 2660 1700 3442 4440  987 2904 2642 3397 1129 1213 1558 1534 2230 1485 2731  160 2419 4623   10 3982