 1113  674 3030 4763 2963 3981 1996 3493 3116 3494 3029 4084 2890  412 1397 4166 5030 1603 3027 2373 3254 3835  316 2951 3660 1785 1749 1690 1373  628 4176 1521 4722 4959 3087 2223 2853 1664 1112 2151 4913 4127 3247 3669  877 4665  223  771 3851 1086 1001 2597 1258 2535 5016 1849  465  549  568 2238  375 3138 3327 2446 4839  502 3184 3980 2573 1145 1634
 2936 1156 3454 1445 4346  217 4675 1881 2495 4086 3724   20 2065   45 4626 2324 3429 4168 3616 2361 4012 4047 2926  866  625 1100 3404 3410 4403 2094  589 4754 2655 1862 4160 4459 1712  956  639 3794 4098 3458 4536  436 2480 1951   56 1428 1997 2812 4704  332 1509 4520 3192 1163 4288 4290 3012 3023  383  314 1363 1090 1389 2204 3267 4326 3059 1399 1376
 1073 4249 4761 4659 4434 3690 3373 1298 4071  941 2467   21 4992  230 4244 2161 3886 2648  115 2569 3992 4455 1006 4003 3974 2399 3836 4911 4747 3833 1054 1204  494 3077 3303 1344  462 2040 2217 4319 2600 3789 3479 2473 4740  102  888 1245 2481 3420 2934 4721 4811   44 2580 2547   25 1538  318  422 1554  924 1121 1850 2200 2054 2039 1702 4070 2895  873
 1111 2540  647 4345 1550 3485 2631 3076 3423 2964  768 2244 3051 3270 4134 1070 1970  222  520 4366  387 2286 2949   27  255 2984 1831 2747  792 3487 3904 2876  192 4819 3282  921 3384 2696 3042 4044 4801  276 2506 3829 4546 2960 4119 3819 2911 2723 2296 2492 4813 1889  827 4408 2073  860 4023 3072  826 2870 2052 4062  539 3214 1239  118 3330 3972 3234
  511 3870 1464  306 2681 3292 3588 2053 4594  906 2459 3727 1587 4782 3581 2424 2022 1176 1476 3973 3142 1663 3871 1310 2784 1865 1877 2009  991 3174 3290 2058 4829 3265 2831 1279    4 1552 1984 2071  632 3693 2761 3916 4904  786 3450 3468 2773 4386 2066 1819 2572 2083  644 2221 2806 2832 1270 2929 1500 2202 2556 4215 4218 2289 3329 4428  482  824 4616
 4946 4922 3126  676 4749 1262 2385  219 2813 1407  761 3407 2781  936  895  904 4641 1807  879   41 3788 2647 1442 2821 4730 2866  929 4511 4875 2653 3991 2940 2522 1260 2740 2273 4923 4757 3095 1449 1463 3490 2315 4087  887 3194 4074  234  162 3590 4007 1923 4014 1161 1771 4759 1541  892 2045 1243 1515 1191 1241 1333 3729  961 3539 4935 4323 4260  343
 1687 4983 2620 4570 2198 4500 1224 2029  985 3608 2115 4190 4603 4677 2403 1863 3704 4948   75 2678  834 4638 2883 2719 4879 4984 2519 2683 4126 2043 3413 3305  984 2117 2241 3602 4929  980 2865 2339  203 2472 1114  933  699 2527 2441 1352 4466 3285   78  949 2146 4230 4083 1906  104  592  726 3634 3341 1426  197 3442  548 2287 3772 3167  618 2795  715
 2797 3965  137 4498  734 1068 4802 4174   24 4031 1679  209 1138 4394  976 2632 2783  524 2159 1828 4371 2945 1723 4226 3171 4374  424 2575 2517 2509 4430 1809 2724  615 1726 1768 1658 1750 3917 2907 1988 1300 4745 4743 2771 4332 1981 2258 1485 4871  972 1854  652 1023 1792 2749 1233 1350 3795 4442 1938 3798 2256 4844 2250  668 1058 4100 3044 4886 3122
 3648 3766 1829 3514 3432 4141 3848 2248 2854 1710 1786 1360 4831 1684 3542  382 3680  818 3720 5004 3311 3381 1080 3692 1533  160 3708 1998  901 4317 2464 1250   87 3862 3002  731  177  854 4368 3935 4806 3393 1096 1744  527   94 3498 4529 1648 1536 1614 1022 3759  365 2811 5023 3771 3746 2717 3499 3650 2889 2782  806  778 2879 4301 3940 1529  967  664
 1677 5031 1315 1948  338 4022 2357 4473 2511 2505  273 4680 4999 4342 2615 2452 2776 1192 4322  435 1767 2173 4648 3894 3317 1147  304 2219  556  835 1005 2746 2128 3412 2741 3816 4353 3464  437 3276 3291 3797 3963 3200 2297 3837 4501 3804 2574 1597 2673 1922  701 1473 4392 1275 1962 3937 2402  381 4542  374 1157  718 1398 2990 4706 1837 1437 2689  663
  292  173 3253 3756  472 4635 1195  624 2371 4718 3218 3312  169  915 3075 4080 2558 1968 2211 1810  572 1609 4429 4512 2147  990 2721 4195 2133  108  682 4027 2767 3213 1134 2079 1051 3598 2209 3664 1212 2126 3889  432 4846 1421 4034 4175  551 3509 2733  620 4725  526 4330 4712 2261 3440  131 3960 1868 3528  172 5018 3691 2904  970 4709  233 4700 4920
 3876 1818 3443 3529   50  171 3033 2334  416 4321 2095 2937 4566  815 3209  882 4094 4715 1443 4200 1974 3453 1563  254 3892 1160 3399  541 4912 3169  848 1833 3682 1748 3350  159 4040 1137 2356 3913 3896  913 1958 4315 3636 1481  291 4495 4898 1087 2329  198 1466 4379  179  930 4096  279 1989 4211  784 2000 2120 4505 4444 4078 4972  261 3275 1162 5034
  999 2078 1480  136  503   40 2613  376 4963 3618  547 4522 4830 4582  584 2641  753  812 4296 3698 3456 2642 1304  733 1269 3638 4577 1941 4145 4069 5011 4356 1823 4865  152 4630 3041 4157 1761 2933 4196  354 2249 3020 4897 1498  995 1489 2004 4825 1599 2326 1549 3217  360 2790 3640 4469 2302 1901 1285 2753  100 2275 4025  532 3996  896  574 4225 4076
 2618  953 4580  952 2824 1928 2212 3605 2800   95 3671 1582 3104 3639 2715 1403 3430 3734  129 1123  770  550 4515 4325 2680 4170 1982 3037 2283 2894  849 4113 1007 1900 4661 2143  785 3271  391 1296 4519 4011 1342 4036 3274  688 4187 4311 4443 1589 2674 1911 1927 4590 2750 2624 2752 2304 1959 2425 2229  803 1789 2582 3175 3082  363 1734 4885  454 4860
 1032  220 1072  397 4899 2498 3665 2030  693 3086 1218 2778 1225 3762 4265 2734  379 3614  747 1217 4856 1799 3281 4221 2772 4057  925 1331 1694 1980 3046 3900 4491 1851  613   71 3190 4016 2646 1264 4988 2852 2301 3643 4682 4060 1286 3226 3284 2306 2803  154 1893  242 4079 2049   92 1791 2191 2444 4634 2899 4735 2748  881 4398 4966 2897 2435  775 3722
 4843 1967 4118 2840 4132  174  837 4615 1486 3842 4513  774  110  809 1046 2338  630 4388 1741 2643 2105 4575 2901 4463 1577 3540 2728 3964 4987 1947  469 4081 3112 3298 3154  193  959 4143 2587 1203 1359 2015 1606  619  703 3653   54 4578 1126  359 3236 1059 2617 1618 2649 4246 3345 4780 4329 4359 4486 2796 2493 4155  825 3260 2176  570 1840 2450 1798
 3159  161 4162  817 4276  616 1357 3094 4558 2316 1251 1561  796 1946 4381 4122 2478 3661 3367 2758 2563 1619 1524  525 1518 4649 2415 1115 2430 1257  156  821 1131 4318 3108  874 4783 2972 2352  408  963 3301 3681 2432 3336 2910 1367  284 3586 4485 4206 2257 4509   33  683 3903 2760 4938 2735 4670  673 4399 1966 3544 1714 1520 2988 4147 4584 4973   69
  164 1720 2682 4993  196 2504 3480 2210 2347  357 4224 1482 1770  124 3109  356 1178 2118 1322  706 2503 3832 3193 3143  380 3067  262 3408  499 2777 2593  232 3673 3457 4873 2510 3741 3710 1284 1268 4537 4784 1671 2830 3827 4410 2008 4618 2622   16 3592 4223 3948 2350  823 1803  531 4623 3237 1531 4639   98 2893 1586 2468 1661 3579 4416 4810 3178 4232
 4002 5007 1904 1940 1986 3911 4257 3931 1503  362 4112 4827 2742 1380 3257 3663 2097  814 4927 2884  132 2502 2987  736 2222  140 4560 2552 1885 1226  600 4385 4123 3201  657   88  489 1237 2695  586 2829 2455 1777 3382 3473 1763 3309 2663   13 4165 4093 4493 3090 2544 2036 1647  935  750 3063 2900 3599  658  157  730 4693 3624 3036 3914 4425 3989 2277
 1843 4655 1983 4986  430 4183 1382 2524 3103 1760  793  103 2953 1325  297 3576 2603    5 3165 3084 3621  293 3610 1934 2518 1976 3563  286  587 2353 4547 2199 3674 3635  225 4099 4974 4294  732 2416 2271 4633  783 4059 1425 1079 2955 2460 1560 4640 4148 4373  855 3478 2956  420 1173 4703 2226 3163 3750 1914 3302 2471 4270 3332 1159 4756 1334 1182 1872
 2458 3957 2991 3656  846   99 4199 4523 2102 4592 2268  401  878 1876 4624 2919 2654  450 1222  167 4191  910 1277  275 1919 2614 1409 1075  669 1510 4001  373 1490  153 1930 2077 4397 4470   76 2477   15 2713 1961 2360 4613 3160   28 2662 3097 3161 3564 4995 4492 2902 3520 4823 2507 2003 3508 4662 1595 4188 3897 3958    8 3189 4605 3096 1292 3546 4696
 2272 2050  267 1484 1124 2098 4010 3055 3118 4355 4308 3132 3747 4539 4795 4171 2404 4058 2026 4439 4295 4524 2921  111 1653  282  869 1109 2363 4487 4785 5029 2419 1078 3912 1936  143 3091 3839 1453 1440 1891 4400  927  642 4494  213 2299 5024 1003  655  455 2743  969  201 2034  227  133  622 2623 4312 4576 5005   53  950 4870  498 3982 3679 4530 1790
 1420 3755 1576  426 4765 2625 3562 3572 1824 2487 1491 2948 3548 2292 1522 4305 2989 1213 4612 3446 1686 1836  481 2698  604 1370  945 4772 4387  884 4120 4954  252 1598 2996 3380 3316  566   49 2138 1878 4690 2411 2382  398 4502 5019  320 3467  274 1896 3326  680 3255 1144 3628 5036 2874 2819 3335 3300 1040 3334 2871 2549 3646 3411  325 2420 1020 4331
 2526 4517 3130 2482 4349  361 1547 3511 3707 2046 3749  742  975 2835 3901 1535 3320 2769 4535 2739  709 1037 2528  690 1822 4845 2692 1801  189  485  350 3713 1640 4041 4177 3183  937 3709 4894 4048 3389   61  321 4092 4666 3277  251 4933 4716 3040 1505 4407 3489 2190 1979 4453 2601 4521 4382  366 2488 3127 2007  567 1198 1036 2881  648  280 3045  309
  711 3879 4744 4474  459 2288  537  697 1410 3793 3740  144 3433  239 2627 1492 1255  421 1815 1355 1698 3806 1055  764  714  451 2280 4150 3066 1460 4787 4281 2501  864 1493 2818 4833  868 4997 2794 3185 4233 5000 3754  278 2548 1925 3121 3196 4106   23 4357 1309 2099 4758 4212 4751 4401  965 4419 4942 3416 2135 2282 1188 3139 1555 4689 2659  542  611
  671 2525   83 1704 1622 3202 4101 2534 3482 1208 1196 4750 4910 1964 3117 1709 3884 3942 3697 2626 3854 2089  407  859 4061 3552 3531 3775  183 1470 4480 4867 1937 3047 2799 4964  113 1765 2172 2017 2293 4611  816  634  210 1808 4447 3369 3355  554 4752 2408 3702 4601 4457 1179  329 4413 2377 2014 3569 3471  319 3781 1316 1220 1132  583 1860 3907  635
 1978 1612 1735   90  865  149  135   39 3968 3337 4508 2070 2018 1468 1351 2981 3890 3181  438 4278 2500 1356 2546 4067 2330 4797 1682 3251 2119 4907 3019 3953 2515 3522  256 3114 2278  612  962 4204 1012 4868 1330 1553 1396 4097  518 3115 2562 1423  944 4350 4647 3401 3764 2016 1184 4039 4527 1817 2088  128 2291 4738 3017 2437 4525 3571 3536 1730 4286
 3987 3949 4861 1052 2843 2531  285 3838 2521 4775 2218 1796   81 3510 2107 2494 1943  651 2372 2021 1456 4543  305 2270  857 3649 4375 3354  951 3526 1688 4037 2290 1628  461 3105 3032 2718 4950 1650 3943 4581 3587 1246 1247 4256 2576 2224 2920  569 4483  182 1280 3503   91 1656 2943 4185 2788 2298 1305 1327 4259 1826 4617 2317 2295  982  215 3597 5013
 4339  523 4064 1973 2686 3799 4555 4821  168 4851 1336 2342 2581 3083 1457 4585  766 3625 4109  563 1918  677 2599 4020 3527 4269   10  597  235 4510 4573 1526 1488  441 2690 1402 1149 4637 3541 2179 1673 1122 3474 4229 2457 1211 3205 4777 2722  155 2922 2976 1189 2917 2703 1991 5039 3936 4075  268  119 4415 4055   14 1446 3476 1548 2114 1368  141 5040
 3825 1091 3491 4468 2780   57  458 1892  270  508 1728 1632 4263 3246 1700 2828 4217 1724 1615 2265 1148 3607 1692 3477 1015 4258 4919 1135 2629   32 1999 2397 2384 4729 2877 2708 2011  707 1668 3924 2116 1772 4241 3422 1848 2607 2679 1388 2063 3388 1890 1600 4302 4209 3869 2595 3802 4358 4156 4932 1825 1781 4645  960  101 2759 4791 1572 2994 1261 1691
  653 4602  399 1633  150 3286  840 1626 2737 3182 2215 4651 1153  446 2201 3867 3644 3743 4197 3149 1727 4154 1248 4676 4287 4561 4985  313 4643  510 2082 2405 1756 1495 2165 4506 2327  327 4915 1347 4902 4824 2442 4559 1039 4598 2508  194 1413 4990 1556 1703  942 2439 2665  509 3459 3655 2041 1205 1405 3557 2536 1871 2072 1715 4140  729 2343 2702 1475
 3245  358 2564 2947 4029   34 4553  943 2875 2756 2670 4569 4853 1066   84 3120 3207 1990 4161 3102 2770  741 4514 3206 4691 2672 2192 1575  649 4026 4931 2225  298  708 4406 2194 1514  372 1649 3148 1103 3362  902 2736 2584 1169  127 1957 3813 4313 3140 2846  475  603 4951 2312 1737 2755 1324 4881 2538 2463 1219 3297 4628 2962 1708 2924 4697 3620  238
  916 3866 4556 1387 2426 4354 1697 2367 1816 1034 1312 1152 5033 4937 3859 1532 1759 3721  310 2084 3668 2827 1657 2448 2080 4460 2193 2124 1430 1866 2136  303 4243 2553 2196 1341 3651 3129 3052 3630 2930  738 3984  575 4565 2791   43 3706   46 1660 1751 2020 4404 4606 2765 1175 4996 2284   72 3339 1585 2809 3448  908  487 3951 3060 4032 4465 3419 1272
 3025 1566 3000 4497   36 3551 2308  813  608 3504 1584 3034  125 1969 2594 2451 2913 4178 3578 1950  516 4746 1519 4380 4499  609 3414 3240 2974  315 1462 4235 3173  665 2410 4622   29 4203   96 3600 3089   31 2868 4254 3853 2111 3349 3723 2731  467 4674 3043 4814 1631 3386 1308 3463 1273 4658 3993 2130 3535 3439 1608 1764  713  258 1166 1933 2174 3561
 2667 4186 4107 1045  522 3910  287 4731 1636 4781 3168 2621 4384  460 4686  483 4941  561  348 3846 4855  923 4574 1558 1882 4013 3232 4481 1802 2850  900 3018  336 2598 1581 1303 4201  607  724 2051 3048 1611 2305  400 2633 3647 3805  105 1638 2183 3550 2880 4960 1956 3431 1916 3849 1683 3585 2644 1110 2235 1026 3868  296  512 3372 2935 4776 2355 3818
 4526 2993 3652  493 2712 2578 1235 4976 3219 3449  456 3396 4807    2 4364 4667 1729    1 2583 3222 2566 2351  748 1736 3694 3567 1252 4475 3768 1313    3 4967 1847  187 3325 4788  369 4033  479  903 1994 3609  599 3538 2348  260 4440 4289  756  997 3831 4770  576 1416 4681 2514 1266 3224 4644 2366 3695 1537 2388 3348  341 1295  789 1805 1374 4298 4572
 1064 3583  749 4707 3606 5038 3824 2591 4660 1852 2995 1465 1571 1870 3728 3280 2602  443  606  735 1879  473 1897 2260  226 2611  626 2497 4742 1504  871    7 3314 2370 1472 3778  591 1288 3893 1383 3843 4826 2445 4687 2234  464 3792  188  417 2067 1762 4741 4914 2087 3406 2181 4472  347 3645 1779 4673 4228 5025 3262 4214 3204  211 2470  917 4314 3525
 4619  496  585 4117 1623 1545 3227 1395 3497 2849 3666 4261 1290 2841 2837 3331 3008 1987 3507  686  631  495 2422 4130 2676 4804 5032 4936 2640 3021 3988 1008 3880 2927 4091 4335  691  996 2666   73 2252 1753 3038 1354 2160 1992 4231 1494 3370 2896   30 4753 1418 4604 3392 3712 2113 1731 3730  195  395 3024  601 3151 4479 2239 2551 1165 1207 2952  200
 3050 1993 2184  506 1601 4949 3244 1855 4766 1193 1821 3107 2178  610  654 3299 4411 1874 4395 3211 1242 2454 2294  540 4874  955  928 2720 2857 2885  808 4903 2421 1282  757 4077  698 1905 2810 4818 1238 3847 4739 1281    6 2318 5017 2550 2400 1125 3347 1975 4089 1681  836 3899 4252 2668 2869  107 4409 2687 3162 4121 2227 2433 1747  245 4892 4737  958
 1263 1049 1375 2423 3532  911  419  199 4275  277 3315 3279 1299 1568 4669   89 4424  109 2449 4571 2856 1390 1564 2973 3472 4836 3594 3758 3817 3053 2096 1902 3119 2636 2971  986 3111 3356 1512 4695 3719 4153 1610 4210 1784  120 2166 4300 3100 1168  922 2532 3524 3007  428 2706 3366 2431 2588 3152 1187 3425 1093  311 3883 1154 2109 4004 4562 2892 4193
 3502 1227 2396 3677 4458 2274 2694  241 3310 4504 3736 4975  283 2285 1228 1952  830 4365 1742 3944 1098 4090 2170 2652  646 1592 1758  468 2358 3769 3338 3560 4837 3461 2967 2484 2822 4277 1594 4433 4840  596 3864 4953  914  404 1000 3113 2833  486  385 4850  328 3923  289 1766 3170 3850 1707 1888 3757 2483 2106  767 3906 3221  617  981 3959 1234 2804
 4344 1496 2612 2859 2309  248 2247 2792 1065 3061 4021 1419 4189 2375  839 3427 3632 1232 3220 1701 4144 3932 4887 2320 4841 4049 3604 2873  802 2789 4503 2716 4131 5015  384 2144  798 2093 1231 2704  448 1444 2028 1038 1773 3278 1183 2129  909 3978 1740 4471  138 3732 1221 3549 3377 4008 1559 4146  763  403 3783  745 3390 1859 4052 2815 1630 2579 1775
 3767 3986 4583 4928 2101 4095 1077 3812 3203 4310 3272 4391 1319 1929  148 3452 4414  598 4532 3307 1415 2323   12 2236 1525 3398 3005  231 3995 5001 1965 4173 3979  581 2169 1944 4702 2858 4998 2968  253  898 3436   64 1721 4307 4528  433 3519  185  954  439 2867  312 1667 4272 1910 3435  760 2609  692 1379  406 4859 1116   59  762 3016 3856 2944 4631
 3009 2516 4334 2961 4773 1130 3001   47 3872  863   93 2264 2002 3803 2982 4139 4035 4194 2139  559   65  737 2177 1013 2378 2751 4956  114 3146 2530 3826 2738 2182 2025 3782 1358 3703  243 4835 2466 3379 5035 4518 1106  623 1431 3180 4242  339 3791 3786 3447 1680 4333  490  856 4390  769 3428 4006 4538  344 2389 1755 3773 2560  116 3637 3093 1406  810
 2787  696  271 4610 3801  558 4965 3933 2407 3785 4694 3997 3197  117 1955 1229 1607 4877  190 4111 3003  392 2462 1811 4895  497 3198  740  679 1004 2157 2839 1346 2688 1845 3375 3715 3228 4262 3573 3822  334 3216 4110 1289 2418 4133  678 1133 4876 1338  517 2387 2975  973 3014 1155  236 1646 4748 3249 4402 3603 2337 1306 2137 3845 4621  946 1674 4377
 3409  829  478  758 4448 2842 2559 3287 2590  983 3374 3085  667 1085 2657 4726 4341 2253 4564 1019 2834 2245 1499 2055 1642 2231 3333  700 2024 3475 4533  553 4489   70  378 3186 2959 2086 1782  207 4717 2898   22 4629 1899 3577 2311   86 1366 2148  641  521 3134 3633 3807 2851 3938 1210 3815 2228 4327 3820 4253 4198 4551 2661 2279 3241  723 4991 2281
 4158   42 3057 1076 3521   79 2711 4053 2276 1386 2335 2427 4393 4054 3559 4711 4005 2950 4734   11 4437 4250 4958 1271 2206  477  402  717 3179 1307 3495 3376 2684 2914 2499 1230 1471 3106 4728 3323  528 3711 1616 3830 2985 4812 3921 1814  739 2606 1685 2645 5002  712 4266  918  791   26 4838 2104  978 3324 4432 3445  165 1151 2675  301  722 3364 1317
 4769 1477 2033 1774 4608 3543 1695  897  687 4115 4435 1240 3613 4222 1094 2610 1297 2154 3568 4589 3852 1985 1907 2754 3319 2205 3215 2365 2729 3976 2542  390   67 2110  794 2325 3150  754 1454  989 4888 1569 1620  994 1102 3675 3231 3177  804 4462 2529 2825  345 3790 2863 1746 3962 3558  899 3999 1063 1954 3360 3223 4672 4309 4625  633 2725 1665 1422
 2656 2489 4208 2491 3909 4550 3352 3128 2555 1838 3145 1088 3400 2836 3737 3212  800 3342 4701 1544 2669 1479  288  636 1002 1567 2701 3658 2103 2925 2336 1060 2939  957 1659 4417 3466 2619 3455 1689 2931 3891  594 1995 2570 3296 1467 3486  842 1381 2520 3814 1624 4854 1669 1265 1434 2037  670 2918 4181 4924 1343 3361 1365 3823 3925 4652 1400 1596  557
  577 3930 3250 2401 4452  746 3784 4255 2322  249 4102 1057   38 3144  720 3022  728 4271 4042 3147 1433 4650 3941 3895 4627  629  934 1318  126 2513 4167  250  538  797 2168 1670 3153 3313 4103 4764 3434 3966  396 4918 4866 1778 2267 4347 3421  367 3878  905 1053   66 2474  872 4872 1921 4205 4019 2969 1142 5027 1436 3383 1139 2726 1539 1523 2149 2707
 4184 1551 2027 4620 2916 1517 1197  979 3056 3492 4351  776  471 1644  257 2485   17 3079 3642 3977 3683  819 3705 4968 1172 4236 1857 3735  491  765  560 1839 4971 3385  123 2412 4274 2882 3387 2213 4552 3612 3328 1501  640 1459 2888 4018 3667 2465  221 1451 3738 2586 2062  988 1693 2333 3078 2131 4568 1089 3748 2634 5003 3753 2545  377 1293 2992 4863
 1027 1861 2035  705 4636 3950 3858 4710 3700 1259 1302 3990 1291 4544 1014 3809 1713 4789  300 2523 2108 1719  695 3591 3028 1429 3259 1340 5022 3946 1438  656 4732 4456 1320 4962 3662 3882 3513 4438  545  772  484 1143  434  466 2638 2539  449 3035 3580 4179 2978 3725  514 1411  787 4264 2486 1666 3745 4989  571 4609 4699 3395  850  573  799  536 3918
 1267 2031 3533  907  513 2391 2092 4282 3283 3622 4213 2732 1543 3761 1949 1629 4273 1256  974  452 3844 3774 1696 3975 2434 4921 1834 4306 3264 4905  939 1104 2838 1745 3099 1894  240 1190  324 2112 1177 1800 4848  685 4880 3346 4172 1583 3554 1627 4727  445 2763 2571 2406 4192 1146  394 2125 1128 3070 4930 1199 2150 3266 3530 1062 2447 2691 3593 4343
 3523 1887  529 4418  920 1676 2635  844 3031 1573 2076 4554 3885 3394 3927  781 1301 2059  431 4085 4389 4135  853 4832 4684  340 2232 5008 2012 3269  555  147 4207  266 4251 4360 4336 3242 3403 2023 3617  858 3074 4692 2074  543 4216  106 3985 1652 1140  993 4285 2887  938 4383 1348 4805 2156 4426   19 1033 4461 2171 2090 1886 1705  515  847 2589 3424
 2413   68  237   85 2983 3239 2986 1215  474  530 4982 3417 4441 4820  427 2243  832 4579 2906 3961 1621 2081 4600  330 4464 2038 4299  175 1061  689 1095  966 1276 4340 4220 2362 2848 3689 2844 3952  891  971 3092 4297 2414 2237 4654 3071 3699  565 2592 4852 1841 1804 1593 2164 1353  777 4540 2100 3874 4901 4065 3229 4291 4484  759  178 4405 3304  206
 1511 2383 4352 1364 2744 1895 3293 4024 2240 2710 4720 1732  158 4151 3905   60  290 4149 1483 1461 4980  862 4557 2823 1361 3460 4883 2141 3505   63 3631 1835 1385 2409 4671 2254 2259 3238 4369 3672 2928 1953  833 4724 3627 1776 1043 1186 3026 4138  263 4431 2019 3166 2543 2443 3261 3318 1450 1565  968 2512 2700 3553 1546 4496 2314  992  272 1050 1912
 2816 1926  638 4051 1641 4422 4372  184 1883  780 3359 4869 4736 2393 1392 4900 1844 2469 2263 4507   74 4947 4891 2140  779  418 3777 3054 4248 1706  244 3945 1031 3481 3678  163 1337  216 2180 2779  335  684  588  519 3811 4755 2757 4534 4790 3575 3415 3437  440 1244  725 2428 1150  204 4906 1141 3248 2395   51 2802 3295 3378 3902 4779 4063  265 4842
 4668 2379 3828 1562 2162 4477  307 4030 3438 1873 1617 1651 1194 4593 3098 2461 3556 4164 2496  331 1915 1812 4328 3841 2132 4338 2374 2344 2175 4362 4778 1223 1672 1534 3441 4889 3123  323 4363 1738  112 4267 2134  166 2341 1932 2801 4124 2310 2345 3004 2872 4082 2061 1287 4467  122 3611 1214 2798  660  229 2188  876  415 3623 2541  429 4917 4105  368
 3465  998 1378 1458  414  831 3726 1349 1858 1542 2195 4849 4878 4045  822 5037  349 4159 3158  743 3469 1371  590 4476 4280 3659 1441 3717 3865 3744  281 4685 1035 3208 3199 4939 1329 3888 1209  889  501 3308 2727  409 4136 3039 2998 3397 3565 3368 4056 2826 3288 4017 2307  912  886 2954  295 2490 4293 1637 4970  534 2319  442 1408 1328  867 4632 2554
 1417 4733 3898 3654 1011 1067 1528 1654   77 2313 1578 4977  582  492 2044 1117 3426 1497 1487 4808 4896 2999 1645 2091  637 1754 3402 1787 1432 1321 4378 4858 4348 3256 2152 1092 4642 2970 4237  851 2475 4128 1254 2946 2658 4767  894 1236  317 3584  885  932 1602 1056 4227 2332 4884 1797 4857 3357 2565  593 3763 4238 2376 4768 2145 4450 5041  142  614
 4864 2705 3101 3752  453 4240 1527  425 1853 2605  151  838  388 4698  302 3363 2891 2163 3582  719 3684 2608 3780 1579 4303  308  807 1332 2905  322 2155 2568 1391 3929 1743  595 1201 2208 3555 4925 1326  710 1041 3939 3919 3615 3068  580 4796 4548 3483 4588 3969 4792 4688 4719 3371 1372  702 1314 2745 1097 2394  861  444 3926 4488 4799 1780 1274 4125
 1783 3484 4284 4809  931 3861 2923 4482 3243 1846 1412 2958 1711 4142 4957  480  602 3157 2807  940 2013 2805  205 3488 3351  964 1478 4708 3263 3947 2878 2908 1502 4595 3955 1788 2932 1842 1082  788 3062  883 2980 1294 2479 1099 1171 4597  533 3915 3733  661  476 2685 1963 3920 3065 2768 1604  500 1362 3073 3714 3751 1427 3971 4423 3353 1920  181 3124
  212 4490  463 4114 4182 3136 4893 3340   37 2660 1718 2941 4219 2639  333 3954  845 2386 3688 4478  627 2346 4678  423  134  246 4549 1384 1830 1414 4847 3821 2328 5021 2664 2047 3306  681  410  202 1202 2048 2331 3534 4944 1557 2966    9 2561 2817  977 2189   55 4815 2861 1474 3137 1200 2429 4969 2533 3141 2630 4945 5010 2122 2056  544 3172 3011 4066
 4000 1794 3133 3225 4137 3570 4088 2775 2793 2390 1590 3934 4152 4009 1180 2359  228 4324 1401  843 4793 4454  145  337 5014  811  326 1447 3444 2979 1513  801 2158  948 4361 3289 2903 1029 1752 3566 2349  121 4683 1435 3294 1127 1028 3840   48 3716 4108 3273 1455 1107 3258  139  890 4050 1311 1048 4786 4771 3064 1869 4320 2262 4116 3013 1018 3080 2417
  875 1185 4451 2233 4803 2774 4646 1875 3687 2567 3860 1164 3496 3770  214 1717 3155  488 4955 2557  820 2069  389 2764  721 3131 3512 3863 2699 3518 4279  716 1017 1047 4234 2909 1508 5028 1083 2730  755 2577 1722  505 4591 4545 3545 2269 3462 1084 3010 2845  579 2242 4449 1369 4376 1452 4163 1377 2912 3855  564  218 3321 1170 2064 4653 2651 3595  562
 3506 4816 1643 2380  269 1009  224  507 3252 2596 4656 2671 1917 2766 4828 2010 3928 4015 1394 2187 3875 2785 4531 2121 3956 2167 1335 3322 4283 4245 3195 3983 4679 3537 1323 4367  650 4979 4268  146 3405  621 3765  371 1795 1506  457 3718 4316 1129 4890 1108 1639 2709 4239 3657 2915 1793 1439  351 1832 3808 1820 1105 1174  947  355   97 3922 2762 1025
 1469 2862 2392  186 2997 4800  926 1903  744 1081 2068 1206  176 3776  504 2032 2697 2855 1030 1613 3233 1769 4596 1101  782 3176 2616 2440 3887 4926 3739  552 3589 1393 1725 3998 3800 4104 1806 3015 3049 4396 3110 2251 3058 4563 1118 2255 4587 2847 1939 3344  413 3696 3470 2085 2886  386 4370  666  130 1757 4614 1605 3641 3877 2300 4934 1044 4909 2127
 3500 1813  546 1739 4916 4774 1864 4657 2864 1909 1507 1016 3343 3796 4663 1136 1074 2381 2368 3686  299  191 4981 4834 2436  987 4822 2808  447 1540  828 3629 4337 4705  535 2814 4794 3125 3210 1574  645  841 1733 3069 3676  170 2965 2637 4961 3230 3081  852 1971 1635 4943  805 3517 1253 1119 2001 3268 2321 2453 2585 2216 2207 2977 3619 3235   82 2476
 2246 3515 2340 1024 3596  795 1249 3701 4292  919 1699  578 1120 2398 4798 1588 1448 5020 1655 4723 2714 1625 5026 3501 4586 1977 1404 2042 1424 1856 1591 1867 4446 1345 3742 2938 1339 4028 3187 2860 4046 1972 3685 1216  672 3626 4202 3156 2142 2220  353 4129 3857  659  342 4713  751 3881 4421  208 4567 3191   62 2123 4304  880 4412  773 2942 1278 2006
 1898 4908 3574 1908 1530 4169 1570 4952 4043 4427  352 2537 3601  704 3516  364 3731 1924 3834 4073 3135 4436 3391 4978  790 3967   18 3994 4762 4180  405   58 2677 2153 3970  727 4664 2075 3451  694 3547  411 1960 2197 1580   52 2354   35 1913 4068 4607 2693 3358 3670 4072 1678 2203 3810  870 2303  643 1010 3365 1884 2185 1880  752 2820 4420  247  264
 1827 2456 2214 2628 3088 2650 1069  393 1071 4247 1931  346  259 1716 4714 1675 1021 2266 3873 2186  294 3418 5009 1662   80 1042 3787 4599 4882 4038 2604  662 2057 2364 1935  180 3006 3188 1283 4940  605 1181 4817  470 2438 4994 3779  675 3164 2957 4516  893 4862 1158 2005 3760 5006 1942 1516 1945 4445 4541 2230 3908 1167 2369  370 5012 2786 2060 4760