 1763 1517 5179 4930 1966 3028 3263 3809 3898  788  910  239  909 1456 4834 2800 4845 4767   59 2124 4252  334 4711  660 1635 1771 3959 1261 2538 5050  444 3106 1737  803 3192 1258 4303 3072 2398   37 2678   63 4882 2656  370 3804 4111 4346 1937 3382 3322  482 4386 1602 2050 4018 1392 4195 2213 1147 1899 1688 4170  996 3958 4076 4977 1139 4226 1309 2681 2900
 3688 2766 2083 2243 1345 2008 1437  994 3917 4186 4986 2323 2477 4513 4860 4296 2063 2234 3844 1950  930 3047 2686 2439 2146  833  589 3465 4055 3612 1198 2352 3136 3442 1089 1242 4295  160 3860 4978  309 3814 1005  138 1486 1053 1379 1833 2436 4179 4919 5051 3282 4747 2544 2598 1163 3996 1094 1341 1529 2155 4235 4570 2465  929 1420 2273  980 4038 4991  941
 4162 4571 4121 2747 3386 1974  997 1310 1118 4129 4423 1016 4426 1610 1471 1149 4289  949 1219  682  452 4558 1691 3055 3701 3893 1591 4733 2671 4945 2852  747 4916 1745  441 3063 2705 2834 4281  846 2992 5075 1114 3833 3221 1308 3953  286 2388 3929 3694 2516 1495 1383 1235 4212 2126 1744 3516 4840 2661 2927 2521 2567 3559 2648 1134  383 1854 3035 1768 1274
 3226 1497  211 2887 3094  456 3337  627 5147 3203 2131 4639   75 1399  283 4552 2508  861 4348 1856 2936  193 1813  964   99 1997 2228 2871 4984 4918  563 2831  608 4975 2492 4885 1882 2217 2190 3877 4345 4308 3730  519 4230 2707 1815 3043 2662 2121 1789 5010 1843 3129 4004 4217 1500 1703 2328 1926 1858 1921 3105 3324 2078 4655 2404 3922 3599 2173 4470  362
 1710 4150 1624 1778 4367 4140 4613  251 1010 4698 3746 3909 3341 4994 3759 4392 2614   92  106  928 1157 2417 1028 4064 4684    4 3193 3522    8 4864 2258 5063 3489 2848 1852 2269  724  689  751 1238 2188  539 2649 3360 5124  146 2585 4231 2009 4842 1389  243 3665 4680 4218 1372 1524 2946  958 1409 4832 1615 4477 2975 1059  248 2759  890 3780 3716 3091 4797
  328 1167 4378 1374 3614 3187  716 2486 1718 2262 3397 3422 1210 3354 5149 1697 4009 2500 4691 4233 4928 4097 1346 3961 4342 2357 3480 2461 2030  177 5115 5058 4135 4719 4979 4464 1380 1822 1531 3544   58  293 3260 5184 2753  894 4086  594 4432 2783  314 3474  349  760  628 2205   97  389 3039 3859 3742 1333  537  366 3054 4933 3652 1791 2769  926 1074 2214
 3787  641  905  987 3125 4891 2518 5142 1904 3134 3901  570 2393 4608 4763  240 4576  331 3575 2582 1080  158 2943 1385 4148 1479 2222 4452 5047 1606  275  948 2139 1526 1422  757 3062 1036 3543 2387  616 4403 3938 1015 2879 4092 2895 1761 1091 4507 4446 1972 3378 2734 3456 1648 1361 4541 1354 4326 5029 1384 1846 5112 4040 1003  125 1008 4496 2161 3123 4732
  979 3000 5181 1532 4194 2157 2046  852 5178  329 4627 3050 4327  712 1121  514 3717  620 1419 4622 4960 1120 4068 4997 3355 1413 1681 1628 2484 2318 2876 4328 5004  645 2257 3554  743 3596 1476 2490 2047 3843  228 4015 3721 1533 3169 3483  838 5033  775 2338 4479 3914 4394 3057 4555 2997  250 4581  191 1671  585 3318  936 4082 1738  790 1173  540 4798 2418
 2542 1104  706  835 2035  412 5144 3102 4232   47 1607 1044 1232 4286 4036 2374 3264 4759 3303 4766 2791 4693 2575 3947 1540 4512 4316 3164  113  895 4180 3396 4836 3840 4247 4756 4115 3191 2653 2473 4657 1946  183  710  164 4383 1660  773  923 3572 3805 1832 5143 1739 2264 3937   69   88 3252 4259 1651 4070 2510  615  814 4209 1999 1760 2938 2689  726  257
 3566 3980 1733  698 3076 4862 3179 2311 1185 4833 2012 3084 2814 4702  763 1171 3906 5153 1704 4026 1056 4007 4614  778 2399 2858 2437 2373 3948 4638 1054 4019 1390  231  619 1585 5022  129 2779 4942 2174 4445  816 2410 4734 3165 1396  508 5069 3936 1358  321 1567 3597  302 1206 5159 4855 1960 2855 1255  267  273 1924  445 3955 2645 4594  735 4694 2106 2298
 4205  845 5085 3943 4291  978 1213 4967  195 3854 1793 2326 1944 2209  346 5027 1943  497 4610 2368 4058  903 5146 2474 2829 4712  639 5097 1349  626  908 5067 2041 3903 3314 2268 4430 2996 2735 3683 5091 1571 1543 1404 2240 1536 2862 2120  591 4749 3957 1589 2395 2714  858  945 5081 1705 4591 2838  561 2828 2469 1328  752 4649 1535 3007 2383 3029 1068  854
 3540 2408 4754 3270 3790  212 2339 3778  411 4619  719  494 1013 2527   60 2406  443 2626  320 2569 2600 3097 4599 2806  925 2507 4667 1799 1519 3124 1250 2237 1693 2141  748  301 4605 3767 3290 1186 4145 2123 3655 3517 3494 1976 2736 4483 1982   68 2242 4428    3  911 3640 3887  999  396 5009 2353 2801 4239 4794 4187 4395 1746 2728 3758 3501 5158 2177 3970
  297 2278 3176 5148 3487 3919 2192 4376 2511   29  697 4010 4143 1360 1716 1831 3367 1881  107 1192 4751 5171 1177 1135 1848 4874 4906  306 2250 4062 4943 1611 3499 4049 1552 4872  529 4818 2755 3610   22 3983  593 3826  381 3725  281  917  951 2244 4368 2457 2613 1314 1287 2471 1154 5082 4253 3630 1225 4577 2191 1381 4440 1475  932 1407 4774 2890 1436 3945
 4982 4268 3795 3810 1123 3435 3429 2713 5018 4788 3753 2428 4502 2628 2467 1405 2042  374  595  230 1403 1569 2193 4999 2700 1825 1445  986  292 4374 4837 3073  718 2476 3685 1444 4263 4173 1400 4958 2463 1189 3302  939 2557  974 3820 1874 2220 2367 1093 1332  985 4460 2336  493 3159 1686 3441 2125 2990 5055 1557 4954 2113 1952  683 1722 4206 1096 4615 2304
 1144  847 4596 1528 2317  781 4215 1945 1088 4410 2595  153 1190  418 4755 3144  636 3339 2805 4526 1051 1296 4875 2475 4616 2308 4067 2534 3991 4609 2690 4506  657 3567  961  822 3451 1808 3060 1425 3912 1092 1260 4524 2580 3579 4202 4211  303 1719 3229 2255 4671 4968   57   80 3578 2501  427  655 1783 4267 2554 4661 4244 1020 4083  501 3722 4054  356 4411
 2531 5109 4377  892 3620 1169 5140 4778 1132 1030 1214  675  490 4664 2959 3323 1343 1393 3796  401 2044 4521 3261 5090   73 1257 4456 1218 4909 4333 4998 2739  699 3861 4123 2122  798 2949 2386  525 4600 5065 4786 3821 3256  274 3856  486  510 3874  906 3217  613 2763 2558   71  408   48 3878 4618 4568 2284  471 3019 2758  572 3108 1319 3808 4828 1115 2804
 2265 1370 4321 3884 2916  175  723 2117 1662 1202 1757 2944 2619 3732 2419 4492 1578 2503 4969  819 1800 4601  678 1838 1223 2294 1442 4648 1891  506 4425 3436 4371 3148 4731  827 3333 3773  367 3577 5087  276 3020 5083 4457  189 3678 1922 5016 1549 4016 3415 4897 1661 2454 3921 2010 4850 1279 3739 2868 1429 2925  155 1017  889 2646  265 4181 2911 2670  809
 4588 3268 1728  792 3533 3927 2148  578 3689 1334 3775 3825  684 4437 2627 2951  512 3311 3449 3437  686 1109 1216 2869  318 3352 3001  547 1520 1172 1187 2901 4501 1401 2589 2485 2993 4505 2562 1700  336 4030 3255  654 4458 1949  783 3847 1111 1229 4813 4761 3042 2248 2663 4313 4302 4317 1510   74  145 1507 4519 2748 3495 1988 3755  942 3385 3493 4938 4843
  317  269 2934 2523 1502 4474 4134 2813 3306 4499 4207 3904 1655 2940 1968 4569 4973 2000 3031 4903 2621 3519  966  369 3200  601 1294 4583  592 2287 3650 1516 3817  879 3863 3623  524 3197 3259 2576 2552 4730 3083 2290  308   19 2114 1876   90 3222 1884 4185 4578 1148 3782 2991 3590 1963 3250 3080 4001 1239 1110 1932 3266  103  730 3209 3651 2821 3839 2167
  122 4463 4481 2288 3298 1583 2998 2392 1252 2409 1141 3750 4953 3521 2610 3220 2768   93 1182  535 4790  630 2956 4443 3189   78 1767 3359 2325 3439 3505 1438 3682  375  753 3923 4489   13  887 5161 4228 4598 1582 3141 3049  622 5061 3103 4441 1166 4717 2566 4476 2445 1647  612 1316 2286 1636 2345  200 4551 3569  968 1522  173  631 4626 1690 3736 5165 4531
 3557  287 4695 2672 3409  241  263 1266 1295 4740 2099  229 4307 1348 2811 4042 1694 4196 5088 5035 4366 4214 3933 3890  178 5157 3704 3705 2382 3926 1207 2289 1336 2843   79 3941 4382 2854 1797  488 4276 1382 4899 3146  159 2118 3022 4105 1883  774 2886 2133 1211  557 3377  742 3527 4779 4703 3257 2225 1680 1918 5008 1231 2423 1478 3542 2348  507  669  750
  530 2915 3885 5113  133 2415 1018 4647 2819 4000 4780 4467 3111 3799 3118 3700 1826 1603 4167  830 3174 3616 1618  485 4200 3426 2221 4079 4493 3206 2937  662  673 4066 2583 2999 5126 4765 3601 2414 1100 1777   14 1298  605 3157 1263 3966 3462 3881 4323 3059 4556 4985 1920 1721 3330 2080  668  579 3027  310  206    9  901 3113 3227 4632 1443   38 2134  656
  571 3454  732 1066 4518 1272 1365   26 4904 1197 2079 5119 4488 3161 1082 4538 3643 3837 1245  664 4475 1910  204 4039 1292 4806 3247 3976   27 3434 3412 1251 4224 4714 4035 3186 1597 3585 3447 3199 1809 1977 4815 2375 2850  806 2460 4995 3278 2983 5038  610  279 2808 1560 4776 2251 1640 3511 2790  758  220 1269 1558 2966 4820 5135  713  581 2067 1458 2483
 4870  969 1062 5084 2574 1893 4544 2541 1116 2774  611 3491  300 1215 1892 3407 2487 2547  648 5042  875 1530 1224 4190 2929 1441 4285 3414 3126 3383  934 3962 4400 1410 1236 4689  190  237 4073 3443  354 3139 3562 2334 2559 3233 2435 4937   18  772  112 1208  186 1835 4052 4163 4738 1803 4725 2224 3648 2026 3783 4707 2086 4641   56 3668 4417 4343  868 3990
 2519 2691 5160 1200 3550 1353  638 5128 3631 1303 3537 1699 4922 2564 4358 5098 5116 3627 4887 2330 2053  609 4309 1023  839 1262 2178 4119 2537  105  933 3230 3892 2069  938 1595 2798 1493 1248 2006  111 1650 3724 1645 3040 4469  339 2076 3548 2186 2526 3565 4201  236 4654  736 4350 1087 3361 3244 4825  888 1203 1150 4356 4914 3738 1774 4497  290 2941  789
 2543 1587 4729 1819 2226 2908 1280 4857  130 2376  115 2832 4405  481 4275  348 3587 1938 1012 3907 1957   21  344 1369 2654 4046 4949 3842 4127 1408 3338 4542 3131 4549  878 2698  435 4554 2227 2612 3875 3297 3552  826 1414 1069 2810 3886 3935 3899 2105 4208 2962 4413 2988 2208 2049 2880 3764 2327 2040 4543 1034   45 3560 2302  439 1137 2504 4096 3546 1911
 4773 3835 1766 1555 1673 5000 3475 2279 1460 2422 1866 2605 2969 1103  797 1772  478 3624  567 1802  812 3025 1183 3748 3262 2596 2150 1586 3370 2525  640 2708 2823 4385 1477  285 3231 5093 3848 1305 4449 4099  771  604 3453 2038   53 3806 2031 1775 4716 2709 2301 4677 2350 2235 3692 2688 3987 4325 5077  527 3757 4043 1122  634 2536 4976 2361 3681 2889 2425
 2540 4072   77 1908  270 1887 4315 3905  770 1657  869  503 1006 4059  950 4455 3889 4114 1432 3366 1711  496  815  922 4980  165 4025 3606 1692 2664 4511 3399  804 2884 2007  479 1342 3918 1850 4060 1936 1912  198 1975 3518 2455 1987 4396 2129 2216 3140 4071 5133 3954 4686 3075 1065  947 3331 1689  643 4197 4380 3638 1191 4590 3218 2578 4093 3384 4787 3774
 1652 4487 2241 2379 2092 1576 3656 5031 4683 1834 4726 3728  991 1366 2921 4480 2841 2939 4936 4879 3514   33 5043 2989 3098 3763 3463  940 3353 2441 2802 2844  818 1644 1796 3400 3857  453 5174 3641 3388 2548 3149 1656 3986  470  119 2976 4288 2565 3427  896 3184 1002 1164 3786  327  829 3173 3524 2043  695 2022 1658 1055 3708  650 2866 4971  215 1282  534
 3445 1525 2751 1790 2292 2683 2183 5048 3482   82 2365  386  717   61 3078  340 3343 4294 1923 1194 4370 3214 4830 3876 2815 3406 1026  429 5007 1199 4574 1752 5102  163 3982 1568 2239 1609 1046 3371 2180 3425 5006 4504 4261 3013 3469 5129 2337 3372 2923 3613  277 1457 4300   16  278 2722 4848  661  466 2140 3865 1986 4963  564 1930 1842 2233 3632 4183 2505
 4245 2073 4151 1462 2364 4473  831 3536 1032 3500 4077 1764 2389  597 3649 4744  187 2587 1463  857 1707 4877  161 1672 4213 4265 1168 4699 3855 1956 1209  104 2272  672 4453 4091 1423 3740 1179 1747 1205 1270 4032   24 2818 2693 4436 2451 4715 1928 3014 2898 3715 2088 4894 3379 4429 2089 1029  414 3085 3066 4359  516 4705 1862 1537 3357 3866 2238 4645  459
 3622 1805 1499 4752  307 2512 3798 1151 4796 1039 1496 4866 3824 2947  332 2344  294 3997 1357 2629 4621 2762 2586 3486 4305 4637 3470 1331 3760  205  380 3404 1786 2784 4044 4956 2964 1448  154  233 4365 2347  500  877   51 3729 2677 2223 3011 4465 3132 2181 5152 1490 2045  799 1756 1230 4109 3657 4011 4442 1573 4540 4606  458 2752 4783 3896 1035 1523  562
 2481 3998 2458 3071 2431 1736 4955  116 3171  214 1860 3223 4708 3872 1129 2068 3710 1439 1935 3580 1518 3411  745 4005 3281 3756  862 4137  632  533 4310 1741 2952 3615 3541 3811 2935 5073 1105 2110  284 3832  746  785  893 4340 4229  468 3891 3421  255 4892   64 3731 2517 3369 1820 3766 1371 2607 4640  225  558 4921 4709 1948 3869 2912 1873  715 2028 4753
 1900 4088 4256 1853 3138 3364 1043  690 3741 3523 2556 4397 2845 1313 3450 3779 2260 2674 5108 2788  399 4282 3713   43  192 1995 1376 3635 2719 1484 3485   76 4878  199  394 1548 2902  424 2907  184 2599 2740 3358 2494  222 2881 4435 3944 3394 2426 4094  392 2555 2247 2096 4923 1064 4272 4330 2362 2942 3588 4585 3457 1387 4408 2803 3647  575 1468 4112 1259
 3309 5132 3251 1849 3749 2449 3770 4545  400 3617 2981 2833   87 1668  681 1356 1851   30  377 3503 1958 2421 2827 4604 4745 3332 1461 3249 4723 1472 4884 2341 1075 1359 3130  800 1058 1145 2979 3061  299  983 2158 1959 1990 2479 2859 4791 4324 2794  127 3410 3549 1395 4802 4548 1787 4727 2914 4311 2464 4839 2825 2198 4500  221 1788 1720 1590  538 2717 4992
 1227  254 2104 3109 1773 4363 4793 1304  606 1367 3867 1942 3507 1544  952 5036  973 2606 5121 1083 3393 1749 4262  995 4547 5089 1875 3204  782 1594 4676 2882 1212 1725  646 2680  498 2453 2637 4562 2466 3574 5079 2932 3285 2416  582 3389  588  598 3316 2572 5032 2796 2958 4728   40  677 4685 4534 2450 4242 1131 1933 1077 3048 1327 4176  268 4306 2745 4718
  123 1073  219 1256  679 1047 3104  261 3313 2931 4415 1352 1649 2665 4418 1770 4653 4514 3395 2789 5180 4057 4629 4673  487 4831  708 3086 4635 1469  210 4106 1575  515 2351 2644 2378  884 4690 1338 3510 1964 1643 5080 5074 4491 2872 4027  642 1844 1254   96 1879 3012 3720 5060 3888 2950 3211 1903  737 3920  174 3672 3985 4748 2624 1108 4399  467 2495  139
 2267 1563  333 4803 1335 5030   86 1427 3056 3813 5123 4141  131  701 3946  109 3853 2144 2280 2429 2968 1421 1509 3605 2675 4138 4257  504  436 3219 2718 2965 3950 2695 1090   17  793  844 1625 3170 3127 1601 3836 3484 1577  316 3228 4844 1097 2003 3526 4993 1306 3403  258 3761 3547 4812 2277 2760 1072 4983 3107 2433 1953 3293 3831 4819 4373 1617 4771 1483
 1616 3307 1011 1634 1599 2443 2711 1695 3095 2638 3428 1070 3972 4153 4101 4116 4900 2054 3152  319 2253 3467 1454 2987  834   44 4110 4769 1299 3328 4792 1837  709 5176  943 1076  495 4586 1871 1954 3902 1125 3693 2349 3037 4926  438 3142 4020 2694 1195 1491 4017 4784 2468 4584 3096 3376 1339 1685 3392 1281 1646  271  461 1588 5078 2137 4527  693 4157 3070
 4532 1678 1901 4810 1865  209 1124  837 2152 2659 4061 2822 4188  324 2438  992 2730 1363 1993 2281 4822 4675 2632 1136 1623  653 4301 1515   50   36 1041 1267 2651 1391 3208 3154 2655 1780 4808 1057 4553 3051 4650 3004 3496 4298 1176 1541 4270 4193 3570 4529 1311 3762 3508 3653 3707 3971 2203 4407    1 1715 2128  223 4236 4273 1275 3481 2506 1821 2074 4660
 4987 1817 1175 1547  764  347 1246 2315 2539 2261  114 2771 2625  551 1527 4579 1604 4817 1162 2355 2777 3984 1455  475 2716 2360  351 1318 3288 3145 1233 4240 3768 1394 3490 4849 2231 3175  554 3882 4893 1940 4254 2143 3512 3564 4692 1613 2356  216  805 3044 1765 4012  935 1973 3304 3205 1504 1045 1565 5107 3276 4344 3380 5028 1824 4360 3819 1386 5141 4867
 1734 4284 3345 3675 5057 2529 5114 4592 3381 3868 5034 4760  614 1653 4051 2077 3803  644 2052 2127  335 4575 4318  859 4471 5130  152  213 4564   89 1464  431  825 3265 2314 3964 4827 2742 3670 2795 5024 3862 3849  659  120 2194 4388   28  511  891  776 2618 1503   54 4736 2970 3215 2116  546 3280 4339 1735  398 4220 1894  982 2313 3420 1857 2643 3452  670
 2974 2354 1551  853 2635 1320 3530  851 4935 4917 3296 2549  371 2259  577 2085  680 4085 2878 4347 1967 2025  962  147 3873 2963 2623 3642 2263 3664 1717 4624  518 2020 3418 4920 4559 1638 2145 2071 2271 2720  521 3444 1670 4292 4737 3608 3594  544 3153 3603 4022 2919 2283 1412 3287 3666 2973 1119 1276 4414 2299 3515 2004 2151 2910 4389  528  959  433 5138
 2669 4537 4438 2776 4646  756  967 1598  728 2570 2985 4881 3350 1362 2115 2616 5172 4929 4132 2142 2820 4764 2905   62  421 5020 2685  262  526  166 4034 4996  373 3239 3733 1562 2380  194 2075 4659 3023 3621 4248 2329 3137 4911  900 4681  280 3846  820 2403 2340 1712 1840 3299 2809 1730 4314  465 3101 1430 5040  548 3539 2434 3058 2202  550 4523  149 1133
 2860 2062  350 2899    6  802 1962 3506   11 4024 1905 4869 4602 2252  440 2018 2100 1293 2888 5056 1398 1243 3960  224 4161 2650 3052 4130 2849 3398  583 1099 4634 3618   31 4216 4199 4156 4219 3473 1188  916  663  480 2967 2797 1762  188 3841  759 2773 4990 1411 3408 3026 4966 3375 3089 4636  246  924 4679 3784  860 2609 1297 2687 3671 3423 4210 4907 2930
 3534 1902 3166 3016 3446 4863 3030 1158  993 4184 1485 3602 4312 1629 2411 2162 1631 4439 4915 3737 2780  391 1474 1897 1861  358 2397 2246 4037  931  573  342  767 4416 4448 5072 1845 1580 4901 3243  574 4742   67 2647 4191 2097 4023 4047 4700 1702 3005 4147 1969 4404  477 2432 1289 2164  649  902 4166 4120 1550 4182 2786  531 1024 3317 2710 3988 2014  870
 1836   23 4672 3245 5023 3828 1402 3267 1855  252 4721 4155 3680 4950 4498 1626 1101 1980  419 3576 2400  740 1273 3151 4274 3625 5118 4607 1417 4063  455  282 4319  607 2995 1731  376 2546 3719 1001  765 1553 3504 3478 4165  202 3528 1433 1130  378 5013 2332 3797  779 4401  245 2037 5125 2282 2579 4028 3180   84 2785 1729 4770 3712  786 3864 3172 1781 3235
 1970 2176 4895 1117 3390 2622 1222 5156 3545 1378   55 4322  688  156  990 3706 2897  409 4225 1798  658  472 4888 1714 2482  208 4351 3785 3242 3883 3334 2185 5106 1792 2509  794 2824 2922 3714 1830  666 1622 1584 5105 4800 3194 3472  576 3032 3177 1489 4304 4595 1228 3711 2489  450 3823 2807 3754 2291 2812 2903 3895 4095 1909 3589 4762   15  711  817 3573
 5053 4402 2179 4081  754 2229 4925 3009 4336 3225 2560 2885 2726 3607 2948  919 1324 1453 3658 3969 1424 2676 1620 1566 3660 1593 3362 1014 4972 2342 4612  914  359 2861 3273 1674 3365 1947 1596 2218  100 2561 1128  234 1061 3834  566 3571 3698 4962 1827 3593 5086  469 1600 3726 4643 2316  849 1000 3662 1521 5046 4809  457 1742 2306  341 2412 4125 2842 3283
 2023 4065 1659 2407 2530 4459 2945 3659 4781  667 1480 2189 3584 4539 2836 1193 4444 3198 3818 2027 4957 3852 2933 3279 5131 3592  741  150 3477 3930 1247 5014 5167 2502 3829 3684 3401 1452  864  417 2309  203 1981 3807 2608 4041  509  322 2082 2577  272  633 1060 1494 4889  536 1505 1435 1277 3702  863 2032 2891 4174 3387  738 3791 4856  402 5068  883 2211
 1492 2130 4642 1351 5039 2679  596 4829  437 3320 1895  848 1687 5064  140 5001 2603 3556 2138 3349 3147 1312  811 3956 3234 3555 1878 1574 4142 1153 3598  705 3520 5019 4144 1559  108 4517 4952 4203 4743 1676 3497  151 3845 3269  635 2087 2215 4341 4108 2744 1373 2210 4696  881 1992 1508 2159 2175 5011 4234  912 1418  387 1890 4146  407  463  795 2059 4750
 2066  623 4853 3676 3460 1180 4149  556 4533 2369 3150 3202 1375  420 4090 2236 3979 4087 2057 1829 2857 2904 4122 4484  102  247  218 2011 3081 2094 5015  671 2772 4902 3160 5145 2982 4118  291 1085  172  897 3645 3271 2303 1431 2986 4807  522  921 3900  637   34  972 4561  618 4227 4222  998 4412 3551 4354 3639  739 3723 1572 3274 1513 2706 2553 2401 4948
  249 4858 2402 3532  621 2737  625  388 3752 2015 2119 1126 1996 3646  580  365  886 3133 3476 3188 1170  780  338 3292 2033 2249 5183 2957   85 2924 4814 1514  390 3687 2109  357 1534 3667  651 4805  691 5092 3459 4466 3822 4974 4757  629 4337 3122  404 3951 5021  422  393 5017 4260 4710 1696 2657 4154 4587 1161 3815 4910 2091 2602 3003  425 4355 3691 1753
  513 2478  957 4164 3182  560 3777 3277 3636 1302 4080 2165 3743 1397 5071 1025 2731 3240 2320 5062   20  953 2793 1107 3077 1512 1816 3538 1682 4876 3210  315   39  502 4056  137 1989 1641 2363 5173 1713 3120 3100 2448 3128 1810 2230 5002 4003 3291  882 1998 2385 4739 4189 3963 3156   42  142  382 1929 5122 5005  355 5182 2293 4362 4940 1581 2136 1776 4777
 5041 2524 3305 2058  762 3595 1240 2312 2232 4021 2493 4139 4546 3018 2960  144 1450 2865 3583 3356 3978 4841 2873  920 3212 2634 3934  532  449  599 3190 2856 2604 1434 2830  876 1196 2108 3661 5095  423  787 3502 2782 1841 4644 3232 2909 2256  602   49 2597  755 3458 2615 2770  141 2733 3531 5045 4811 3275 2055 4078 1511 3087 4117  182 2738 3344 3438 1886
 2060  721 2581 4278 2095 4033 1984 1498 3894 1759  136 4854 2590 3167 4563  624  549 3591 3135 4299  162 2005  850 3082  170 1027  403 4758 1619 5120 4682 2384    2 1081 3237 2840 2724 2756 1446 4485 4171 3629 5099 4890 2199 2135 2847  363 3183 2732  796 1701 1301 2877 1447 4069 1870  807 3940 2184 1283 4567 2166 4045    5 2358 4486 4381 1677 4424 2633 5151
 1818 1706 1869 1675 4630 1165 3488 2591 2370 1244 2016  118 5012 3315 2065 4419 3827 4697  451 4620 4237 3038 4238 1337 2764 4335 4357  840 3351  960  289 4128 1416 3431 3155  590 2750 1286 4369 3068 4623 1271 2870 1978 1406  749  121 2001 1627 4981 2413 3942 4264 1727  134 1867 1665 2715 2034 4447 1538 1698 1340 1934 4934 4287 1506 2781  227 3709 4461 4375
 1608 3989  330 4565    7 4582 4133 1290 1983 4353  617 1415 4912 1113 4886  784 1847 4258  442  842 1237  824 3041 3870 1488 3464 3558 3374 2333 4320 2568 4515  553 2667  345 3433 4468 3765 1750  904 2102 1184 3644 4372 1779 3999 4510 2620  395   10 2864 2300 2961 1021 1811 3015 3858 2631  305 4102 4951 3336 1159 2729 3611 4290  169 2163 1637 4421 4249 4029
 1823 2187  454 3248 4031 3069 1612 2980  647 4250 4098 2036  880 2535 1285 3830 1084   52 1234 2743 4508 1925  405 4472 1204 1042 1288 4668 1098  977 3310 4688 4597 2372 5139 4528 3163 4516 4989  298 2533 2636 3017 3065  361 3967 3053 4178 4433 1033  744  898  426 4701 4617  432 5103 3036  406 2396 2853 2322 1037  975 2696 1979 2039 3342 3563 4824 4946 1784
 4482 3046 4495 1539 1927 2757 2617 3090 3074 2712 3115 2498 1939 1155  541   83 1473 3674 2906 2926   25 2551 5054 3789  415 1174 4799  179 1812 2746 3064 3974 2319 4560 2513 4338 1143 1330 3440  353 4720  446 1708 1639 2682 3468 5177 1917 3995 3417 3949 1031 2254  766 2863 2692 2660 3975 4104 3162 3925 3871 4014 1264 3509 3241 1748 1086 3010 2171  295 2274
 1140 1217 1022 1545 5104 2101 2994 3744 4013 3093  492 4666 1449 5052  843 2703 4573 4280  474 4795 2817 2197  731 1916 4662 2305  343 1877 2658 1965 1864 3695 2307 2488  692 4772 4168  874 4451  197 1666 3413 2112 3677 2639 3939 3424  288 2761 4525 3634 1592  311 2017  416 1178 4704 2641 4075 3143 5166 1095 4970  989  397 3911 3158 5127  687 3800  725 2201
 4050 4896 1732 4223 2366 2725 3213 4746 1724  702 2335 3325   94 4332  180  696  734  984 4965  157 3373 3745 2452 4961 5150 2571 2765 2196 2775 5154 3246 2446 4136 3405 4126  296  913 3284  866 4768 3788 4522 2084 2381 4782 3794 2160  652 4177  325 4823 2424 3114 2741 1888 1814 4838 1347 2839 2594  364  326 2528 2971  484 3801  476  603 4406 2048   65  694
 3992  201 2673  430  143 4390 2666  733 4868  447 4871  101 4384 2699  707 2377 3236 3119 4913 1146 2588 3024 3327 1679 1329  955 4398 4801 2013 2953 2928 1040 3582 4006 4789 4652 3253 5044 3033 2883 1426 4349 2169  676 1621 4124  117 4160 2107 2978 1440  963 4908 1754  703 1806 2851 2835  232 2875 2390 1284 3793 1663 2972 3312 3699 3915   98 2331 1804 4932
 3679 4924 4656 3045 2955 2701  126 1160 4152 3116  238  937 4847  704 3600  855 2702 2652 2630 4074 1991 4572 4520 2405 4241 2837  971 2195 3816 4593 2684 1138  360 1994  867 1428 4536 1368 4611 1684 4821 2846  685 3928 2984 2592 3735  428 3326 1102 2168  568 1079 3196  761 1885 2514 2093 4873 1630 2103 3319 4103  841 2601  185 3686 2459 3498  944 5175 3968
 3633 1355 2515 3525  217 2867 4450 3931 1556  543 1546  813 1078  196 3561 3581 3696 3402 4427  674 4670 2480  235 1872 4192  714 2051 3663 1323 1388 3448 2920 2111 2182 4669  777 2147 4198  873  720 4735  379 2346 3924 3851 2787  586 5025  523 4169 3703  970 3977 5094 5117 2913 4861 1828  434 4959 3802  181 2550 3792 2064 3461 3419 1554 1004 4131  954 3368
  801 3776 1459 1709 2721 4283  981 1913 4204 1321 4846  965 2611 4706 4266 3006 1664 2440 3880 2754 5136 2593  464 4434   32 3981  810 2297 5037 4361 4387  542 2573 2447 3432 2296  918 1307 4334 4393 2098 4490  584 4898 5169 1322 1683 1152 1667  927  368 1898  600 1941 3781  665 2324 4880 1801 1278 4724 1071 2896 4379 4687 1291 4530 2024 3479 2090  413 1470
  727 4566   41 2002 3300 3471 3654 1961 4535 2456 4297  499 1654 5168 2472 2749 1807 1052  323  176 4048  871 3168 3952  483 4603  555  545 4589  505  266 1221 4625 1755 5003 1955 4633 1315 2207 1049 4243 1985 4557 3207 1106 1050 1201 3727 4631 4100 2497  460 1326 4494 2893 3195  988  823 2072 4865 4364 3347 5101 3993 2427 3908 3812 1249 2172 2697 1633 4279
 3034  110  552 3181 3216 4246 4422   95 1889 3973 2640 3734 3348  462 4651 5155 4269 2266 2520  473 3112 4826 3254 4159 3771 4678 4988 3002  559 3021 2204 4964 4454 1794 4089 1561 4931 4002 3619 3301 2954 3391  565 4158 1344 3289 4859  352  242 4883  313 4550  226 1300 1253 3099  312 3769 3772  256 3586  167 2371   81  956 5163 1350 1465  244  337 1268  260
 2019 4271 1142 2499 3294 5076 1220 2444 4905 2462  828 5026  148 2917 3513 4947   91 2359 3910  171 1632 2918 4674 1579 2070 3430 4431 1063 4741 1467  264 2021 3329 5134 5066 2894 1048 2874 3272 2778 1007 5049 3669 1915 1451 1914 4352 1868 5162 1112 5111 2276 2295 2642 1642 3609 1009 1751 4293  259 1377 2153 1241 3363 2704   70 3626 3718  836 2206 2285  768
 2056 2816  791 1951 4331 1906 1971 3346  304 2081  915  128 3529 4172 4255 1038 4277 4478 3637 4175 1482 4816 2668  700 5164 1127 3321 2219 1614 2275  821 2767  587 2977  132 3340 5059 2170  489 4409 3697 2029   66 3308 1487 4329  885  808 5110 2270 3008 3092 4503 4658 3747  385 3117  517 1466 3604 2149  135 5137 2430 4804 4221 1907 3178 5100 2563 2584   72
 4008 1481 1785 4628 1226 1740 3121 4107  769 3455 4391 3286 3838 4509 1859 1769 2321 1501   35  410 3690 1880 3628 4939 1156 1265  569 1919 1795 2343 1863 3110 4775 3553  899 3751 1181 3994 2200 4084 4713 1758 1364 3067 2156  491 1782 4785 3335 3295 3258 3466 2799 5070  872 2310 5096 1019 3673  729   12 1564 3879 3238  384 2727 4462 4722 4941  722 1931  207
 4665 4852 1325  946 1726 4420 2545 4927  856 4851 1605 2522 3535 4944 4835 2245 2394 1317 1839 4251 2792 4053 4663 1896 1542 1723  976  253 3932 4113 3492 3185 2442  124  448 2532  865 2491  907  168  520 2892 3850 1743 2723 2132 2420   46 3568 2212 4580 3965 2470  832 1669 3913 3916 2496 3201 2154 1067 3088 2391 5170  372 3079 3897 1570 3416 2826 3224 2061