  958  712  798 3792 5242   82 2650 3331 2716  319 4381 4679 3010  545 4382 2857  885 3714 1494  436  707 2935 4501  849 2065 2833 4013 1649 3614 1408 1560 1000 1899 2063 3332 4937 2597  987 2909 5290 3060 3172 3820 1740 4106 1853 3252  919  448 5213 5140 2824 4238 4706  153  257   80 4633 4260 3980  940 2146 5248 3380 5046 2031  223 4600 5265 1519  337 3926 3899
 4329 2058 4370 4790 1448 1275  664  232 1377 4048 1146  218 2894 3491 4964 2702 4345 4368 2346 4153 4376 1720 2228 5223 3916 3495  216 3411 4230 1885 1465 4699 2940 2915  650 3421 3553 3007 3554 4465 4621 1502 3321 4083 3220 1016 3555  523 3018  421 1660 4029 1166 1419 2714 1327 1024  695 3385   36 2463 2735 2252  773 4258  107 5190 4088 1861 4231 2622 2706 1937
 5045  730 4332 2446   33 2408 3775  892  251 1636 4681 3698 2471 3995 3552 1454 1823 4433 2072 2947 3659 4504 2039 3068 3678  447 3946 5081  788 1848 1461 4380  828 3195 4584  586 2090 1856 5243 1384 1962 1406 4015 1531 4308 5196  621   68 4369 2139  609 1262 4712 1778 5193 4430 1389 1734 1343 3825 1684 1799 5215 2890 1618 3430 2774 2185 1656 4213 4625   38 3189
 5086 2195 4719 1331 3163 4054 1954  651 2104 4654 2522 1456 1840 4752 4828 3344 5188 3920  207 4082 4851 4418 4690 2320 2167 3070 1449  464 2237 3291 1128 1195 3019 3435 1543 4004 5131 4589  297 2460 3173 1017 1196 4714  138  106 3241 1282 2474 3790 2526 3467 4379 1206 3383 3282 2585 2788 4758 1955 3485  500  990  283  989  776 3938 4498 3736  137 4593  290 1062
 1626 1281 1028 1530  724 1763 1728 2135 3708 2069 4591 3499 5302 1466  948 4777 3859 3306 5074 4306  629  854 4789 4144 4346  584 3100  975 3841 2027 5068 3280  949 1935 4206 2959 3501 1460 5148 2071 2861  739 2842 2600 1572 4424 2956 4993 1457 1247 2558 1738 1139 1359 1226 1673 3699 1005 1828 4328 1884 2785 4533  235 2560 4016 1586 4425  932 4361 3709 4932 1757
  200 1504 4769 1285 5273 2729 3747 2874 2377 3910 3957 4933 3230 1952 1158 1404 3766 4037  812 4437 1718 3463 5030 2867  862 2166  973 2476 1427 4870 5176 4454 4205 1138 1928 2093 1053 1508 4691 4961 3536 1432 1638 2844 4563 2879 1301 2838  738 4536 2707  562 3157 2341 4986 5007  405 1864 1913  334  236 3239  723 2775 1205 4574  942 2411 3504 4023 1669  833 3417
    8 5054 4967 3243 1202 4781 2042 1330  175 2006 4505 3582 1140 3930 4871 1827 3911 3618 4478 1189 4530 5006  382 4756 5240 4555 2726 3005 2655 3893 1625  163 5259 1846 5065  750   63 1834 4544 3656 1393 1230 4384 1867 2348  437 4717 1499 2273 4528 2580 1857 4909  880  185 4632  983 4348 4217 3634 1578 2578  699 2234 5037  978  376 2689 1676 1294 1222 1124  747
 3196 5089   35 1984 1754 4399 4867 3796  276 2372 4917 1110 5231  149 5205 4417 4337 5281  637 1784 3205 3991  766  389 2908 3891 3103 2434  311 4115 3016 3948 2721 2528 1073 2983 3237 4558  420 2157 4517  158 4723 1365  468 2876 2046 4410 3854 2004  363 1223 1993 2255 3402 2611 1922  487 4102 1119 1931 4367 2210 3970 2478  279  249 3164 1621 1248 4936 4343 5261
  789  391 1040 4259 2815 1730 2017 3924  555 4123 2589 2839 1933 5201 1334 5171 1240 4072 3523 4618 4354 1370  624  202 1847 3037 3128 4997 2547  908  628 2798 1700 4709  519  246 4051 1102 2215  104 3482 3591 3182 1471 1332 4239 1395 4303   55 3335 3925 1057 1252 3578 4136 5138 3466 4811  935  623 4879 5127 3653 3227 2694 2033 3089 4748 2984 5177 2586 3219  574
 3461 2396 4801 4576 2384 4868 3964 2635 1742 3355 1469 1111  853 2402 2156 2699 1959 3734 1361 4302  507 2593 4966 2457 5137  931 2494 3025 3654 3830 3389 4101  636 4232 1569 2989 2950 1358 2028 5094 1582 4649 4713 1940 5152  745 3917 1916 3510 1237  594 2169 1087  613 3338 4981   77 2789  362  355 3051 1416  204 2012 2251 1879 4866 2417 1654 3988 5305 1681 3927
 4139 1168 2564  287 3311 1468 2330 2720  273  795 4736  600 2532 2614 2208 2062   79 3647 1027 1628 2517 1060 2258  305 2086 3956 1820 4327 5033   57 2159 4821 3310 1997 4825 2922 5101 2113 2978 1575 1974 1381 1979 3967 2666  902 3869 5090 3551 1165 1761 4757 4704 2556  757 1249 3821 2695 4519 4360 4716 4286  152 2026 2015  408 3436 3757 4537 4234 4059 2490 5298
  186  553 3489 4652  199 4264  920 2024 1907 1766 4233 4508 3870 2958 4620 1614  901 4977 3462 2331 3525   56  238 5228  347 4325 4613 2536 4409 2837 3203 3292 1930 2318  317 4147 4998 2912 3480 1120 1715  247 4708  538  269 2155 5117 2149 3022  981 1679 4731  705 4296  743 2054 5118 5306 4806 5321 3749 2412 1985 3923 3441  829 2081 2117 3998 3392  288  659  746
 4835 2607 3137 3585 4351 3570 2240 3141  344 2343 2199 4168 1378 5272 1527 1567 2831 3505 3099 1862 1777 2816 3329 4387 1364 4733 5019 4577 1021 4314 2970 2783 3071 1067 3031  348 3464 5262 1647 5230  805 5234  994  679  260   54 5274  243 2631 2971 3866 1407 3360 2952 4179 2218 1829 1965  714 1600 1014 3506  237 1241 2184 5048 4402  878 3442 1029  170 4939 3449
  358  254 5099 2433 2601  322 4780 2840 2793 1949 4125 1767 2686 3213 3353  441  531 5216  320 1749  424 3827 4795 4881 3316 3872 1492 4347 4195 2603 4061 3791 4692  265  453 5049 3190 2253 3228 3515 1798  266 2429 3085 3942 1186  915 2962  274  670  105 4197 2911 2899  928 2172 4782 1363 2447 4660 5221 1290 4735 3599 4666 3845 4873   81 2523  407 4956 1059 2220
 3685 4547 2403 1025 2954 3104 2008 1528 3160 3960  444 2755 1577 2181 5164 3351 1288  359 2823 2668 3266 2182  851  890 3789 2629 3717  401 5237  874 1341 2224 3112 2554 4038 2413 4085 2456 4444 3248 1880 2530 1242 4655 4640 1645 4838  239 3885  194 2041 3465 2014 1172 3610 4958 4436 2032 1750 4311 4406 1858 2587  295 4086 1157 4913  938 4371 4356  515  460 4331
 1908  787  614 4710 2002 1337 3771 5147 5050 1598 2548 1821 1716 2827 3890  674  625 5051 1609 1714 1264  156 4685  728 3370 2898  631 4008 1373 3364 1032 1859 4313 3881 1801 3755 4548 2108 1141  588 5011 1185 4791 4814 3783 3191 2124 2283 2737 2598 1956 3850 3962 2942 2571 2358 3876 4173  541 1160  634 2175 3322  923 4209 1328 4763 3874 4203 4680  433 3996 3197
 3423 1747 4841 1975 5287 2499  499 5027  461  547  168 3613 2110 3432 2709  338 2691 2825 4100 1919 4084 1319 4720 4665 1397  331 2973  836  505  259 4788 1969 1552 4463 2211  349 4995 2300  244 3665 2232 3609 2652 1131 1939 4750 3260 4467 1524 4484 5175 5313 5329 4534 2209 2192  145 1713 4742 1506 3611  272 3805   42 2435 5146  720 3902 2972 3286  316 4395 2901
 1257 3915 2479 3971 2994 3187 3247 2299 3628 2025 4373 1783 1950 3612 2311 1292 1387 3577 5324 1534 3774 4872  645 4779 4813 2500 2673 4850  214 5279  114 3116 3959  368 1891 1838 1368 1385 1497 5186 4923 3965 3096 5292 1911   27  513 1260 4893 5150 2725 2542 3595 2186  154  330  426 2641 1639  208 3682 4416  638  888  387 1671 2690 3776  913 4863 4162 4438 3279
 2077 5143 2651    2  903 2196  148 4039  753 3042  466 3533  310 3762 2546 4885  326 2701 4191 3667 4568 3811 4485 4592 3086 1108 4468 2795 4725 1520 3032 2805 3290 5013  346 3918 3818   29  473 3299  681  307 3607 3817 2141 2557 3315 5174 2966  848  763 3860 1360 3456 4318 1097  703  779 4398  733  884 1429 2964 4199 5253 5047 2070  922 3305 2679 2277 4922 3192
  927 5299 2534 3308 1295 2778 3569 2943  192 3833  953 2378 4211  253 2854 2868 1719  280 3575  240 3270  672   64 2582 4333 5256 2194 1204 1517 2782 4026  998 2398 4300 4673 2540 5319 3035 2179 3587 3621 2808 1344 1396 3263 3550 5032  605 4677  275 4427 1184  692 3496 2380 4190 4880 1274 1270 4656 4429 3399  951  964 5012 1896 2230 1722 3107 4262 3147 2374 3094
 2045 3760 5312 3158 4135 2946 1987 4477 4229 3446  521 3225 1541 5154 2786 1118  946 2910 1912 3549  969  118 1515 1804 1597 3932  587 1906 1348  119 4192 2133 1153 1163 2581 3816 2955  263 4938 3931 3069 2193 3906 4859 2357  641 1291  215 3443 4915 3802 2243 1476 1246 1773 4637 4266 1685 3981 5044 1210 2414 4963 2675 5034 1663 4675  662  937 1447 4599 2821 4226
 5144  914 3341  493   31 4415 1299  865 1733 5162 2653 3710 4019 4898 2759 3764 3049 3058 5214 1929 5168 4764 2688  427 1437 2661 4374 2733 1811  974 4245 4210   88 4582 1422 2665 3082 4491   86  432  893 1802 3513 1825 2227 4252   90 5218 4076  861  592 2888  234 2539 3756 3040 1607 1554 5123   20 2845  350 4687 2183 5130 1001 4766 3905 4075  113 1113 5070 2407
 3468 4715 5023 3586 4540  563 1672 2575 4907 5327 3484  122 5016  302  443 3798 2930  452 4176  582 1495 1122  328 4107 3598 2428 2820  556 3312  512 4012 2297 5052  501 5191  125 1254 1451 1703 2648 1347 2382 2022 1101 1587  475 5141 4108 4569 3066 5151  144 1031 3175 4516 2128 4902 3815 1133 1869 2913 1563 3301 2389 2170 4522  857 3050 4941 3259 2828 3969 2928
 5181 1507 2730 4317 1599 5116 1732   50 1677 2315 4877 3781  793  966 1505 2865  683 3847 4826 1590  620 5300 2676 3379 4664 3803 4770 4924  777  458 3913 4121 2134 3250 3275   76 4538 1266 4532 4738 4634 1994 1080 2021 3119 1367  480 1557  429 1307 4950 4010 1805 4845  897 2811 1436 1098 5009 5183 2379  596 1640  342 1338 1702  698 1903 3697 3065 4312 4066 3604
  719 5194  619 4480  633 3990  599 3842 2293 2013 2914 1995  654  761 2248 4834 3490 3129 3253 2604  309  595 5170 1739 3092 4441 4970  909 4186 4837 1121 4949 1415 5192 2130 1474 1215 3769 3013 1065 1620 1712  986 2599 1037 5053 1998 2088 1580 4918 4142 3381 2741 2948  906 1325  868 4951 1592 3043 2254 3257 2060 5294  567 4701 3875 3853  731 4800 2544 2329 2937
 3349 4645 1794 5071 1161 3048   46 1511 1542 1287 4244 2190 3503 1711 2152 4224  869 2475 3726 4113 1305 4945 3188 4524 1568 3319 2574  195 1071   17  100 4158 3181 1887 2696 4178 5239 4093 1420 3354  791 3438 4132 3863 1233 4994  972 2722 2764  250 4724 3045 4401  866 3367 1007 1648 4439  177 1573 3974 3152 5091 4077 1491 1046 4034 2583  173 1411 5199 1537 4698
 2926 3210 4002  943 2781 1182 4590 1030   26  508 3574 2853 5244 1503  470 4507 4390  209  537 4140 2756  976 3374 1706  648 4043 4953  380 1688 1064 4460 1692 4908 4105 4394 4604 5157  139 5156  639  936 3529  124  496 4188 4099 4335 2420 5277 4671 4843 2079 4137 3201  379 3473 2052 1850 3778 3180 1588  815    6 4810 1320 2187 4366 5064   91 2705 2281 1374 3424
  970 3325 3763 4271 3788 1459 1793 2592 1837 2856 4846 1155 3420 5083 3106 3002 4274 2332  564 2385  289 3020  176 2807 2998  601 2693  167 3753 3928 2325 2659  879 3824 3307 4786 2866 3345 1694 2292  691 3692 4131 3901 3418   89 3559 2040 1851 5289 3277 4689  549 5035 3524 2037 2683 5063 4130 1251 4458 3608 3156 2084  455  606 2612 2290 1187  694 2680 3114 1472
 3561  850   44 1545  227 1807 4442 2445 4005 3785 2127 1152 3832  374 4626 1697  807 2106 2406 3838  422 1398 1947 4275 4619 4518 3161 2437 4149 2125 3185  393  665  557 3934 2660  926 2278 4377 3434 4549 3009 1104 3751 3882  669 4094  663 3758  722 3450  183  870 3297 5249  489 4805 4578 2269 3547 4732 3151  323 3361 3896 2803 4755 4987  690 4469 1765 3877 3662
  514 2626  147 2198 1444 2848 2303 2465 4901 5167 2514 4470 3327 3741  428 3973 2884 1920 2345 1401 1589 3105 2712 1736 3140 1890 1488 2308 4339  852   37  593 3565 1382 4550 2960 1664 3884 3492 2871 2112 4684 2757 4628 1176  626 3001 3780 5307 3579  627 2995 1529 4946 1544 5291  196 2177 3063 2137 1936 2932 2469 3108 4419 4241 2860 3245 3895 2405 3454 1653 2000
 4930  456 3433 4323 5102 2750 2180 1591 4154  365 1197 1741 2264 3851 4049 5184 1585 4718 1379 3944 3062 2553 2432 3493 1333 1704 1533 2366 1310 1313 4342 2907 4080 4957 5258 3977  671 1296  702 1357 1787 2521 1845 3903 1211 1178 4045 5139 4112 2836 1678 4207 1170 4703  414 4030 4052 2657   24 4515  206 1886 2967 1079 4611 3786 2491 1710  680 1883  934 2799 3644
 3556 1550 1932 1015 3029 1106 4844 1070 5042  929 4796 3706 1353 2992 2852  786 4237 2627 4969  830 3636  312 5315 4929 1159 2850 4453  110 3254  804 3968 5136 4650 3795 3391 3387 1218 2018 4212 1480 3497 2442  440 3494  611 1036 4277  618 5132   59 5208 3655  607   74 2280 5041 3284 4003 2334  410 2743 2245 4580 4864  352 3808 2483 1708 4148 1094  756 3744  220
 2700 3635 4109 2268 2005 2738 2543 1651 3617 1658 1489 4887  741 1142 4294 1675 4914   87 1705 2902  668 5251 1020 3177 4063  532 2120 2550 1872  336  717 2594 2188 2529  425 4506 2766 4383 3004 4663 2504 2242   28 1002 3730 3828 1470 3566 3154 5318  171 3557  767  771 2376 4090 5133 5062 3272 2314 2470 2371 2291 3153 5310 4194 1221 1512 4392 3076 4695  597 4784
 4250 1832  371 2809 3415 3666  116 5268 3303 4683 1039 3558 2829  111 2148 4489  802 1229 1284 4556 1855 2606 4711  300 2448 1538  569 3412 2351 4064 4641 4614 3198 2383  299 5124 4520 1213 2846 3003 3224 4775 1968 4097 2249 1431 1268 1278 3431 1271 2373 1637 1244 4808 4927 4985 4948 4543 1072 4110 1873 4276  233 2649  877  340 1225  129 3889 2674 4198 3041 2049
 1707 1171 2728 1076 4726 1041 5211 2082 4815 2698 2642 3542 3620 5296  684 4448   10 1643 2270 1725 2996 1576 1938 2462 2501  524 4031 4087  608 1273 4035 2202 1417 5246 1346 1999 2050 4734 2454 3985 1670 4526 5210  491 3337 4270 2282   71 1622 3285  819  693 4071 2646 2509 2044 3347 3132 4928 5097 2772 4552 5263 3429  640  400  402 1180 1570 4749 2791 4254 1894
  581 2335  832  465 1865 2239 2549 2480 4141 3142  293 4375 2843 2527 1426 1818 2711 1143 5075 4819 2284 1623 1717 2229 3514 4639  643 4818 3044 3829 1151 4551  701 3309 3476 5142 1394  967 1689 4523 2246 3782 3186    4 4483 1123 2114 3593  140 4292  768 2073 3594 4053 3133   11 4163 2029 4972 3229 2495  332 3036 4629 1745 3602 3518 2247 4603 1617 2118 3856 4857
 1693 3390 2819 2103 5067 1874  759 2927 1430  517 2568  490 2773  984 1011 4414 2590 3088 3584 1399 2748 5145 1188 1214 5060 5247 1751 3572 3787 4403 3836 2151 4156 1107 3006 1871 3471 3605 3278 3651 4598   92 4751 3940 2619 3474 1034 2682 1963 3318 1208  526 5252 4874 5092   45  364 2397 2150 1776 2497  979 4983  678  357 3576 4263 1350 3943 2692 5320  539 1486
 4804  471 1177 1833 2472  256  867 1055 2250 4355 5217 1661 3880   32 2610 2257 4545  503 2812 4405 3652  769 1526 1595  262 1311 5235 5267 1652 1989 1699 2511 4702 3904 4397 4393 1594 3633 3148  261 2059   23 4572 1322 2481 2624 4573 4911  800 4472 4668 4989 3386 4447 4852 1737 4831  484  824  655 1551 5295 1434 1485 2903 4990 2333 2990 2885  716 3994 4246   51
 2097 1433 4357 2393   14 3453 3083 4817 5107 5250  921 1008 1970 2936  172 3715 2340 3945 3702 5159   96 3718  205 5229  968 1174 4722  377 4968 1162 5283 1276  292 3238 5158 2537 1948 4768 4696 2100 1602 4487 2577  999 3130  610 1391 4991 4803 2953  945 1164 3548 2075 4822 4802 2552 2119 3879 1475 1786 2617 2317 3352  370 3014 1012  792  527 1269 3748 4428 2602
 1069 3806 3348 4305 3810 1349 4799 5112 2160  146 3527 5226 2263 1250  181 2887 5160 4422 2011   98 5169 3406 3999 3055  356 2531 4661 1882 3176 3900 2274   73 5073  905  700 4268 1966 2492 1309  367 1010 3846 1498 3933 5010 1345 1788 2464 2763 5326 2644  718 4228  516 4309  602 2969 2241 4514  281 1695 4474 1986 3408 5187 3136 1232 3498 1068 2565 1904 2584 1312
 4022 3469 3440 2710 4282 2717 4434 4787 1026 1808  131 2439 3264 2174 3669 1893  546  222 2450 3121 2713 4180 4978 2938 3109 1909 3694 1217 1800 5155 2804 4895 1203   75 4219  882 4535 1817 2570 1500 1581 2881 1926 4288 2323  388 4494 1822 2235 2461 1458 1100 2925 4466 3630 4235 3358 5185  831 4500 1058 4565 3274 3159  916 1942  221  840 4344 2708 5003   85 1546
 3125 1910 2639  918 4157  911 1235 5304 5058 1631 2386  315 3271 2525 1051 4561 3437 2083 4040 5134 3563 2633 3077 1957 3080 1561 5087 4310 3508 2296 3989 2524 2787 1280  658 1116 1234  479 3600 2486 1973  783 4150 3422 2562 5104 2939 3359 2723 4553 3541 2362 4319 5100 4858 1934 2477  598 1691 2595 3166 2886 2841 1477 1441 3481  565 3215 1175 1194 1830 1220 2095
 3601 3573  157  823 1768 3074  760 2792 3922 5202  136 4280 4816 3687 3941 2085 2431   69 3217 2267 2814 3528 4856  403 3909 2216 4096  752  451 5088  395 3642 4181 2678 3409 1383 3912 1723 2615 2744 3754 1860 2608 2337 3675 4378 1619 1897 3483 3053 1655  652 4363 2484 3770 2976  858 4020 1791 2473 4797 2189 2053 4894 3393 3396 1085 2122 2066  676 4126 2126  520
  303 4891  780 2158 5004 2670 2742 3512    7 1611 4272  291 5020 4481 2545 1980 2489 4404 2520 3544 2724  859 5085 1380  188 4411 3537 3373 3914 3242 2410 3955  462 2010 3676 3314  704 2802 2443 4836 3426 4862  190  109 1605  711 4060 5189 5227 3759  591 4659 4164 1583  198  552 1870 3091  169 4133 1145 4408 1054 1721 5245 2620 3855 2567 3034 1523  774 2671 3231
 4160 4284 3746 4322 2870 1785 2640 3641 1608 3093  585  735 2444  863 4615 1462 3589 1509 4011  660  497 3638 2736 2801 1744 1813  478 4058 4617 2727 1756 4047 4017 2078 4161 3519  394 1810  353 1179 5080 3704  571 5254 1624 4672 2236  810 1510  821 4635 5057 4812 4431  736 3590 2423 3663    5 3365 1209  383 5036 4926 1091 2099  744  939 3047 4794 3752 4193 2288
 2872 1759 1812  575   78  314 1889 5278  856  529 3084 5055 2923 3632  814  846 3772 2370 4316 2361 4594 3339 3244 1336 3008 4608 3834 1112 1238 3799 1144 3267 1996  843 2019 1129  864 4827 4583 1743 3170 4954 3122 1044  411 1435 4364 3400 1219 4451 4865 2847 4745 2203  737 3954  881 5038 5005 4925 2613  977 3664 1547  883 4658  418 3921 2105 3404 4646 4227 1050
 1559 1289 2201 3727 1096 3686 4943  325 5002  644 2064 1103 2067 3171 1863 4006 2826 2623 5153 4407 3169 4167 2207 1596 1199 4222 4129 1584  656 3660  213 3603 3629 3950  772 3398 3028 4682  135 3313 4595  566 3479  417 1782 4783 1318 4267 4253 3812 2425 4920  399 3531 2739  366 2863  572 2636 2551 4607 1304 4546  995 5233  548 3562 4496   52 2347 3958 3413  143
   41 2147  191 2906   47 2091 2731 1293 4965  230 5303  534 3643 3320 4067 2769  536  108  120 4606 3178 2993 3831 4521 3135 4341 1991  509 2896 4036 2951 1099 3397 4513  917  785 1410 1425 3118 2138 2929  734 3534 5017 4435 4697 1629 3724 4124 3362 3745 5269 2007 3892  687 4490 4996 2533 1356  688 4413 3459 1915 5069 3115   67  117 4772 1841 1877 3232 1300 4688
 1514 3162  965 5197  354  993 3382 5314 3204 3475  270  898   58 1372 1306 1650 4694 3138  446  132 2074 1366  891 2561 2555 1443  530 4979 4705 3743 3661  406 4896 4461 5206 1201 3223 4281 3671 4890 4330 1134 2098 3021 5179 4172 3149 4445 3240 4218 2316 3813 1902  809 5317 3202 1455 3168  416  457 1961 4855  166 3300 2313 5178 3487  930 3844 2256  925 2055 3167
 3887  180 3410 3046  178 4597 1770 2043 2897 1297 5001 2588 4807 1806  794 4074 1854 3588    9 2287 2875  286 2142 2697 1627 5031   83 3038 3407 1042 3728 5015 1259 3849 2418 1224 2835 5119 1610 3075 1764  910 1724 1390 2344 4647 3027 4785 3131 3472 3073 2760 1635 1988 3269  217 4256 2488 4955 2677 3793 4623 2779 3012  649 3712 4189 3750 4021  483  844 1355 4350
 1662 1043   43 1245 4630  333 4497 3317 1207 3276 2136 5022 3334 5172 1971   48 1792 1302 4098 2145 1464 4767 4839 4340 1440  617 1362 2904 1924 4511 2430 1132  657 3725 2115  559  162 2579 4449  404  589 5282 5271 1409 4450 1601 4273 4018 3627 1255 4627 4942 5018 2515 3571 3522 4984   65 3953  449 1263 1944  372 4860 1004 5224 5293 1826  242 2715 3883 1803 4042
  375  112 1941 1603 1701 4570 2092 2233 3684 3695 2685 4050 2880 3218 5301 2776 3972 3521 1905  590 5264 3395 3363 3340  954  950 4092 5325 4562 4320 3777 4324 1317 1923 2226  412 1943 5308 1790  781 4848 1003 2111 5207 3668 3511  255  510 2466 1945  248 4028 4759 1481 2038 1981 3583 2168  245 5309 4971 2121  790 4248  558 2945 1463   97  187 3356 4824 3146 2205
 3123 1078 3333  808 3592 1450 4765 3626 2101 1746 2669 1063 2154 1035 2503  570 4653 4559 3206 5284 3597 4009 3742 4916 1680 3011 2392 2020 1990 2204 3560 3199 1960 4527 2356 3862 1484  123 1668 4044  321 4471  506 2806 4531 4889  212 2266 2191   39 5103 1895 4214 2541 1606 4823  511 1634 3658 2765 1816 4290 3448 3193 2132 2753 2301  813 4177  384  502 2987 5105
 3952 3368   18 3720 3886 3929  758  837 4830 4464 1236 1402 4165 3767 3024 2319 2426 2878 1839 3056 4155 2851 4304 2681 4774 4169  197 4299  834 4027 5135 3124 3840   84 4840 1571  876 5128 1496 2225  271  661 3680 3064  165 3703 5219 4145 2777  889  369  839  762 1753 1088 3637 1633  155  924 3639 4539 3419 2780 1023 4988 2395  871  941 4279 3705 4127 4297 1324
 2369 1878 4960 3261 2573 4741 1644 2535  673 2375 4336 3543  142 2449 1149  682 4025 1674  430 1540 2747  159 2654 1925  459 5110 3568 5066 2304 4739 4919  439 1048   15 3371 4952 4257  494 3823 3622  284 3366 2797 3249  811 4612  252 3839 4242 2289 4876 2638 1630 1795  726 4196 5257 2656 4182 1558 2336 2302  324 3343 3183 3814 2365 4269  904 5043 2645 4056 2056
 1190 4601 1082 5165 3061 2324 1371 2924  268 2261 3445 2813 3144 3216 4446 1951  267 1953 3079 3324 2858 5125 3211  697 3878  550 2222 1239 4278 2917 2436 3545 3427  677 2634  522 1522 4070 4068  477 2832 3516 1376 1972 3737 1169  615  306 3520 2458  182 1687 2916 4138 3858 2326 1136 2563 1342 3273 5322 4184 4586 2034 5323 3722 4283 3822 5203 1977 3729 1056 2144
  667 3939 2390 1375 1797 3975 4291 4187 1521  560 1482 4700 3212 4236 4648 3982 4389  847 4728 2161 4760   12 3388 2295 1403  985  476 2740 3255 4116  579  907 2109 4992  278 1298 2367 4495 4385  224 3234 1535 3732 2312 4792  775  481 3143 1493 5082 4486 1156 2355 4143 1646 1562  784 4171 3000 4432 4289 5056 2621 1849 1548 1052 2934 4935 1513 2510 3289 2080 2404
 4934 2176 2630 4585 3865  955 1092 2035 3298  313 2566 1279 5021 4073 2768 1453  696 2200 2810 3897  603 1901 3486 1726 2625 4622 1866 1992 3087 3779 1335 3375  282 2687 4007 2576 2869 3139 3452  469 4255 4707 4587  820 5076 3150 4261 2265 1392 2030 3369  842 1796  956 3458 4962 2975 1888 1593 4847 1075  947  285 5026 3864 4931 2979 3646 3098 3268 1698 1824  151
 4455 4740 1428  360 1228 4183 2628  241 3425 3535 2328 3293  203 5025 1084 3102 3296 2977 1126 3693 2719 5200 3222 2322 1424 2094 2164 3546 2703 2496 2834  329  578 1354 2286 4247 1555 3023 1117  796 3681 5028 3052 1518  373 1089 2732 3113 5121 1881 4223 1729 4693 3090 4644   70 2342 1193 4338 3794 1852 4443 3326  298 4220 4000 2213 4541 3478 2991 2339 2360 2421
 1657 4974 5285 1135 2368 3067 4976 2427 5040  554  710  164 3095 2349 4057 4046 4771 3679 3564  128 2102 3801 2206   94 3500 4940 2618 4391 1748 2338   61 1762 4642 2171  101 5316 3677 3127    1  226 3733 2294 2441 2089 2790 5108 2353 3670 1256 4529   22  378 1467  228 2212 2892 2422 3615 2487 4554 4959 3690 1641  161  755  396 4095 3026 1755 4842 2001 4667 5149
 3401 3735   30 4128 4886  872 2918 3262 3538 5111 4014  642 2048 1667 1769 1760 5109 1666  327 2363 4251 3416 1093 4362 3457  653 2438  952  957 5311 3302  504 4202 2271 4686 2129 2223  431 2259 2131 2036 4743 2279 2076 3226 4564 3631 5077 4388  748 2718 2982  686 3184 4204 4829 5173  895  398 2818 4473 3251 3384 3447  749  115 2440 4033 1351  899 3377   40 2057
 5297 3907  304 3265 4492 2800 2400 3539 1900 1831 3017 4152 3110 2752  103 4567 2087 1083  544 2889 4542 4912  343 2920 5232 4892 1613  551 1183 1758 3336 1283 3768 2364 4475 2771 1277 2507 4499 1316 3993 3716 1868  982 4833 2616 4216 2272 4452   13 5113 4525  770 3179  576 1086 3616 1490   72 1329 1690  488 4321 4476 3530 3848 5195 3976 3992  409  944  988  390
  754 2980 5008 1009 4773 2830 1875  474 2667 4778 1412 1038 3819 3207 3403 3966 3281 5280 5236 3174  825  646  442 4727  580 1227 1081  193 3700 5276 3649  225 1556 3256 1267 2231 2467 1090  472 5182 3983 2569 3111 3986 2591 2572 3947  630   60 4502 3984 5095 3460  616 2178  130 1130 3054 4349 5079 1565 5198 4616 2493 2761  535 1686 1049 4103 2163 1731 4906 3657
 4651 1982 4761 4365  318 4024  482 3809 2485 4882 1539 2859 1735 4509 5212 1632 3898 2609 2637 3672 4201 3209 4588 1033 4754  635 3721 3935 1452 1774 4900  308 3015 3919 1323 4146 3619 4512 1836 5220  997 1779 1006 1308 1727 1771 1198 4624  102 4869 5120 4493 1352 3673 4208 4062 1019 1369 2974 2354  201 1191  568 2409  495  822 3581  467  980 4747  542 3405  971
  540 4905 4999 1061 3357 2513 4295 4185 4899 3797 4488 2662  996   19 3470 1258 1579   16 2559 4875 1566 1154  742 2003  339  121 4776 3328 4400  454 1418 2794 3283 2309 4359 3517 2997 4459 4662  801 4200 2016 2672 4412 5180  963  835 1835  713  211 3835 1047 3978 3937 1775 4120 2140 1216 3691 4104 2873  894 4762 4609   66 4904 3867 2455 1516 4571  612 1167 3414
 1231 1564 1918 2751 3120 4055 3804   34 1752  685 5222 3688 2047 2762  341 1917 1842  675 4820  141 1414   99 2933 3596 4421  826 2796 4944 4982 4151  900  450 3477 4669 1615 5163 4159 1898 2381 3650 2921 2961 4225 4737  445 3852  666 2298  189 1473 2116 1892 2162 1253 1303 2096  438 4638 4122 2905 4643 2419 2981 5286 2502 4285 2877 3894 4315 5078 3606  133 2941
 4091 4861 4358 3707 3740 5122 3713 1665 2664 5266 2949 1261 3701 1612 3624  385  647 5093  294 2605 2784  381  715 2123 3843 3451  533 4170 4426 3507 2822 4240  782  264 1809  875 1045 1976 1314 3394 3868 3683 4287 2285 3233 4114 3134 2893 2965   49 3696 2165 1150 4744 1127  345 3200 2221 2321  229 3532 4065 4301  709 2394 1018 5328 4910 3057 2749  485 2061 2415
 4921 1115 3072 3873 4353 3908 3246 3342 5000  179 3526 4975  258 2944 5039 2197 3765 4134 2647  435 5288 5225  706 2519 5260 1148 3738  561  174 3235 2260 1114  817  419 3101  827 3323 2999 2399 4396 3097 1532 4610 3640  126 3030 4079 1326 2219 5275 1095  463 3288  887  727 4265 4557 2051 4884 4032 1340  886 2508 3488 1682 2891 1501 1022 3826 2068    3  583 5126
 4849 4215 3567 1386 4372 2262 4602 2882 3378 4888  296 4854  351  860 3258 3295 4670  751 5024 4081 3145 3439 2451 4078 1400  622 2359 5270 1445 2745 3117 4166 2754  933 1137 3214 3979 2453   93 1315 2895 2391 2452 4793 1109 4307 3059 2498  632  231  492 3719  732 2388 5029  415  838 4117  959 2306 1421  423 2244 3871 4423 2919 2538 4111  873 2350 1446 4657 3951
  992 3936 3208 4420 4118 4566 4298 1487 3304  486 1525 2276 4482 2632 1914 4503 1964  896 3540 3455  855 2518  543 1844  960 4605  689 4119 3645 2143 2734 2770 3761 5241 1265 5059 1388 4832  803 3155  577 3949  160 1843 4575 2214 2352 3580 2862 3350 1553 4798 4897  721 4581  764 5096 4579  397  778 2153  725 2767 1549 4753 5115  961 1946 2643 3236 1927 1066 1147
 2459 2658 3330 3625 1709 3194 2883 2512 5255 4903  845 2482 3711 1958 3372  841 4089  806 2387  498 4479 3807 3784 1272 4041 1181 3033 3509  150   95 1983 5209 5084 4174  818 2855 3294 2900 2596 4326  816 4636 1339 5106 2516 5072 4293 1413 1781 3221 1321 2173 3648 2009 1074 1819 1423 4457 4676  573  277 1405 4729 1286 2505 1442 5166  413 3428 1200  729 4809 1683
 4456 1616 4596 3346 3888 3800 2424 2985 3773 4352  604 5204  799  708 2684 3039 3997 2307 1439 3689 1815  525 1876 2401 5114 4674 1483  962 3287 1192  991 1780 2663 1173 4069 1478  528 1814 5161 3502 3963 4386  765 2849 2468 4973   21 3444  184 1978 4440 2864 4175 1479 3081 1125 3861 4721 4510 1967 3376 5098 2988 4947 2275 1921  518 1212 2968  434 3126 2107  127
 4678 4243  392  134 1105 1574 4631 2305 2327 5129 3837 3987 1696 3723  210 3731 4249 5061  740  797 2817 3078 2957 1642  361 1604 1013 1243 4878 2746 2238 2217 2416 3623 3961  219 1789 2023 5014 1536 4883 4334 2310   25 1077 2931 3165  335 1438 1772   53  386   62 1659 2704 4221 5238  301 4462 3674 2963 3857 2986  912 4560 4001 2758 3739 4746 2506 4730 4980 4853