 1510 3714 2924 1922 1383 2662  336 3057 5384 4626 5101  392 4539 3092  652   61 1044 3019 4991 2269 3212 2396 5471 1621 5140 4967 1437 2173  535 3649 2202 2256 3283 3593 4506 2376 5006 1881 4563 3963 3936 4714 2411 4575 2191 1094 1185  154  743 2168  399 5044 1008 2641  671 4629 1917 3096 2919 5191 2247 2026 4828 3288  638 2547 3693 1570  997 3905 2066 3441 1341 2468
 5110 2545 1736 2772 3304 2470 4404 1984 1584 4743 3352 2718 2774 2602 1482 1571 1867  456 3786 4450  348 3776 3439 3203 4955 1657  600 3532 3511 2628 2092 4601  741 2117  906 2727 2242  185 3080 5178 4162 3050 3888 4769 3830 3651 1888 4821  513 2147 2529  117  881 3337 1496 3217 4606 3891 2166 4418 5445 1979  734 5018 2291  935 2333 5008 1953 1232 3541 2121 1607 1847
  172 2872 1517 3044 2416 4791 2503 1800 3615  109  521 4501 4320 1772 5347 1925 1589 4226 2530 1619 3497 2276 3202 1564  821 4720 4997 3614 1947 1257 5093  702 4948  543 5116 3088 4334 1180 4118 4832  857 4409 4843 1887 2392  578 3930 1373 3605  645 2429  464 3453 3916 2132 3505 3181 2197 4191 3033 4688  968  556 3097 5055  549 3808 2965 2439 3927 3259 3098  831 1351
 3564  259 1508 5194 4961   60  160 1236 1281   73 1083  357 3251 4677 4053 2341 2679 3075  319 3644 3592 3751 4534 4079 1665 3859 4258 4852  647 4755 2511 3557  908 1851  294 4944 5322  468 5296  341 3672 3290  635 4911 4921 5190 4449  118 2235 4623 1362 2075 2795  774 1458  222 3938 2454 1484 4815 1076 3026 2848 3717 4565 3869 1967 5154 3148  263 2390 2509 4865 2572
 2629 4621 3685 1714 4141 2423 1314 4535 4333 1901  813 2421 4599 1638  400 1134 4817 1726 2351 4291 2514  730 2933 3269 4595 3069 3397 2575 4962 4685 2259 5144 3357 4235  385 4192 3967 5468 5248 1548 4738   65 3882 2812 1234  435 1774 2080  267 1057 1131 4800 1813 1435 2696 2578 1416 4309 1324 2176 2249 4686 1978 2296 4889  146 4198  749 1136 1995 4462  771 4572 2482
 1154 5284 2720 4427 4036 3621 4551 2205 4084 3549 3939 3186 4131  100 2428 2058 2898 4431 1590 3687 5245  803  461 4681  444 4833 4038  571 3841 4474  505 3456 1198 2490  686 2365 3767 1394  658 4950 1810 4035 2692 3565 1588 2739 5126 5344 1530  141 2465 5363 3110 4415 1848 2436 3093 3199  693 3427 1246 1300 4259 2427 1768 1381 2418 3815  418  134 4469 2710 1969  777
  226 5058 1062 2417 1870 2650 4385 4773 2537 5242 3457 2690 2763 3944 4194  729 4368  250 2496  816 1187 1113 2198 4117  301 4263 2867 1007 4734 4153 1897 2748 5422 5369 4352 3042 3484 2474 2616 3245 3056 4886  918 3892 4086  992 4655 1135  610 4759 2930 1809  733 3774 2118 3495 2957  379 4739 1746 2123 3483 2888 2028 2505  623 4766 3296  922 3528 5112  756   36  398
 2636 4871 1913 3807 1777 4288 5287 2786 2980 3230  179 3191 2385 3303  286 3232 2910 4401 4471 1750 5321 3688 4322 1817 2652  210 2605  145 5309 2606 4851  786  847 2912 1651 1421  746 4631  794 1751 3691 3689 3933 4958 4618 4298 2485 2347 1143 3074 3240  609 1891 1554 2165 1631 4560  593 5279 2708 2164 3228  337 4083 4439  812 2854 1271 2361 4037 4414   11 4169 1255
 5266 3410 4293  766 4935  695  299 5397 1049 2932 3539 1734 3854 1070  166 2450 4461 2435 2270 4798 5350 3049 1262 1757   42 2852  659 2560 4968 2726 1656 1653 3802 3843  194 4124 5009 5429 4341 4603  284 4485 4043  616 4824 4538 5081 5088 3025 2199 1713 2221 2181  292 3837  162 1053 3390 2593 4802 3612  184  475 1000  711 2051 1430 3724  264 4159  205 4562 2934 5213
 1845 4044 5342 3861 3040 5355 1987 1911 4956 2293 3904  598  417 5120 1938 1692 3444 3279 3481 5218 3990 3327 5220 5137  287 1326 4218 2534 3771 2380 3128  576 1578 3579 2467  382 2069 1102  837 1964 3616 1227 4782 5176 4442 1352 4213 3032 2798 5378 4295 1516 1963  719  156 2992 3753 1683 1406 4247 1505 3735 1465 1248  131 4330 3424 1283 1498 3124 1668 5243  894  758
 5465 2913 2956 3600 4881 3775 3782  132 5182  801 1050 1960  562 1761 2580 3629 2742 2076  139   53 4796 2366 4799    3 5438 1514 4814 3443 3964 3114 4609 4567  873  579 4393 1894 3572 5161  300 4684  449 1758 3358  672 2777  196 3727  869 5420  656 2285  582 1741 3066 1284 4532 4110 3525 3377 5268  891 2623  725 4855 4841 1311 5068 2273 4713 3045 1195 2284 3046 1205
  701  514 3665  613 2321 2135 1660 2880 3947 5136 1695 4000 2512   54 1537 3935 3713 4459 5146 4432 1188  183 2677 4016 4225 1862 2127 2478 4990 4122 3662 2307 4222 1422  558 4870 2914  762  604 4994 1400 3941  358 5143  680 4072 3293 1522 2497 1819 4500 5071 5374 3154 1968 1463 3797 1529    2 4260 3023  926 3277   23 3674 4039 5034 2801 2148 3366 4831 2963  472  991
   27  599 4420  190 2905   89 3801 1611 1155 1543 2160 4139 4464   17 2369 2005 3991 2787  879 3577 3736 1639 1251 3924 4526 5043 5050 4205 3321 2479 4579 4402 3993 2326 1549 4138 1941 3072 3087 3428 5084 3325 2364 2055 1563  708 1784 1035 1410 4285 1038 3425 2213 4761 3126   64 1994 1054  929 4482 4489 1333 3175 1500 5313  703 1237 4528 1824 4770 4573 3286 4527 4275
 2302 1700  545 3208 1060 3884 2594 2791   69 3887 5424 3636 5332 4657 1990 5459 1336 4493 1451 1836 2900 4032 3970 1682 1662 4519 1942 2187 3835  451 3402  887   58 4276 4924  265 3828  403 3591 2694  500 1441 3401 3053 3946 3545 4183 3448 2861 2255 1878 4196 1080 1988 4256 5343 2228  608 3182 1413 4999 1948 2515 3109   67 3214 5341 4607 1086 1403 4239 4456 1222  476
 4440 5210  848 1944 3305  796 3726  901  142 4929 4934 4397 3374 1644 1523  493  936  654  410  580 3871 4553 4137 3062 3211 4818 3737 5051 3047 1141 1301 3634 1841 2060 3501  438 3449 4779 5253 2757 4284 3180 2894 3494  858 3003  820 2816 4419 3237 5238 3189 3394 1003 3908 1707 4060 1643 2299  129 4525  528  731  863  245 4546 5351 1527 5434 4536 3508 1018 1966 1469
 4970 4780 1093 3470  218 3878  330 2472 1470 3192 3670 3899 4282 4699  612 1032  138 2400 4611 4747 2323 2698 5319 3116 5233 4338 2098 2378 1269 5317 3009 2070 3166  277 3778 1176 2267 1525  793 2773  573 2402 4332 3679  622 1718 3349 5196 2722 1312 1200 5476 3064 4540 2102  619   29 3987  726  655 1939 3151 1371 4502 5067 4444 4691 5085  872 3351 4283 1620  839 2245
 2655 4277 1795 3742 4089 4362  970 1519 4006  698 3628 1972  904 1100  594 2516 2526  285 3102  895  334 3732 2568 5180 4234 1886 1880 4753 4705 3744 4683  484 4864  706 4014 4042 1792 1766 3635 3889 4024 4231  261 2207  696 5290   24 3218 2635  375 2337 5129 1409  937 2359 4512 5202 4269 5418 2532 3282  636 2657 3343 2481 3897  332 5444 1600 5446  220 1999  861 4860
  996 3235 5323 2260  356 4708 5461 1556 5348 3663  221 1744   41 1793 4498 1043 1688 2128 5063 5115 3034 3222 5225 3542 1748 1169 3853 3014 3999 2371 5026 5234 3642 2204 1396 1001  460 3150  994 2738 4287 4242 2531 1524 5295  315 1319 3761 3452   84  653 1132 3630 3563 3504 4669 4395  291 4405 1252 2838  318 1026 4071 2536 2990 1629 2112 1858 5258  362 2091 4696 3298
 2327  108 5380 4757  368 4190 2939 2746 5451 3160  195 2736  321 1488 1743 1213 3885 4348  747  789 1356 2012  669 3548 2761  338  995 2227 3722 4652 1460 2907 3827 1684 1776 2308 4386 3745 1316 4951 2133 5276 4217 2395 1926 2297 4007  215 4100 4066 1711 2053  712 5271 3971 3084 3141 4015 4317  965 3923 3849 4949 1666 4797 1462 3328 2946 4389 5357  189  764  421 5206
  948 2413 3500 5047 3533 3466 2111 1908 2959 1976  988  340  944 3147 1788  883 4396 3957  304 3570 4741  851 3051  361 4521 5107 2313 5430 1305  660 1783 3159  914 4581  982 4510 5184 4960 4825  235 2443 2701 4520 3070 5219 4496 1139 1892 3851 3725 5109 4645 1617 5023 4201  288 2619 2277  491  876  621 2129 5205 4454 1178 4867 3436 2254  246 1825  805 4953 1436 1387
 4857 2561 2998 4058 2620 1781 3143 2818  886 3354  601 1932 2089 4203 1240 4963 4580 2670 1645 3312 1680 2749  976 1282 3491 1378 3198 2017  342 5035   32 4807   95  483 2624 3762 3361 1674 4898 3471 2239 5167 1755 5411 1834 4729 5151 2817  978 2350 5275 2663 5244 2420 4209 4095 3256 1048 3030  761 4628 2355 4002 2631 2375 2664   77 4057 1119 2067 4301  331  967 2977
 4905 3764 2587 3035 3640 2833 1258 2430 4094 4250 5308  825 2225 2789 4195 3643 5014 2238 5096 2261 1165 4135  419 2909 3700  555 1676  811 1737 5200  724 2130 1056 2476 4103 1191 2324 3142 1478  454 5121 2952  116 2856  148 2372  518 3330 5389  428  433  115 3363 3659 3179 4556 1466 5381 4820 4211 2590 4345 3575  611 1732 2027 4147  637 3846 3031 2120 4254 3894 3652
 2931   82  326  984 2634   38 1958 4305 1787 2041 3667 4452 4465 3585 1374 4229  439 2144 5298 1322  888 3398 2134 4964  275 1051 4826 4615 1803 4207 2825 1014 4142 3920  769 4206 5371 1997 5153 3721 2282 1411 1481 1842 4365 2471 2613 4244 2535 5426 1122 4228 5179 3780  966 2884 3299 4571 3459 4903 3829  853 1869 2540 3867 1030  625 2104 3429   40 1672  575 4561 3254
 5000 4822 2381 1418 1121 2492  640 2563 4328 1372 1492 5046 3473 3589 5188 3386 4149 1961 2095 5383 5467 4671 4372  767 3638 1162 1622 2920  900 1586 5158 2079  585 5415 1125 5155  665  581  973 4767  420 1550  866 1832 1207 4369 2142 1515 2922  735 3576 5123 3598 2431 4268  349 5216 3595 3695 4077 1148   83 2566 4243 2332 3095 3879 3162 3224 1229 3791 2189  596 2119
 2550 2138 4887 3768 1720  670 2073 4593 3523 2501 3185 1250 3806 1918  295 4772 4437 2717 2162 2569  559 5354 2223 4936 3810 1633 1802 1264 2250 4140  972 5250 2846 1538  366 2633 5130 4810 4646  586  911 3759 1010 3966  677 1194 1340 2461 1640 5311 4073 2229  574 1474 1327 5239 3041 3858 2180 1952 4433 4119 5393 2815 5070 1448 3632  447 3805 3942  120  511 3161 3255
 5240 4120 4664 2342 2607 4005 3043 2842 2042 1553   22 1654  459  251 2009 5076 3870 1233 1398  387  639 1179 1202 3104 3822 5352 4663 1129  552 2057 5221 1015 3661 1428 2661 4732 2917 3388 1616  283 5294 3540  169 1686 3226 3308 5237 3781 4063    7 3521 4327 5072 3961 5277  441 1442 2099 1445 3294 1217 4614 3474 1706 2473 1358 3856 2353 2958 3954 1318 2542 5261 4937
 3171 1592 3284 2760 2393 1895 3197 1278 2422 2322 5417 3673 2507 2184 4076 1390 2215 2725 2122 2100 4265  546 3900 4168 3409 5376  603 1031 2384 4803 5339  443 3463 3932 1581 3445  718 2687 1220 2169  763  114 4307  305 3139 5029  928 1065 3231 5412 4897 4417  748 1077 4598  916 1306  296 3007 5111  897  768 3831 2747 3825 2991 5004 5192 1184 3115 1245 5163 5235 2581
 1601 2105 5032 4398 3378 3773 2084 4470 1033 2766 4029 2784 4281 2517 4697 3893   79 3403 1636 3514 2386 1253 1705 3319 3792 2469 3120 5224  989 1385 4545 2036 3972 2741  314 3451 2981 5028  492 3675 3475 1811 4957 3314 3322 3266 4698 2460 5436 4726  913 2367 4342  227 2311 1368  947 2973 1829 1313 1943 1526 4959  957 2850 3734  800 1696  517  381 2546 2735 2704 2896
 3107 1986  112 3948  209  624 4313 1678 4835 4175 1738 4906  130 4795 2358 3331 1605  806 4435 4468 3740 3838 3201 2689  815 1838 5297 3833 5152 1218 3486 4847 2246 5065  909 2997 4776 1367 2868 5138 1928  880  717  408 3757 1295 2086 3370 4853 3016 2994 2107 3482 4171 2558 1293 3795 1152 1101 1794 4751 3264 1697 3794 2016 4895  107 3655 1843  388  975 3193 3028 3407
  554 4680 3609 2219 4027  346 3716 5094 1023 1704 3864 1868 2030 3555 3559 1702  547 2597 3253  871 5385 5105 5157 1518 2648 4380 3730 4578 5320  795 1289 3200  827 1335 1138  501 1835 2632 2196 1752 4423 3988 5059  309 3945  393 4856 5449 1173 4081 4467 1807 1193 3138 4150 1347  242 2711 4303  372 1991 4812 2555 3071 4354  772 5013 3566 2767 1174  591 2678 3371 2389
 2984 4292 4017 1073 3362 2494 3476 2987 4160 1189 1471 5473 1221  450 2140 3676 4844 2046 4746 3779  739 1404 5324 2902 4091 4023 4648 1081 5249 2318  474 3367 3524  833 1693 5099  836 2759 1388 1461 4630 1587 5396 1376   13 1717 1047  170 2520   12 1265 5391   81 5475 4152 5329 1298 5056 1302 5170 3733 4637 1760  797 1412  951 1036 1106 4240 3890 4109  391 4885 3622
 2275  744 2799 4518 2866 5368 3187 1171   66  203 1970 5118 4193 4382 3684 5305  760 4126  943 4390 4406 4146 3913 3329  838 1104 1082 4347 1275  691 3472 4597 2101 4425 2730 4087  339 4164 4550 2995 5040 1276 1624 3153  684 1168  463 5128 5103 2889 2216 3265 1098 3270 2252  679 2077 3274 4986 3158 4829 3295  225 4199 4180   14 1066 2809  694 2158 1342 4850 1667 1859
 2728 2309 1130  676 5456 2993 3617 2715 2029 5064 4763 4613 5300 1214 2110 2268 4839 1064 1330 1156 4251 1558  962 3706  217 5365   94 1359 4383 4232  829  915 5078 2230 4144 1649  846 1959 4589 3140 3860 2033 1074 3723 4008 3637 3063 3077  977  407 2175 2445 2804 2849  499 2967 2409 5057 5001 1767 2756 2567  618  289 1551 3581 4012 4392 3260  515 4636 5390 4884 1486
 3091  678 4165 3316 5270 5125 1983 4463 5166 3816 4093 2398 5195  570 3435 2802 1092 2222 2847 5466 4252 5069  987 3099  353 1329 1147  178 1225 5346  566 2953  313 1561   71 2706 2794 5197 2892 3626 2010 4177 3010 3464 3538 2617 2745 3678 3515 4001 2737 3787 1874  961 2925 3832  204 3238 1433 3588 2579  106 1399  234  473 4533 3769  550 1534 4837  453 4926 4775 2290
 4331 4972  369 2571 4074  963 4816 2052  149 2446 2001 2646 2835  956 2031 5086 4367 2611 4675 4883 2149 2316 3059 1822 4210 1547 4410 2954 3368 4047 2141 5335 2883 2811  919 1882 4596  648 2827 1425 5338 1266 1729 4938 2106 3442 2885  327 4762 2552  124 1973 4106 3454 1365 1175 2676  355 1716 1443 3434 1254 4097 3656 4682   63  933 1899 4530 3297 2319 2049 4778 3743
  617 1452 1511 1687 2857  633 2281 4304 1574 4130 4752 5075  710 2680 2937 1497 4760 3788 3633 2522 4878  266  778  126 5135 3462  467  896 3012  690 4312  426 5251 1555 3137 2622 4050 4508 4416 2970 1323 2441  563 2352 1464 2665 3599 1577 1681 2108  520  945 2087 1310 3712 5370 4627 4674 2193 4484 1893 1890 1689 3718 5407 4121 4914 2788 1091 4727 3986 1528 3876 4969
 4049 2412 1408 3690 3389 4719 2764 5002 4564 4942  478   16 3206 2637 3535 2335 2237 1912  537 4764 2116 4555 3603 2090  423 2241 1208 1419 2780 2383 1457 2201 1502 2921 1475  490 3711 2278 3340 4048 3553 2874 2699 4875 1789  144 3960 3396 4430 3273 4901  870 2686 5265 3431 2684 1196 4174 3496 2858 2452 4010 5066 2621 1641 2976 3917  224 2397  121 2500 4453 1216 1664
 5372 4781 1650 5327 1691 3177 2124 2085 2234  830 3404 5021 3798 4361 2477 2253 1290 1593 2244 1303 3647  628 4640 1885 1223 3739 3018   10 2356 3836 3332 3149 4632  188 4020 4373 2262  736 4689 3720  930 2357 4475 4792 3302 4255 5366  122 3060 1472 2172 1423 2559 2188 2377 5172 1778 2078 1883 1637 2671 3334 5108 3597 2553   80  826  171 3135 1274 2137 5011 4310 1946
  367 2151   26 1837  626 1937 3001 5232 2346  351 1116  855  363 2190 3919 3618 3123 3469 5173  835  386 3554 3590 4605 1339 2654 3550 2589 1935  193  192 4272 4740 2363 3994  457 1426 2615  642 3844 1580 2955 4503 4021 1827 2658 4600 4642 3268  704 3956 5285 2248  644 4411 4693 2209  614 2194 3820 4316 4408 5356 4170 1871 1239 3660 4834 3620 4424 5349  668 1199 5228
 2063 1346 4524 5405 4789 5198 5447 2999 4492 3236 5312  127 1754 3112 3703 1931 1111 3799 1833 3926 2928 5304  903 1022 4823  854 4888 4641  101 3108 4712 5186 3479 2751 2881  481  785 3556 3252  427 3865 2989 2697 2370 2968  856 1552 2753 1541 1753 2870  899 5299  303  302 1719 4863   46 3257 5336 3710 2048  629 3584 4105 3090 2115 2724  964  233 2003 4046 1068 1903
 3348  834 5246 4742   20 1384  850 2415 4019 4771 3144 3413 1021 3125 2280  177 2391 1002 4845 1598 2414   43 2819 4804 5291 2625 2045 1506 5333 1166 5399 5428  323 5410 1115 4473 3487 3013  223 4329 2945 1235 3146 1877  311 1149  932 2050 1424 2109 1273 3411 1052   31 2447 4481 2752 3544 4874 1730 4085 1392 1361  279 3818 5442 4325 5087 5024  752 4899 3262 2972 5307
 4516 5038  867 3242 4805  380 1020 1024  471 5441 4744 3686 1354 4075 2996  322  643 1993  663 5386 4880 3922 1710 4098  509 4786 4167  560  674 5117 1671 4672 3819 4695 3741  477 2442 1309  844 5382 1670 1108 1712  728  790  577 3440 3696 4531 5379 5472 3423 3747 1494 4848  152 2301 4212 2279 3606  544 5169 1401 2887 1531 2360 4108 2734 2456 2065 1157 5100 1150 2681
  415 4233 3982 3381 2640 3969 5423  862  666  186 2438 5288 2317 2666  219   90 4394 5027 4127 4055 2056 2595 4849  942 2875 4279 2382 2754 1395 1286 1559 4434 2702 4051 1103  359 4068 5316 5278 4952 2178 4278 5017 1209 1896 2155   49 3519  437 5289  445  103 5443 1501 2672 1562 1027 1382 4514  865 2800 4363 3608   97  651 2895    4 2582 2693 4070 5177 1756 5404 5395
 2368  700 1733   50 4788 4918 5267 2667   37 4612 4128 1151 4973 4479 3547 4123 2035 4907  912  946 2344 3106 4426  583 3168 2362 1775 1126 3210  424 5409 1350 2528  979 4375 2154 1632  649 3526 2603 1856 2157 5274 4928 1386 4694 1659 4178 4082 4977 4801  540 2226  526 4842 3122 2523  345 1490  252 4237 1648 3458 4387 1950 5281  745 3306 4132 2626 2015  495 4811 1630
 1183 3152  389 2143  980  938 5016  751 5124 4360 4610 5106 1467 1009 2723 3996 3850 4003 5211  564 2251 2258 2882 3666 2040 1186 2218 2499  328 2733 3601 3100 3998 3770  802 2336 3326 2464 3777 1268 2493 1483  925  999  524 4033 2660 1805 3796 3821 4451 4736 1280 3847 4651 4988 1013 4102  307 3997 4592 3372 1058  199 2405 3738 2334 3682 4559  396 5133 2538  993 4661
 3121 2019 4326 3537   98 3790 2125 1172  352 4112 2305 5255 1177 5208 4728 4577 1407  228 3580 2844 5091 3583 3132 3654 1360  646 1075 1857 3715 1072  507 2312 3929 3529 5156 4735 2448 4784 1849  525 4221 1725 4649 1906  569 5183 3338 2899 3857 4507 5361  551 2674 2600 1345 2783 1626  150 3055   21 2831 4186 4625  770 4758 4794   39 1884 1375 2233 4356 3534 1722 1602
 3664 1765 4547 3243  720 2432  310 3902 1332 2426 1790 1998 2114 3194 4172 4339 2006 4318 5432 2458 2936 2061 5199 1142 3054 1479 1615 3610  657 2286 5145 3604 1936 1815 4678 3008  486 4129 1294 4230 2869  429 3133  818 3842  799  191 4054  864 3772 2744 2770 1646 5222 2348   34 3414 3311  776 4932 3989 3493  954 2047 2007 4731  405 1801 5223 2740 4529 4854 2969 4413
 1876 1771 3641  539 3384 1798 1663 4568 4067 4273 4204 1328 3174 1956 2721 2644 1112 3117  664  917 5282 4673 1749 2487 2828 2072 2836 4125 1989  905  324  470 3981 4653 3940 2208  687 4300 1353 5019 5448 1612 2434  136 5095 5402 4574 2855 3313 3587 1546  589 5132 1981 1609 2288 4340 2243 3959 2303  135 5256 2543 3207  689 3169 4189 5318 1137 2810 2943 3699  455 1355
 1181 5201  125 1210 1344 1363 4819 4591 1244 2274 4910 4215 2645  681 5098 3233  214 1042 4783 2294  312 5433 2918 4707 3345 5330 4662  557 3195 3489 1296 3668  298 3220 4495    5 4687 1907 2283  213  898  157 4633 3364 2217 4353  364 3130 1160 2263 4223 2059   57 1084 5082 5187  548 2093 5306 2488 1123 4930  376 4876 3360 4487 5283  541 5406 2743 2851 3248  374 3898
 3951 4026 3758  229 1224   76 2192 5455 3627 2022 3958 4700 4619 4806 3421 2691  849 1769 1731 3880 1606 4208  306 2859 2373 1321 4692 2765  822 2394  497 2612 3209  256 2388 1212 2527 3002 3513 2533  588 3602  153 3492 3145 5387 3812 4018 5077 3766 1364 5226 4349 3596  859 2820 3105 1491 2878  260 4859 1069 1449 5052 1585 4978 2484 2082 1889 3365 4154  404 2903 3309
 4176  320 5160 5033 3578  773 4476  620 5041  452 3039 2988  105  212  924 2573 5373 4358 2927   91 3244 4509 1438  529 2272  792 1308 2906 4548 1444 2771 1140  727  206 4904 1924  271 3912 3301 1288 2139 4104 4974 4388 4504 2453 4584 3746 1456  868 4893 5469 5149 4101 4359 1904 5425 4913  110 5148 2038 4429  587 4336 2599 2292 1447   33 5022 2554  176 3310 2480 1006
 4166  885 3000 2649 3323 5131 4549 2813 1875 1852 4570 3406 1110 1954 5463 3400 1337 5286  280  354 2211 3468 3215 2700 3863  164 1090 4725  253 1658 1977 3985 2731 2570 4983 2879   19 5302   25 2796 1016 5217 5227   18 1786 1782 1190 1256 1279 2508 4151 3877 4011 1167 2793 1992  572 1317 2960 4749 5165   15 4998 2329 3522 4668 5083  254  394 3437 4706 4872 3058 3263
 5398  632 2483  350 4582 3289 1804 4774  675 5303  561 3681  824 3645   56 5419 4267 4717 2410 4080  163  709 2618 2716 2758  662 1439 4721 1927 1679 3756 1473 5263 3021 4505 2271 2948  241 2806 3934  998 3446   72 3683 4271 3839 2551 1770 2860  892 4457 2264 4185 4748 1417 5025 2020 1377 3811 1242 2656 2974 3067 4861 1446  990  828 2583 3415 2769 3127 4877 2938 2630
  247 1357  809  565 3974   85 2455 5413 4249 5247 2025 3702 4364 4289  715  531 1614  119 1299 3103  775 5015 1747   45 3376  757 3531 5074 1779 4236 5031 5269 1415    6   44 1864 3433 2021 2504 5003 5036 4133 2647 3962  852 2916 1454 3188 4670 5171 3911 3728 3906 3024 3267 2651 2518 3517  373 1089  158 2853 5005 3129 2719 4156 3350  506 3516 3506 3611 4916 2306 1818
 2340 1397 1480 4891 1898 1243  198 4966 5060 3984 3915 3037 2586 4030  841 4643 4919 1699 3561 5207  927 3065  882 3176 4756 2491 1379 2781 1652 4378 4665 1569 1900 4261 4588 4078 3755 4136 2236 2821   93 3375 4219 2231 2608  480  384  910 2961  370 4971  123 3952   35 2682 2695  634 2845 5310 1690 1545 4879 4522 4034 1985  343 2403 4733 3076 2638  273 4274  685 3300
 4399 2562 4711 4745 4155 2513 5012 2379 5401 1865  584 1153 4566 1133 3317 1544 1349 2463 4658 5168 2424 1468 4290 2462 3928 5010  522 4862 4995 2343 2331 3490 1127  431 1315 1061 2502 2088 2544 3017 4107  810  630 1247 3586 1951  843 1085 3373 3708   52 2584 4116 3258 3804  187 2940 4214 4624 3914  971  257 2797 1476 1114 3344 1850 1228 5272 3027 5185 3089 1039 5080
 4246  489  920 1272 1823 5431 3874  180 1117 1046 3004    1  281 4882 3968  814 4868 1161 5230 2440  688  592 1628 2419 1675 4890 4604 1685 2755 5092 2705 4827 3498 4690 5273 4666  939  804 4441  860  602  607 1291 4515 4045 3131  395 1698 2240 3036  986 3335 3881 3164 5113 4667 3653 5236  485 4590 2315 4370 2338 2834 3184 5231 2947 1560 3623 3461 2387 2113 3223  615
 5045 3680 5460 2071  553 1703 4157 1287 1504  512 2349 2548 3477 1742 3173 4455 3809 2886   59  502 5203 1231 2891 3625  165 5164 4253 3918 1879  174 1037 1270 4925  243 4902 3749 4202 3196 1431  201 4184 3227 1334 3527 2210 3613 1219 4143 4976 2709 1512 1041 3450  713  893  532 5048 3183  902  258 1921 2840 1916 5359 4933 1440 5421 3872 4350 4346 5264 3048 1405 3229
  197 5097 4059 2814 5150 4602  239 3417 1920 5062 3752 1503 3639 3852 3020 3868 2966 2043 2643 1389 1980 1063 1533 1532 2000   75 2577 1661 1872 1259 3754 4858 2054 1391 3399 4412 3094 4537  494  434 3840 1267 2944 3866 3078 4446  248 4701 3460 3571  960 1971  519 5439 1816 4257 3499 1854  414  496 5458 3165 4939 5388  416  737 3455 3594 5189 1485 2908 1477 2266 4315
 3369 3729 4996  430 1820 3648  255 2310 4379 1728 2822 3763 4840 4965 1067 2159 1839 5259 3803 2081 1535 3785 4115  446 2596 3292 5280  542  406  953  344 2186 4754 2779 4355 4622 3052 3467  921  276 4808 1297 3281  425  371 1170 4009 4480 3085 4616 3910 4922 5334  740 3568 4765 2574 1957 2985 4161   92 3707 5440 1655  753 3698 4488  240 1739  650 4730  249 3392  390
 2097 2232 2401 4158  137 4343 3320 1572  890 2785 1087  268 4262 3950 3172 4490 2406   96 3992 1071 2732 4069  536 1059 3405 1603 2304 4460 4541 3896 2585 3824 5209 5039  401 2975 1420  765 4676  784 1910  402 4941 1566 3983 2163 4302 4306 3573 2837 3607 3393 1866 3391 4892 2673 3488 1647 2510  503 2399 5301  791 3510 3631 2295 3973 5345  974 4483  958  244 1226 4554
 5252 5049 3823 1487 4993  272  143 4992 2354 5315 3512  842 3975  325 4335  907  383 2018 2824 2823 3520 1846 2062 2915 3709 5400 2459 2068 1902  969   48 5204 5030 4472 2174 2557 3624 3978 1635 1261 1840 3219 1088 4477 3275 1745 3246 1677  290 1260 1241 1118 2808 2890 5174 2841 4931 2004 4894 3955 5435 3118 1238 1955 3216 1215  409 3355 2843 1434 3006 3883 2668 2444
 3848  705 3234 1873 2257 5326 4517  216 3111 4915 2524  274 2011 4311 2023 3875 3261   74  297 1694 1493 2437 4227  889 5470  959 1192 2565  308 2564 1331 1762 4659 5416 1814 4299 2064 5454 1673 1402  534 2200 2425 3704 5403 3701 4245 2541 3977 2146 2610 1105 3291 3953 5159 3190 2923 1099 2103 1853 3005 1608 3619 4587 4064 4813 2150 5053 3081 3814  211 1304  568 4286
  597 2830 1369 3315 4114 4583  510 4351 4200 3082 1206 3280  173  697 2604  823 5464 3530 1669 1277 5293 3834 2170 2152 4908 2498 3438 2942 3155 2525 1806 3015 4923  759 4703  875 3937 1017 3569  335 1930 2971 4608  530 2778 3249   55 5215  781 3485 2037 2729  282 3418  168  732 1249 5212 2762 2950 3502 4989 5437 1325 2790 1821  981 4134 4499 1045 3119 4478 5073 4787
 2776 2926 2136 3979 1124 2904  817 5453 1962 4374 5328 4028 2669 3426 3333 4647 4724 1780 3509 1715 1453 1004  202 3478   62 2014 1011 3157 4486 3163 5229 1642 1005 3379 3543 3341 4264 2096 4511 4594 5119 3359  238  412 4052 3793 5314 1120   30 2609 3760 3783 4197  113  714 3170  262 2978 3285 3241  931  182 2328 2171 2466 3965  377 4980  413 5457 4323  755 4985  523
 2768 2979 5104 1808  952 1536 2805 4702 3671 1627 2832  877 5102 1204  333 2949 4709 3731 1844 2034 1831 1540 4945 4096 3562  140 4428 5254   70 1499 2404 1197 1095 2713 5337 1320  667 1791 1507 1812 4400 4163 2320 4321 4750 4041 2707 1579  465  181 5364 3480 3697 5474 2185 2893 1542 4376 4793  365 4092 2506 5325 4344 1583 3250 3387  329 3083 1727  448 1623 4013 3068
 2220 4148   68 2008 1029 3901 4722  692  884  682  232 5141 4377 4294 4718 1285 1145 4314 2489 4297 3038  832  738 4617  955 4634 3650 1613 5054 4896 4873 2153 1735 3705 3813  200 4557 2002 3800 4491 2451  941 3022 1025 1830 4715 2865  788 3826 3395 5175 4656 3582 2873 5257 4308 2871  819 2195 1393 1618 3943 1568 1576  378  605  641 5127 3845 4768 2935  874 1974  808
 1855 3503  983 4981 5331 1573   88 1489 2863  527 3339 1709 3061 1595 4188 5427 3546 2161  783  442 5020 5193 2659 3353 4716  707 1929 2714 5262 4660 3980  159  750 1797 2044 2094  151  208 1940 3307 4982 4987 4737 4542 3134 3342 1414 5037 1759   47 4830  432 5260 5462  469 1107 3385 4296  950 3156 1723 4062  360 2167 2486  661 2287 2983 2592 4912 2345 2083 4357 4216
 1159  716 2074  466 4569 1040 1861 1909 3949 1459  878    9 1019 3657 5392 2183 1164 4809 5360 2627 4099 1109 3113 1740 1509 1860 4644 2300 4940 2325 1965  533 3558 2642 4407 4497 1182 1307 2126 4723 2862 3748 2864 3536 5007 1348 2775 3213 4381 4654 1429 2685 1521 3692  133 1763 1211 3447 3694 3221 1828 3669 4337 1610 4438 4421 3925 3272 5375 1163 1539 3239 4173 1597
 2224 4448 3167 5089 5079 1923 2206 1975 1934   51  590 3719 4946 1724 4266 1055  798 4371 1096 4954  780  631  699 4280 3574 5134  940 4710 4443 3347 2013  673  985 4785 3422 1773  934 3886 3646 4113 2289 1799  147  722 3873 2177 4391 3419  458 5142 1144 4224 1764 4324 4639 2986 2964  949 1982 1721 2982 4909 4866 2688 2782 3909 2703 2032 2433 2839 3178  807 4920  104
 2495 1455 1450  498  487 4836 2653 1949 2826  595 1914 2803 5414 4585 4900 2598 3789 4040  440 3086 3073 1028 1158 3430 2588 2951 1078 2182 2298 5181  567 1366 2339 5452 5394 5090 3204 2131 1604 1370 3995 4031 5139 1128  683 3383 4179 4065 2145 3855  155 2408  754 2024  167 3318 4704 3276 3784 4220 4650  422 1826 4056 4947 3551  508  237 3225 4620  516 4025 3907 2449
 3380 5292 3412  175  606 3976 5042 1495 4403    8 2792 2829 2203 5061 3356 2179  347 3765 4088 4544 2675 4445 1230 1575   86 4943 1012 3560 4576  111 4384 4061 4022 3416 4466 2911 3432 1567 4917  627 1582 2750  479 2519 3324 4248 4241 2591 2521 1203 2374  482 1701 2962   78 3136 3895 5362 5340 2212  207 5353 3271  236  231 3903 1079  488 4004  845 5162 4447  840 2614
  411 1796 1557 4790 2941 1338 4984 2265  128 4182  504 1708 2539 1432 2576 5147 3518 1996 3567  923  462 5377 3287 4513 1427 4927 4975 1919 2457 2876 4187  721 2314 2549   87 5450 4366 5408 4238 2639 2683 5122 2877  723 4979 2601 3420 1146 3247 1034 1513 1343  782 1905  316 4777 4638 5114 1596 3817  293 1097 1263 4552 5241 4494 1565 4586 3408  230  161  787 4422 4436
 1625  269 2475 3101 4543 4270 2556  742 3029 1591 4523 2897  436 4869 3862 2929 5367 4558 4635 4458  397 1292 1520 2039 1933 1634 3205 3346  278 1915 2712  270   28 3931 2901 3552 1380 1201 4090  317   99 2214 1599 4679 3465  538 4319 1945 3382 5214 3278 3507 3336 3677 5358 2407 3658 4145 3079 2807 1785  779 4111  102 3011 1594 3750 2330 3921 4181 1863 4846 4838 2156