  100 2614 2012 1531 3594 1833  153 5413 1451 1227 3098 5305 5316 4502 3976 5281   84 4269 2020 1073  717  188 3102   60 2109  567 2525 3779 3574 2191 5562 3112 1347  270 4335 1354 4420 3065 2160 1202 3036 2641 5211 5137 5033  710 3259 5485 1579 5306 5575  109 3879 4509 5382 4878 1992 3801 3126  298 2813 3249 1459 4321 2460  688 2110 1785 4306 2251 2942 3870 5054 1226 1004
 3334 5041 1849 3838 2509 4176 2298  323 3504  716 1027 4182 2282 1701 1159 1906 3525 4087 3060 4064 2289  473 1097 4699  730 2964 3862 1131 4812 2117   11   66 3436 5482 5452 5109 2753  909 2770  807 4412 3199 4455 3293  544  491 2560 2923 4964 4324 2929 1338 1718 2320 4254 1635 5519 1967 3685 5325 5339 3577 2888  324 2495  959 4012 5394 1753 3980 3645  218 5059 2815 1112
 2259 2754 3485 2704 5579 4781 4169 4437 4925 2749 2700 2541 4511 4461 2240  424 4660  834 2221 1441 3548 1952 2376 1673 5049  271 5457 1262 2397  383 2668 1466 4942 3292 2599 2951  994 5061 4009 2673 1771  902  724 2407  103 2462 5192 1485 3000  898 2003 5610  729  425 2074 4645 2303 2230 3832  436 5287 4825 1074 5615  837 1240  751 4934 3327 4209 5356 1968 2565 3108 3750
 1101 5312 5432 4374 4500 1759 3636 2478   85 4912 3357 4757 1224 4802  950 5617 4136 3811 1476 3388 2896  257 1194  822  678 4866 1281 5503 2421 3335 3660 1558 3336  139 3861 4619 1238 2083 1573 5108  286 3599 1492 3532 1779 5251 3955  165  355 1723 2978 3786 2219  284 2613 2739 5238 1207 3165 1750 1293 5000 2862 2055 5483 5184 5227 4001 2212 1191  241 3064 5509   82 1920
 3566 5231 2196 4395 1038 3261 2545 5422  414  872 4480 1676 1857 4265  367  926 1679 3188 2685 4227 4122 4936 5513   41 2034 4924 3907 5353 4208 1369 4659  529 2871 5541 4388 3957 3673 3877 5083  985 2268  147  754  124 2967 2390 1595 3958 3063    5 2190 1010 1049  860  183  152 3604 5358 5389 3546  908 5019 3740 5470 3445 1268 3284 1134 1452 4608 1195 1887  890 4349 5454
 4382 1428  624 5163 2926 5106 3090 1570 1139 1179 3137  239 4110  242 3216  856 4066 1306 1067 5250 5048 1211 1141 5616 1400 3467 1438 4832  643  801 5205 2664 1791 1915 3615 2976 2831 2015 2979 1055 3005  402 4498 1082 5064 1850 4222 4929 1355 2124 2677 1516 2910 5225 5269 5223 5471 5418 4591 3736 2337 2494 3209 1036 1115 4033 2544 4738 1161 5489 1831 2307 1553 2417 1405
  956 2920 4201 4668 4485 3048 3921 4532 4100 3277 3237 2198 5576 1319 5464 3424  396 2319  635  798 3197 1106 2914 4520 4957 3502  919 1190 3918 1713  653 5560 4486 4037  782 3718 4377 2909 4499  173  932 4970  884  699 3852 2620 4359 1754 4436 3593 2354  350 3505  496 5200 3998 1583 3224 1217 2876  326  824 4357 5235 4043 3790  726 2702  786 5619 4869  461  375 1174 2182
 3256 3337 1936 2917 4071 1564 3086  194  892 4943 5442 3833  316 4742 1604 4516 1311 3170 4065 4392 3220  536 1035 3128 4905 2809 4086 2329  192 3362 3983 1545  596 4018 5618 4762 1342 5469 4378 1050 2956 5570 2368 1774  411 2121 4391 2834 2863 5502 2817 2890 3222 4683 1060 1318  224 3402 1455 1294 1672  967 2856 5607  114  129 4151  723  499 1719 3775 2968 4542 5328 4820
 5351  398 2447 4303  620 2516 1574 1726 2093 3183 5219 2766 3132  317 2491  949 5491  818 5410 4904 5172 1888 3484 5307 1756 3854 1498  354 1538 1929 3778 4865 4334   23 1246  789 1407 5608 3770 4816  484 2441 2202 1426 5021 4554 2827 3290 4417 4242 3377  310 5035 4397  335 3646 2571  858  519 5183 2309 3543 2120 4352 3133 3917  921 1113 4989  944 5392 2681 1818 1853 1631
 3245  171 5002 2830 3873  442 1130 4482 4433 2044 3661 2933 2456 3991 1337 2075  988 1816 5157 1642 1480 5440 1884 3412 1339 3700 3010 4903 2575 5039 3022 2292 3008 5236 4027 2445 4164 1474 3524 3603 5553 2262 3200  626  599 5309 2969 1201  339 1329 2556 5123 1367 1243 2089 2472 5426 2757 1359 1413  739 3696 2283 4811 5477  633  644 2036 1640  648 5024 1091 2970 5363 5443
 3184   70 3344 1526  320 4712 5012  210 4274   88 4223 1777 2486 3406  684 2279 1163 3573 3009 1145 5478 2372   97 4418 2807 2777  502   63 5091 2550 3492 2746   16 3536 3026 2081  348 2022 4017 4646   12 3705 1533  586 2100 1869 3317 4113 3274 1985 3768 3360 3940 5609 3285 3851 1819 4849 5624 4478 1491  639 2504  572 4612 2239 5086 1395 5361 3595 5398 4788 2272 5065 4311
 2431 3621 2588 1221  886  223 5512 4477 4990 2392 4808 5552 4508 2559 1728 5126 4709 5027  196 3999 3363 2423 3904 4760 5350 1875 4901 2695 2811 3800  912 5366  965  373 5171 3913 2293  394  728 4713 2928 1418 4881 2508  207 2622 4406 1153  415 3702  140 3766 3239 4112  604 1434 2249 5505 3034  844 5497  916 4129  760    7 2016 1218 3722 3163 4850 3618 2323  534  226 1566
  630 1787 4632 4613 3956 1404  255 4900 2260 3470 2552  186  419 5173 1889 4175  263 2158 4616 3688 1866  179  907 2737 1543  175 2828 1678 4183 1529 2457 2071 3175 1957 2324 2312 3442 2255 4527 2974 2461 4288  935 3267 4078 2338  132 3927 1241 5587 1876 4162 4666 1170 1677 2413  458 2473 5199 1313  427 3647 4428 5252 4067 4023 4363 4889 4708 5197 2076 4952 4710 4549 1881
 4791 2718 4696 2019 4621 3347 2512 3320 2779 1137 4394 5105  661 4405  771  896 5063 1266 3127 4962 4076 2885 3951  565 3836 3367 4259 5262 4452  940 1448 1380 4036 5104 3192 2689  722 4016 3030 2050 1911 5125 2063 1327 1797 3483 2971 2169 4557 2584 1898 5344 5007 1610 1364 1794 2137 3616 2254 2172 2317 2674 2966  718 2995 2477  532  479 1431 3928 2665  245 3298 3815 1402
 5124 4013 1168 2873 3093 1667  690 5152 1292  180 5341 3825 5160 2794 5461  838 3860 3970  356 3871 4623 1522 4545 3204 1626 4864 1155 3166  952 4167 2728 2401 2925  612 1641 1300   15 1087  371  407  906 1256 5411 5159 5568 4450 3311 5081 3391 1350 4252 2222 1058 1180  115 1501 4601 5529 1859 4679  128   30 4408 3587 4702 2322 5308 4493 1822 1772 5433 1503 4044 2521 1984
 4488 5286 2638 3756   29 5292 1601  386 1015 2301  249  399 4211  727 1464 2955 4279 2420 4249  951 4046 5182 2653 4740  368 3579 2767 3195 5176 1079 5147 4487 2715 5466 3628 1283 2433 5277 2173 3146  325 5165 1440  778 3715 1189 4672 4892 1938  254 1310 1913 2290 4888  488 2714 5371 4465  918  587 3001 2688 5479  864  312 3570 5320 4853 1780 2090 2930 5528 2053 1433 2526
 2791 2594 3905 1277 2025 2246 1593 4192  522  340 2043 3229  957 5303 4364  963  667 2682 2277 5045   71 4446 3963 2370  433 2511 3557  821 4985 2287 1862 4338 5419 3844 3241 2603 4322 4547 4590   65  588 2683  332 2381  377 4992 4264 3481 2785 5595 1341 2033 2211  578 3606 4387 2439 1572 4526 5347 3447  344 2180 1177 5511 4022 3954 2321 2686 1709 3433  359 5589 5404 4031
 2048  830  792 4464 4092 4426   50 4852 3404 4541 2823  156  555 5180 4917 1649 5455  894 4407 4753 1505 1683 1689  549 4876  379  878 2308 4958 3202 4241 5298 1534 4088 3451 1961  990 2235 3864 1296 3926 2690 4662 2580 4427 1817 3689 3503 5622 2547  181 4251 1102 4153 2806  779 2210 5333 3857  341 4797   69   13 2463 4438 4996 2606  388 2244 5066  551 2357 4039 1639 3560
 4401 1682 4451 2347 1706 3329 1012 2105 4906 4840 1643 3841  155 2981 5071 2546 1053 1821 3283 4728 4286 1844 5011 4810 3988 3371 2094   91 2041    6 1100 4841 5062 3567 1417 2394 5585 1123 5405 1686 1557  475 1863 5114  431 1815  405  426 4518 3217 3985 5510 4429 4231 4234 4919 5431 1152 3322  119 3762 3859  526 3777 2634  808 1412 2679 1403 3563 3466  683   25 3171 4431
  817 4367 1743 1084 1353  756 3459 2358 3028 1198 5142 1479 3961 1650 1630 1497  590 2435 4331 3602 4052 4531 4933 1267 4366  759 1550 2391  605 4902  897 4701 1509 2429 4057 5315 5055 4403 1160 5542 1536 4109 2822 2799 2203  143 3726 1307   14  485 1571  366 5038 3304 4128 4536  387  655 3168 3110 3922  410 2743 4440 4673 4551 5313 5132 3045 2371 5201   46 5158 3640 4019
 4937 4909 2639 2720 4507  679 4537 2792  256  234 2850 2568  893 3018 2581 1764 1714 3561  746 5139 3023 2119 4863 5527 3191 5221 1196 3508 1303  975 2342 4458 4795 3231   90 1209 3731 1778  506 2940 3422 1704 5494 3565 5533 3052 2821  265 3490 4350  958 5076 2366  208 3834 4354 4860 2334 5278 1653 2542 2943 1370 3409 2369   96 4944 4339 4106  634 2422 2573  618 1981 2962
  229 4765 2611 3431 2233 4263 5206 1408  973 1390 2712 3979 1517 5515 5421   74 1598 5072  883  307  689 5343  582 1627  929 2140 3494 5551 3675 5538 5592 2793  705  735 5468  869 1624  820 3095 2985 4890 2855 3716 1530 3607 5498 2781 3074 2537 4047 5270 4497 4157 1260 4513 2385 2479  753  547 4747 2250 4751 3383 2047 2513 2865 2553 4595  150 1132 3348 3246 4969   59  130
  725  219 1783 1063 4777 1739 1944  766 3457  889 2750 1325 3885 3769  204 5177 3712 3674  319  305 3386 4982  749 5571 5244 3542 2706 4731 4544 5599 5424 2587 1235 4099 1172 3511 3094 5226  831 1948 4235 4006 2852 2709  131 1389 3129 3764 4396 4247 4835 2908 1638 4144  720  178  315 1299 4143 4887 4654  976 5472 1154 1470 4011 3079 3668 1956 3664 2088  575 3651 2178 3791
 4861  497 5032 2237 3891 4671 2039 1715 4655 4495 3027 3185 5556 1562 2629  292 5100 3656 3456 5268  656 5584  852 4468 5516 2882 2860 1502 4606 3123 2595  233 4872 2515 2330  989 4171 2783 1245 3966 1993 2678  466 1314 3428  876 3627 4277 1565 4193   72 4828 3899 3741 2648 2427 5265  977 2901  757 1077  740 5213  269 5025 3720 1648 1022  847 4154 2529  144 2663 1625 2795
 4159 3252 5004 1496  141 1949 4793 4423   48 2403  243 4588 3584 1807 3582  177 2647 2510 3125 4921 3669 5484 3692 3359 2997 4553 1239 2551 2490 4196   22 1515 2697 4132 2752 2185 2024 1576 2501 4186 2480  941 1149 1587 3173  597 4755 5360 2030 5261 5368  804 4839 2135 3150 2467 2786 3498 2736 2257  510 3506 1080 5046 4474  251 2628 4691 2812 4409 5186 3421  516  504 1896
 3213  827 5438 4026 5129 1034 1792 1680 2411 1042 3260 3848 3840 3142  595 1839 3434  960 4927 1582  306 1254 3046 3122 2487 4579 1278 2536 3087 1071 1897 1487 4566 2988 5531 1980 2261  244 4575 2129 4137 1222 4195 1362 5246 4540 3797 1790 2633 1348 2438 5080 3432 5532 2787 4142 3230  514 2566 3181  593  663 4758 2498 1657 3446 3796 4297 3113 2891 1184 5264 3522 2305 3373
  987 4371  933  357 2729  862 4224 2698 2266 4203 1552 2893 2824 4570   61 3162 2200 3426 3349 4916 1508 5068  201 4607 1085 2037 3559 2040 1462 1934 3452 2561 3255 5006 3807 5330  462 1396 5378 3078 1733 3054 2384 1378  616 5284 1747 3798 4589 2912 4309   92 3219 4073 4930  285  113 2409 1135 5188  441 4722 2107 4819 4749 3066 4221 4266 5550 4295 1386 3855 2010  301 2130
 2870 5362  161 5266 2208 3847 3701 1554 5274 2267 3914 2183 2206  380 3977  900 4267 3021 5084 1108 1735 1156 3096  148  456 3578 2002 1798 3699 4534 4501 1852 1481  206 3652 1173 4466 5022 3613 4998 1033 1762 3830 5194 5517 3703 1655 3331 1974  253 5099 2285 4079 5290 4061 2415 1907 5204  346 1843  559 3450 4058  709 2325 5558 1064 4761  857  225 5385 1205  938 1740 4644
 2306 3556 2643 2755 1548  955 4727 1193 1868 5295 1668 1921 4503 3257 1351 3186 5332 2437 4467 1511 5016 3248 3169 1879  905 2506 5480  437 5561 3655  468 2805 3571 4213 5229 3407  492 3226  713 3287 4402 3460 3611 4647  360 2418 5376  853 1323 1219 4347  961 1941 5149 2713 1746  102 3804 3084 1619 2061 3059 1524 4726 5402 1644 1176 4883 1272 3302 1731 1158 3318 5445 1393
 5220 3141 4986  930 2252 5488  772  112 4577 3003 4529 5057 3881 3164 2146 2691 1698  352 1478 4163 5273 3190 4894 3176 2144 2386 1732 4931 4826 1076 4054 3416 1000 2220 4375 1513 4127 1578 4871 3131  611 3725 2141  737 3612 4896 4780  948 3755 3642 1391 3225 1026 5030  621  347 1805 1171 2567 2126 3846 2057  828 4879 1590   21    2 4966 1460 2867 1382 1475 5346 4624 3923
 5249 2291 1730   51   81 5388 1658 1507 4194 1891 1693 2741 2883 3013 4882 5272 2788 5207  867 3776 1255 3514 3665  574 2904  996 5430 3527  126 1495 1789 1846 2497 4472 5170 1429 3032 2703 1443  434 3687 4091 3374  378 5302 2167 4523  647  200 2808  195 5539 4920 4806 2693 3771 4530  795 5365 5240 4803  395 1504 3596 1922 3099 1681 5119 1489 5613 4272  464  607 2651 3266
 4305 1597  118 4189 2944 1388 1261  784 5596 4230 5414 2832 4291 2973 2687 3738 3875 1871 5400 3822 4102 3808 4475 4620 1609  406 3179 4280  376 2011 4262  164 5090  581 1892  531 5053 1700 3568 3491 1904 3739 3686 5412 5174 3104 2087 1371 2062 3369  176  936 1767 3812 1231 4430   77 4771 4062 2161  974 4460  490 5143  185 5567 3316  483 1142 2780  721 4312  849 2907 3802
 1928  895 1450  440 1788 1825 1870 4258 1724  358 5383 4959 2835  744 2721 3994 3055 4880 4848 3721 2436 2505 5521 2898 3215 2352 3962 4002  216  947 1895   58 3107 4800 3435 5031 2859  331 4907 1251 2710 1838 2177 5603 1614 3269 3381  545 2548  693 3103 1175 2416 3965 5187 4633 4215 2353 2101 4829  471 2636 3784 5052  170  518 3941 4799 5569 2000  839 2563 4787 2774 3313
  163 3143 4661 2617  748 1093 4967 2818 3516 3939 1758 1864 3908 1002 2994 2286  887 5014 3477  169  447 2406 1858 2163 1302  796 2549 4954 4107 3194  353 4117  540 1670 3076 5318 1148 4080   24 4961 3591 1697 3835  576 3454 3547 2725 2333 5437 4133 5530 5387  708 3085 3437 1332 3535 4441 1107 5518 4994 4368   34 2328    4 1499 3205 1381 4778 4733 2091 5601 3698 4688 2078
 2984 4393  145 3471  290 1963  707 1972 3512 2802 5475 1005 3964   33 4506 5202 4302 1998 4257 2825   67 1237 1249  632 3037 4794  816 1899  785 5349 1019 5321 5572  875  592 1287 1069 2853 5289 2382 4899 3012 2804 3469 3513  393 1424 2646 3529 5009 2351 5547 1806 3458 1086 3415 3423 5181 2530 3678 4818 4479 3631 2414 2215 3882  836 1820 5168 1703 5549 1973 2001 3972 1411
 2027 3971 4918 3742 3056 1280 2229 1596 2402  467 5121 1623 3853 1181 4348 3782 4776 2576 3890 3352 2872 3236 3916 2915  453 3981  802 2132 2937 2405  498 1894  991 1103  480 3707 4414 4340 1773  676 5047  520 4764  928 3564 4372 1228 2650 2514 3704 5190 1125 1763  810 2680 4675  365 3597 4648 3997 4605  321 5456 2645 5319 4746 1823 2577 5506 2844 1749 1933 3737  815 3043
 5490  571  539  814 4342 4095 4399 1295 3785 5234  600  665 3544 5098 2440 3793 4442 4669 5403 4847 2106 4665 4045 3332 1308  481 5357 1577 3924  193 1775  579 2201 4089 4515 3117 3035 1687  675 2098 4779  580 3892  609 3346 2591 2468 5299 2733 3550 4494 2153 3677 1297 5070 3580  697  842  517 3289 4346 1092 2768 2485 1316 3501 4617 1335 1832 1712  446 5107 1901 2661 3569
  682 5495 4228 5322 2523 5196 4097 2760 1955 5481  861 1861 2671 3995 4638 2179 4991 3727 1995 5237 3152 2949 4345  276 3201  971 2341 3714 4421 1729  237 3760 2975 1363 2803 1826 1165 1422 1020 4519 3663  487  505 3817 1415 1544   36 4932 4210 1356 5501 5372 4207 1169 5088  154 5459 3475 4108 1320 3227 3783  660  435 3969  438 2102  521 2475 4005 4445 2374 2315 1942 2383
 1061 5504  533 3443   38  882 2395 5271 3747 4250 4640 4827 5208  681 2618 1568 5101 2304 2270 1199 1457 2444 4556  585 1469 3622 4585 1023  554  385 4807 4773 1851 4365 1883 4628 4032 3042 3648 3002 4552 2854 2615 1089 5354 4720  696 4415  855 2583 1233 4610 3662 2557 3109 4676 2455  747 1736 2181 4053 3254 4898  701 3342 1330 4463  638 1893 4443 3414 1383 2846 1599 1768
 4135 2465 5451 4114 4615 3968 2748 4233 3876 5415 4789 3992 3053  910 5463 1769 1634 1647 5117  136 5140 1855  736 2784  293 4205 3915  954 2388 2155 1066 4700 1056 2069 2836 2209 3208 2574 2734 2080 1916 3278 1373 1580 4383 3888 5154 2590 2365  494 4476  382 1274 2111 4260 1990 4199  874 4538 2273 2343 4138 2378  997  345 4121 2635 4160 4571 1345 1561 2242 2666   64 5524
 1877 1926 3307  923 5381 2761  601  562  308  470 2023 3258 4543  318 4743 4351 2840 3708 2539  474 3212 2610 4913 3554 1872 2013 4690 4386 1664 3519 3321 4809 4219 1357 1652 4048 3389 3124 1927 2331 4161 1966 5013 3509 2108 1989 4470 2522  213  167 5120 5525 3759 2481 1275  865 3829 2095 5079 3572 1276 3271 1136  159 2114 4769 5078 3403 2659  454 3493 5296 5161 2086 1379
 2502 5141 2274 2128 4851 5487 3746 3886 1873 4185 4535 5327 1166 2297 2564 3275 1618 5008 4273 1270 4875 1117 1377 5095 1465 1801 1398 2458 1186 2569 3077 4021 2072 2897 3268 3719  657 1098 5386 2744 2880 5304 4155  313 3713  428 2829  184 1257  823 3818 2373 1473 1151 3251 3626 5473 3518  568  673 3038 4038 1486 4145 1059 4299  202  964 3488 4926 2470 1836 3353 4525 3650
 3262   26 5326 3047 3092 4756 3500 5526  666 2150 3070 3576 1463 1600 1344 4255 4950 5352  570 5401 3978 4505 1594 3111  866 1454 2919 2924 4854 1669 3541  364  524 3545 4678 1925 5156 4981 1702 2474  788 4358 5493  228   87 2675 2226 2389 1090 4090 3863 3387 3507 3147 5447   78 1795 3944 1692  561 4390 4471 4754 4548  986  240 3632 3372 2059  342 4370 3949  268  142 2911
 1802 1674 1017 4790 5602 5028 3608 2503 3614 1510 2360 1253   31 4995 2982 2245 2238 3068   89  486 3399 1187 1902 4587 2446 5391 5164  914 4774  260 4236 1592 2005 3444 1271 5300 4650 4325  214 5247 1542 2773 2340 4068 1309  336 2499 4885 2958  548 2531 5425 4844 1483 3115 1472 2046 4786 5581 1575 5145 4296  610 1937 2077  674 3586 4400  891 2300 1707 4649 1409 2377 5598
 1126  843 3945 1421 4604 4284 4434 2243 4146 4246 3041 2029 3748 1122  873 1842 2732  698 2060 3116  108 2562 2600  232  197 3223 3395 1374 1352 5621 5399 2430 3004 3549  742 3474  943 5534 2605 2954 1537  793 1874  507 4611 4692 3276 5335 2881 1865 1057 2965 3910 2527 4971 3732 4602 2747 2642 1244 2396 3659  885 5348 1603 3813 3734 3105 3312 3075 4275 4484  617 3654 5396
 3119 3364 2052 3101 1958 3943 4301 4256 2884 2922 3947  877   83 2492  295 3020 2174 5075 1322  134 2265 5397 2820 1203 4695 4379 3537 4336 3448 3680 1146 1289 5020 5594 1988  443 4020 2489  942 2280 4559 4049  463 5417 3869 3310  404 5291 5492 3681 3378 2589  429 3211 3082 4730  745 2299 3932 4822 4174 1903  750  564 1932 4289  160 1765 2916 4181  819 3207 1521 3884  868
 5546 2543 2597  235  851 3340 3849 3788 3410 3265 5407 2398 4481 1143 2719 4179  455 1945 4652 5036 2393 2133 1905 4120 3365 1072  149 2424 3690 3390 3062 4425 3425  619 1385 4042 3039 4453  622 2608 3930 5364 2448 2609  527 1607  602 5369  266  703 3050 3684 1075 2941 1461 2104 3583 5051 4817 5228 2097 4984 1138 5243 1416 4180 5453  769 1110 3361 1659  999 1613 4072 2302
 4568 3375 2195  430 3384 2658 2004 5367 2991 5406  761  629 3250  677 2656 4856 3286 4821 3232 2624 5467 4801 1099 3228 1803 2886 2936  646 2708 5590 3819  613 1782 2157 2032 4126 2945 2999 5379 5193 1001 1766 4004 5248 2875  472 2993 2151 5429 5230  361  992 2451 4014 2326 3843 4187 1977  797 2426 1116 2742  515 2295  695  469 4796 3605 2348 1094 3350 5536 4166  416 1910
 1304 4846  714 2533 5127 3728 2518 1518 1660  598  615 4836 1365 4290 5597 3196 3296 2216 4870 5153  227 4293 5198 1006 3709 1581 2878  685 5317 1013 3850  535 5029 5446 4938 4096 3100 4341 1029 3950 4618 4327  392 4868  117 4698 2476  258 4191 2861 5253  672 4893  925 5390  972 2782 1708  465  758 2810 2596  686 4200 2833 2532 1602  174 4510 3803 1834  445 4130 3025  970
 4576  606 2127  135 3029 3303 5056 4198 2113 3973 1298 3842  560 3495 4512  523 3288 1997 4792 1999 3831 4075 4915 1811 2849 5439 3717 4766 1282 1083 4563  328  543 3520 1259 1032 4737 3752 4729   49  168 3806 4783 4686 5224 1046 5294 1449 1978 1982 3820 4873 5276 4824  110  508 1996 2735 2699 5146  172 2073 4697  363 2281 2899 4281  489 4188 2443 5449 2593 1841  813  288
 4085 5093 4457  569 1468  670  863 1752 3006 4947 5111 3154 1589 1699 2380 3461 1025  840 2231  978 1959 1157   53 3394 2847 4721 4124 5507 5370 5450 2500 2771 2138 2626 1437 1935 3453  732 1710 5112 2379 2957  628 2616 1234 1372  939 4056 1878   19 1127 2217 1392 2776 1975 4895 3989 2316 3044 3279 3057  781 5311 1645 4653 4782 5037 4768 4684 5548 3936 5131 2079 3379 2722
 5005 4670 1808 3856 1200 3920 1401 1182 3895 2450 1095  476  662 3515 1923 3617 1745 2939 5577 1588 4639 3753  267  584 3710 5275  390 1288  763 4152 3011  448 2837 4330 4238 4886 4243  920  631 5574 3368  423 4184 5015 4752 1651 2934 1950 5003 3657 1847 3156 4983  927 4139 3538  776 2028  712 3464 2488  166 2672 3880 4381 2555 3061 1969 4891 2159 2931 4116  422 3499 4815
 3081  501 3982 5444 4745  349 1828  645 2271 4111  246 1622  594 3073 1662 5254 3397 3145  826 3069 2960 2946 3953 2068 1748  800 5331 5216 3031 3643 3417 4956 3609 5586 5239 2284 2085 2218 4614 4715 5499 1301  111 4857 1882 3658 2026 1591    9  969 2213 2459 1430 2134 4055 4216 5094  420 2484  880 2156 4656 1987 1569 4703 2419 5210 3354 1612 3273 3270 3218 1192 4093  711
 1665 3929 3925 5263   52 1919  859  372 4600 1236   18 5150 4750  931 2874 1343 4271 4980 1547 2184 2598  369 3472 3017 4914  439 4319 2517  205 5217 2082 3058  603 5042   79 5085 2947 5434 3210 3588 4784 5087 1346 4410 4897 4492 2410 1078 4951 3729 4584 2727 1213 2145 2889  287 1909 1361 1003 2336 1445 5380 5191  199 3177 5500 1041 1328 5212 2948  418 3521 5257  809 1848
 2716 1845 4573 4361 1809 2707 5122 5283  659  879 3330 1088 3323 2139 4094 4561 2116  694  334 1129 1414 1551 4178 4218 5377 3089 1628 2554  704 2935 2400 1043 1939 2558  773  299 1615 5113  283 5544 3814 1305 2014 5393 2234 2662 3180 3552 3234 1761 1781 4077 2540 2778 2349 1695 4562 3355  538 4104 3419 2913 5279 2758 4685 2987 5460 5324 3839  650   47 4292 4456 4732 1229
 4805 4307 4603 2623 3015  733 2519 1914  881 2038 2839 5044 4483   94 1104 5082 1617 1264  409 1971 3893 3866  330 3385 5591  370 3517 4025 3465 5167 4353 3937 4040 4723 5103 1760 2730  636 2996 2103 3629 1040 5523  911 3624 1611  212 3430 1028 2442 3462 1953 2601 4993 1399  329 4528 4823 4581 2572  589 3479 5218 3575 1144 4804 3242 4759  275 2493 3682  417 2619 2112  541
 2644  668 2136 2258  642 5077 2520 3463 4140 3193   40 3912 3158 3533 4578  280 3868 4285   73 2247 4979 5611 2959 3487 3401 3174 2745 3398  238 4593  279 3233 4244  247 3272 5195 1265  314 3083 3743 4084 5128 1514  915 2800 3938 3816 1008 2857 4717  509 4987  680 5209 3637  537  791 4212  983 2152 1333 2578 4716 4317 4337 2684  637 1523 3299  556 4564 4814  104 4687 4177
 5040 2162 5144 4063 4276 4314 3440 3244 2143 4333 2466  432 1394 2311 2275 1549 5136 3281 3824  614 4642 2412  651 2790 3897 1880 2877 4373 5255 4356 4770 2667  209 1114 2724 5259 5267 1725  215 2049 5329 2625 2900  625  558 3670   35 3339 3960 3301 5215  832  654  658  731 5118  252 3620 2118 1688 4634   57 5280  850 4946 5408 1334 2008 4521  811 1206 3695 3894 2775 1755
 5520 2845 1285 5625 3427 4308 1737 1954 1555  503  806 1185  770  608 5458  294 4316 5058 2696  477 3496 3206 3531  848 3380 4609 2248   37 3148 4261  250 4119  230  528  272 3765 3987 2660 1435 2066 4490 4239 1336 4422 2838 4369   10   93 4928 3787 2627 2232 1620 3526 1162 3767 4842 2345 1258 2313 2692 3358 1705 1009 5337 4664 1024 4858 5115 2977 4413 4694 3534 5374 5514
 3874 4657 2054 3683 2318 4627 5537 1331 3325 2327 3297  273 5222 5545   28 4877 2963 2344 3157 4948 1559 3072 2759 5423 3198 2278 1068  137  221 3635 3794 2723 2170 3345 1269 1065 1621 1814 5179 3706 3867 3845 1912 4734  333 2983  550 3411 2359 4681 5258 1052  261 3097 4134 3562 3539 4504  901 4580 4636 3300 1646 4294 3666 5345 2772  157   54 2630   20  408 3996 1070  995
 2952 1751  671 2263 4945 4165 2335 5540 2612 3758 4326  403 2367 1744 3478    3 1556 4940  934 5355   39 1425 5001 2657 4680   98 2938 4744 4225 1045 4229  984 4081 1279 1164  513 1250 3338  389 3161 3761  854 3405 3160 4362 5409 3356 3878  302 4735 2655  937 5018  327  122 4582  563 4304 3993 5293 5060  979  803  982 1225 5564 4082 3903 4704 2058 3007 4125 2586 5573 1970
 1432 3711 1829  146 1358 1812 2903 3382 3528 1546 2276 2314 3189 4050 4217 4705 1220 1197 5241  211 1133 4389 3429 4028 3138  277 5416 5557 3633 3214  452   43 4939 1051  787 4546 5565 3975 3314 5034 1962 3774 3486 4533 4329 5338 5097  953 1964 4149  573 1860 4739 5508  116  401 1804 2225 1532 2425 4785 4232 2288 2814 2621 4922   76  217 3826 4908 2538  719 2168  133 3773
 4204 2986 2355 5395 3091 3623  300 1943 3634 5462 3319 2892  627 4923 2826 5604  998  413 1493 3106 2051 2017 2009 1810 1585 4118 1717 2640 1456 1540 4663 4298 3990 1444 4168 4973 3827 1216 2751 3691 1636 3530 4586 1560 3309  752  833 4622 4625 2192 1384 1119 2214 3676 1014 5435 1242 2879   75 5155 3679 4874  274 2404 3749 2918  397   42 3757 5359 1048 4098 4278 5486 1616
  835  107 1690 1321  777 4220 5600 3952 3118 4960 1188 4416 3294 2972 2408 1742 2851  343 2649 4060 1484 3693 3067 1632 3780 1208 1983 3134 1813 4150 4689 4711 4197 1284 1840  566 1629  151 4360 1427 2031 3130 4965 5563 3324 1890 2125 4988 2726 4083 1525  220 5203 4968 4517 5384 3140 1856 3153 3754 3630 3135 2905 2056  264 3393  734  962 2387 4448 2099 2705 3799 3136 3476
  922 1837 1734 4972 4935  888 5134 4837   68 5310  460 2763 2701 4910 4240 2670 3601 3551 3178 4435 4997 1694 1684 3144 3744 2894  231 5554  664 4884 2796  829 4843 4524  768 4596 1519 4489 1324  691 2188  530 1030 3439 3497 4105 3809 3247 4949  451 1827 5566 2021  187  583 3931 4424 3590 4583   95 2434 1420 3639 5130  841 4567 3672  296 1527 1128 2142  105  767 5373 4867
 1111 2253 3240 1291 2350 4631 2092 1716 3167 4439 3235 1096 5175 2065 4491 3984 1685  700 3934 5185  262    1 5314 1105 2816 4024 3121 3291 1776  304  138 3203 1118 3033 2819   32 4170 2197 3948 1757 4748  762 2064 3858  774 4328 4449 2740 1031 4268 4798  374 5420 4862 2428 1885 3823  189 2534 4141 4539 4775 4658  106 5233  966 3763 4941 2764 1214  968 5133 3906 2364 3900
 2869 1047 4070 2067 2895 1494 1016 2241 2006 2992  764 3280 5620 3887 2762 2602  400 2362 1637 5323 5026 3585 4248 2858 3016 5375 4376 2528 5578 5342 1586 4813   27 4035 3351 4206 2471 1799 4074 1721 1037 4572 3019 3238 1918 1606 1007 4320 4323  322 5092  391 1824  337 4953   17 1212 1976 4859  741 1605  641 4010 4955  281  512 5135 3581 2524 2932 3592 5555 2906 4355  278
  362 4029 4384 1062 3898 4838 4115 4598 5476 3295 2256  351 3772 4103 3480 1286    8  282  191  706 2332 2207 2361  870 4707 4237 4459 1784 1931 3370 2007 1633 2147   44 1150  946 4677 4310 1563 3326 2166 5301 2998 1467 3610 3598 2631 1947 4594 3159 3510 1965 1608 4344 2738 1447   56 2921 3263 2798 2579 3114 2154  993 4007 1312 3619 5288 4565 1120 5580 3967 4226 5110 4667
  158 1770 3942 2356 3901 1252 5148 1835 2676 4651 4643 4147 2801  765 3413 2131 1223 2189  794 2927 2035 1204 3935 1986 3733 2193 3649 3418 4404 2399 3396 5448 2717 2469 1727 1711 4214 1908 4454 5138 4514 5162  421 2585 2454 3638 1183 4725 4041 1018 2604 3014  640 5297 3589 4626  450 1247 5428 3555 3080 3264 5242 3455 1178  121   62 1539  125 4641  123 4999 1924 3305 2866
 3558 2902 2496 4380 4736 1830  577 1423 1512 1675 1054 2507 1039 4550 3986 4300 4444 3282 3040  743 1366 4630  127 3751 4975 5623 2765 5474 2731 1340 4123 4706  775 3933 4313 4833 2868 2841  449 1567 1140 4831 1886 3473 4592 3641 3243  384 1528 5465 1360 3730   99   45 4558 4637 3644 3697 2042 1654 4287  101 3792  780 4059  412 2607 5023 2711  825 2449 3187 5588  845 1436
  500 2464 1477 3482 1109 1406 4522 2148 5043 3523 1044 5583  482 1661 1387 3883 2842 1786 1315 3420 5593 4724 4719 5614 5441 2045 1584 1994 2096 2482 2375 4173 5334   80 2950 3449  338  917 3694  591 2205 4270 4599 3671 1691 2570 2961 5010 5189  478 2769 4569 3315 1482 4963 1793 3155 3120 5074 5178 1232 4008 2654 4343 3182 1535 4253  291  190 1397 2296 2204  871 1854 3333
 1666 2694 5260 1867 2756 1081 2165 5050 5427  309 5169 5559  511 4674 3959 3909 2122 4741 4411 3438  924 1439  755 1500 4318 4763 1671 4190 2637 3071 5606 4718 4574 1979 2989 3489  553 5340 3795 2164 3308 2887 4202 3889 1376  162 3088  236 2194 3919 1720  248 4069 1410  669 5232 3024  715 2186 3724 2175 2980 3735  542 4462 1167  297 1951 1488 4772 3051 1442 4977 2176  259
  687 5282  546 3653 1940  981 4034 1273 4003 4000 2432 3896 2084 1991 2171 3151 4148 1215 5096  303 3805 1419  692 1696 3865 4283  783 1121 2452 5605  805 2227 5073 2339 4156 1368 2199 4101 4974 1021 2224 2953 5245 4398 2115  980 3723 4473  913 3974 1490 3789 5067  846 3408 5151 2018  381 1541 1506 3049 3837 2535 5214 2789 1738 4976  649 5336  945 2483 4432 3441  904 5582
  799 2123 1656 4834 2797 2269 2310 4051 1471  525  459 5166 3911 5069 1147 3810 1930 5089  702   86   55 2264 5116 4030 1663 3172 2990  311 1900 1349 4332 5436 4158 4855 2363  903 2632 2236 4682 2864 3828  790 4597 3366 1946 1453 4978  495 2228 1124  457 5612 4845 1248 4315  198 4469 4245 4555 3149 5256 4830 4447 3667 2592 1796 1458 3221 3872 1210  203 4767  222 4693 3328
 5017 3600 1960 1011 3540  120 1917 4635 5496 4911 1230 2346 4015 3400 1722 3392 3625 1741 4282  552 4629 4560 3139 4172  289  182 3306 1317 4385  812 1375 2187 1800  738  652 1326 3343 5285 2294 3253 1263  623 1446 3341 3468 5522  899 2652 5535 5102 2223 2453  493 2582 1520 3946 3781 3376 2149 2843 5543 3821  557 2848 3553 4496 1290 3745 3902  444 4714 2070 2669 4131 4419