  263 1800 5356  249 4329 1221 3490 5180  388 2556 3520 5279 4979  547  773 4772 5388 4834 3256 2092 2219 2844 2853  749  355 3393 4678 3831   93 4006 1938 4990  195 2068 1614  428 2826 3011 1355 1588 3482 3547 4368 2510 5420 5445 3105 5462 1836 5159 2831 3919 2852 2934 5358  280  954 4566  958 3240 5202 1125 1786 1299  213 1726 1783 1026 1430 5110 4599 4522 4279 4119 4912 2863
 5666 5025 1159  612 2409 1342 3025 5340 1111 3050 1378 1103 4239 2196  777 3554  743 5711  175  621 2954 1526 1966 4906 3233 4620 4648  950 1928 4616 3715 5392 4765 4795   36 4879 4561 2052 2322  281 5069 2894 5404  114 3290 2471 4895 1713  120 3136 2798 4533 5686 5709 5723 5268  844   26 3375 5700  880  306 3078 1511  452 2946 3005 5418 4991 1467 1444  768 2841 2539 4231 1500
 2218 2209 3572 4547 1163 4024  139 4639 4502 3053 5578 5204    4 2517  412 5134 4590 4229 4953 2662 3417 5410 1679 5710 4985 2136 3974 4954 5053 3573 1180 1421 3569  931 1273 3806 4499 2473 3942 5413 1547 4851  282  319 2326 4089 1165 4970 1911 1753  511 5181  455  420 3397 2990 3410 4378 1008  137 4553 1723 1829 4756 3662 3799  218 1473 4859 2191  859 2215 4226 1711 1218  387
 3385  790 1192 4051 2280 4242 1852 4894 4754 1895  707 3325  786 2512 2850  933 4228 1921 4461 4108  983 5405 5706  573 5142  172 3788  902 2330  304   21 5382 1368 4244 2425   59 3104 4683 3684 5638 2845  702 1630 1941  546  392 4712  767 1998 3035 3620 1047 3361 2697 2408 4238 5377 1398 2286 2757 1936  819 5557 4700 2672 3763 3871 4396  641 5019 2906 5459 3101 5196 5285 5369
 3637 5439  179 5524 2401 5254  144 4783 4655 2032 4496 4660 2047 1939  204 1732  705 5588 4659 3465 3536 2101 2476 1953 3862 2011 1323 4548 5657 5235  957   10 5295 2248  337 4640 1102 1479  704 3239 2760  735 5006 2306 3789 3644 2573 1981 3889 4437 2380 5222  576 2899 3174  364 5244 3086 3542 2875 1090 3481 3301 2197 1308  866 4344  117 1550 3396 5294 1827 2298 1538 5728 4453
 3535 1514 3133 1402 4798 2497 1007 1975 2129 4799 1675  571 1681 2241 3511 2371 4404  118 3379 4031 1129 1366    8 4663 2959 3668 5339 1585 1529 3228 1651 5637 1049 2046 2910 3268 2531 4230 3980 5493 3818  568 3742  328 4205 4871 1559 3665 4218 1704 4043 2994 2995 2108 2731 4693 4968 2274 5642 3601  736 2950 1203 5541  636 2751 3731 2283  123 5648 5645 3024 1653 1989 3720 4126
 3921 3371  400 4395 3653 1472   34 4942 4145  465 3206   80  662  302 5191   12 3828 5481 1477 3647 4903 2764 3737 1286   77 4829 3190 4410  240 3929 5033   64 5741 5734 5674 5625 1516 5246 3978 2621   67 4148 4171 1166 5158 2289 5394 3484 1828 1503 3780 2916 4569 4790  927 4102 1387 1497 1067 2205 2842  936 2397  738 1574 1569 1730 3908 1068  644 2458 2911 3478 5469 5365 4710
 2956 4071 4002  850 4986 5183 1518 3634 4570 3936 2358 5375 1270 2668 3376 5177 3353 5241 5057 4001  807   84 5523 2988 2557  623 2162 1784 2953 2933 2198  814 1193 4947 5431 4557 1151 3140 3781 2641  468 5314 5396 2255 3894 1230  540 4771 3204  695 2789 1979 1837 1069  917 2490 1149 5744 5600 3486 2295  348 1224  501  203 2876 1803  994 4192 3145  972 5474 4518 2115 5117 3073
  502 2626 4720 1826 3944 1554  162 1904 2499  911  406 1978 5364 3017 4685  998 2913 4194 2320 2475  665 1334 4042 2520 1146 5281 3867 2391 1596 5239 3221  833 2930 1374 3795 4445 5480 4722 4040 3442  721 1429  105 2777 1963  157 4139 1866 5670 3925 3068 2396 3310 2640 2606 3441   87 4426 2658 4994 2085 4925 3622 3953 5109 3755 1909 3785 2181 4466  746 5604 4992 4571  171 3913
 2639 3991 4837 5270 1712 1100 4929 2439  523 5773 2937 3948 3302 3455 1336 1552  579 2699   61 2261 4506  935 4056 5147 5539 4732   73 1898 3360  697 1389 4919 4094 1707 1584 4319 1789 1688 4849 3884 2141 5763  919 2971 1867 4326  103 3323  864 4416 3738 1356 3157 3176  524 1583   91 2553 1416 3882 2199 3588 4193 4976 2867 3915 4240 1153 5383 3545 5760 2237 1354 1383 4517 3539
 5679  556 4885   88 2591 4981 3014 2823 5010 3362 1576  454 2022 5342 2145 1771 1110 5397 2069 5517 3479 4833 4780 2707 2888  854 4265 4236 3346 3642 1600 5123 2315 5482 4880 1097 5068  675  846 3791 2194 5389 1797 1291 3197 3652  405 2878  678 1411 4191 1915 3656 5083  221  272 2711 3254  566 1349 4114 1628 1931 2562 2187 1420 5303 5546 2864 5102 2184 2951 2233 1525 4391 1176
 5005 1375 1782 3614 2741 3699  832  346  443 4860 4696 2013 4377 2442 1894 3046 1132 1536  147 2153  154  366 5685 1358 2783 4365 3564 3613 2976 3130 5335 4690 1423  532 3098 4964 5425 4158 3930 4103 4262  101 1157 5288  853 2114 5061 3405 4320  660 4959 4330 1158 4481 2312 4794 3232 2488  659 2903   49  305 1969 5265 2926 3121 1307 4847 4369 5206 2160 3382 2395 5752 3418  733
 4528 2027 2339 3985 2825 2991  434 2171 4560 4767 4250 4539 4434 5000  752 5309   74 1509 3170 3525 2239 4050  142 3386 4200  350 4187 5568 1850 1815 3220 4900 1456 3286 4147 1654 5095 4004 2411 1958 4630 5236 2420 1311 3099 3311 1126 4170 5361  565  570 2053 4867 3962 2691  361  115 3557 3820 1920 1234 1246  834 3598 2304 4010 3186 4380 3543  703  888 2086 3666 4509 1446 3641
  381 4111 4074  843 3667   45 1693 3181 5168  932  868 4672 2232 2414  770 5258 5104 2444 2039 3876  507 4514 2360 5232 2230  590  796 5631 5326  393 5054 5185 2705 2496 2819 3714  210 3219  141 2048  485 5583 5507 4255 2379 3739 2694 3430 3815 2678 1034  977 1475 5550 5701 3198 4921  182  259 1244 4611  149  944 5668 5379 1287 3686 4106 3887 4393 1880  787 4899 1112 3603 5087
  601 1322 1310 3878  497 4821 3356 4084 4185 3344 4978 3752 1394 1680 1167 1427 2127 5234 1765 2370 3774 2172  431 1912 5483 4961 5213 4167 2311 1983 3961  430 1997  385 5041 1321 3733 3299 5490 3044 3320 1116 4361 2426 1775 4421 5688 1281 1006 5195 3485 1551  369 2065 2659 3317 4662 2558 1728 2418 4735 2919 2429 1498 2978 4201 2359  108 3782 5589 5722 4286 1315 1618 1369 4817
 4745 1960 2287 2828 3844 3965 3162 4485 2208 4138 4734 1985 2472 4150 2848 2861 3516 3282  330 2437 5472 2748 3421 1558 5500 2093 1258 2278 4435 3476 1932 5137    3  209 4225  436 4703 1621 2804   97 3531 4988 4638  214 2728 2833  727 3004 2146 1930 2346 1339 4825 2037 2838 5725 3905  915 3678 3446 4719 2246 1201  979 5634 4175 4343 3271 4166 2366 2377 2576  462 2532 4806  237
 3374  985  603  164 3619 3689 3872  616 4886 1903 1863 2468   44 3303 1449 2989 2703 3475  559 5506 4127 1563 3373 2297  650 4022 3208 2336 3616 5360 2725 5542 4582 4716 2134 2195 1801 1384 2045 2648 5447 1055 1809 2598 3833 2238 4234 3762 2109 1442 2518 5494 3657 2928 3128 2097 3900  238 4036 4527 1568 2430 4507 4943 4232   79 5263 4774 1566 4446 5745 1169 5152  793 2523  892
 3766 5216 5284 2935 3778 3499  155 1617 3036 4891 5120  212   95 3308 5012 4939 1701 4220 1626 2390  236  759 5264  613 3767 4389  518 1295 3558  490 2271 2111   32  471 4807 2091 5704 5278 5558 2700 3015 1545 3389 4706  456 4657 1835 3570 5717 2151 2721 3251  342 3278 5594 1257 3155 3262 2440 2158 3012 4422 4016  739  831  499 3238 3138 5658 5705 2351 1474 5059 4802  737  634
 1174 3817   71 1220 3583 4020 2962 4353 5243 2213  472 2574 3328 3345 1170 3559  839 1546 1759 3279 5305 3747  715 3067  893 5353 3673 3057 2615 1302 3006 5322 1914 4113 5032 1861 2279   69 4351 2507  167 3723 5066 5319  505 3730 3548 3097 4325 3593 1814 3463 3424 1329 3822 3609 1267 3432 1386 4587 5632 1264  470  488 3488 4277 1524 5310  606 2427 4769 4027 4840 5596  562 2332
 1565 4101 4003 1638 1670  686 3797 3989 4892 1594 3420 5527 3199 3100 1557 1391 1072 3560  734 1070 5742 1824 2667 1556 4341 5149 4463 5130 1659 2857  169 1037 2775  510 5497 3910 5697  196  341  684 4465  183 5031 3975 4291 4841 2634 1280  926  965 1096 5422 2590 2974 5715 4822 1245 3551 1916  884 2941 1567 4140  180 5545 5608 5699 3960 4705 2692  725   62 4642 2969 5486 1030
 4315 3003 2963 1014 2636 2912 3760 1905 1447 4083 5099 2871 4472  324 3947 4586 3998  389 3992 4088 4120 2771 5587   70 2840 5189 3064 5148 2142 2373 2382  778 4787 1687 3784 1233 1935 5654 1499 2766 3402  627 5062 5671 1155 1229 3241 4464 3215 4568  995 3126 5113 4387 2889 3107  978 5774 2405 2055 3712 2389  690  669 3721 1770 2035 3861 1144  766 1205 3202  163 1381 4653 3089
 2901  338 1318 5086 2698  813 4419 5121  826 1377  791 1065  241 3615 4447 2537 1214 3949 5529 4804 4227 2560 3718 5400 3260  273  971  257 3172 2036 2817  883 4487 2862 2005  900 2855 2363 5122  722 2478 4874   89 4308 2712 3169 3594 5499 5355  639 2193 3863 4572 4400   40 2223 1253 1722 1648  896 5766 2329 4945 4809 3745 4865 1225 4701 3532 1506 4736 5595 4258   16 5218 2774
 3224 2604 1859   76 1531 1135 1010 2228 2123 5018 2067 2463 4946 1871 4779 4762 1359 1123 3272 1460 3445 5532 4815 5125  633 2504 4143 3940 5271 2892 3841 4855 1725 4549  235 1150 2714 2896  761 4819 2369  667 3142 1611 1580 1350  699 5079 5543 2646 1352 2242 2050 4931 1533 3304 1074 3153 5570 3492 5767 3801 3331 5119 4099 5081 4367 4093  806 1543  301 1284 2201 5094 2438 2059
 3566  907 4542 5695  156 2175 2575 4632  760 1179 2717 2993 4940 4667 4812 5215 5250 2007 2221  397 2632  386 1082  755 5675 2809 3453 1737 5415 2834 1908 2866 1549  887 3658 3419 4438 2110 3080 4497 3984 2416 4766 3635 1261 2977 1152 2345  602 1168 1779 2695 4025 2716 1974 2528 3552 3217 5526 5321 4176 3746 3804 2402 3406 5489 2424  611 2676 1162 3977 2905 2824 1079 1137 3473
 3083   58 3291   27 2650 3316 5014 1749 5146 5484   39 1578 3365 5060 3226 4631 3350 1406 4862 2643 2301 5661  239 2570 2849 1641  287 4896 2762 3270 2174 5492   85 4493  315 4162 2189 4564 5228  683 2516 3229 1272 2684 3835 2779 4695 5597 4462 4698 2060 5441 3108 1105  438 1577 1255 3110 3580 1661  797 3880 5023 2347 3581 2952 3090  811 2118 2549 3909 2079 2938 4026 2610 1875
 3454 4606 4110  595 1747 2333 4075 5214 2449  671 4188  192 1929 3131 3167 3517 4029 5201 2786 1855 3113 1877 3852 3065 4870 2718 4926 3047 5590 4927 4333  104 2902  298 2679 4646 2578 2653  130  151 1774  316  629 2550 1869 3860 4671 4281 2204 1045 1745  188 2810 3526 2588 5058 1046 3952  475  251 4131 4651 3165 3258  610 3611 3877 3075 5347 4923 5167 4431 2200 1528 2877 4129
  729  583 5727 4823 4112  230 5334    6 1923 1319 2445 3018 2886 3881 2655 4520 1853  224 3274 4215  433 2670 4011  774  353 5009 1414 1620 3528 3506 4105  444 3051 5720 5008 5649 1195 3437 3494 4966 2159 4490 2577 4883 5067  269 4474  747 2381 5345  308 2062 3201 5537 3378 5153 3034 1527 1013 3775 3996 5118 4827  964 3693 2769 2649  148 3999 1360 5733 1345 5530 1011  119  741
 2051 2776 4813 5561 4592  991 1021  549 5318 2348 5564 2140 3085 3243 5769 5409 3935  802 3711 5029 1891 3664 2417  638 3422 1451 1106 3790 2920 1164 5512  940 2960 1001 3152 2415 1878 4349 3444 5324 4420  258 1445 1147 4309 5536 3377 4436 4207 2469 4039 3896 1639 2782 4957 5567 3709  409  655  913  538 5097 1677   37 2730 2753  744 2900 3660 3792 4000 1925  724 1856  810 3968
 1122 1226  769 4791 1204 4271 2534 1289 3158 5128  377 3579 5726 1934 3749 2752 1290 3527 2860 2601 2758  521 1758 4626 2192 3886 4328  331 3225 4811 2331 5436  419 5721 2206 2768 5624 2743 2467 2818 1508 4057 4156 4273  914 1084 4235 5748 1890 5399 2132  987 3348 3592 3646 3567 3934 4751 2820 4406 5521  536 2880 5055 1845 2526 1977 3404 2594 1572 2404 4928  861  289  309 1522
 3392 4595 3059 3814  962 4531 1660  815 4275 2428 3590  143 2746 2701 4730 3834 1490 4715 2334 1441 3640 5380 5731 4820 3321 1664 2106 3555 2173 3702 3032 5576 1756 1700  416 4897 3156 2094 1501 4063 3995 4670  480 4958 4023 5096 3381 1601 1344 5438 1401  756  879  427  277 3874 1266 3263 3751 2742 3285 3074 4222 1655 2915 4763 2074 2083 3161  795  591 5433 3685 1582 1075 3973
 2450 2907  701 2282 3503 2063 3401  748 4876 4980 2234 2166  617  396 1778 5553   22 5616  552  677 4623 4846 3796 2487 3312 3084 5176 1470 3808 2026 4624 5203 4475 4287 1256 1439  191 2637 3242   15 4313 4854 1796 4768 4371  429 5515 4556 3293  476 3123 4316 3690 4781 2367 4178 1476  522 4515 5114 4577 2410 4962 2770 3354 2979 2020  404 3556 1663 5622 2010   68 1818 1777 1564
 5363 4541 2965 1973 5426 4526 2806 4565 3680 1177 3972 3987  512 5182 4625  138 5052 3627 2131 4337 1888 3793 2148 2846 4304 5393 4028 1382 2113 1949  996 1175 5306 4948 1634  951 5627  206 1520 1324 3431 1743 3022 1372 1088 5751 2431  225 3483 2049 1542 2003 5736 4476 4293 4055 2618  262 1452 1300 3497 3898  969 3585  250 2178 1085 4583 1320 3993 1236  459 3971 2378 5166 4510
 3007 1933 2635 4788 4174 4936 3981  285  803 1810 1780 2942 4013   86 5073 1868 1027 4995 4576 5579 5056 1823 1599  648 3212 5106 4887 5585  322 4930  116 5233 2270 5756 1955 3033  942  726 1023 4213 3809 2644 3922 5242 3888 4017 1754 4600 5465 2593 1937 4613 5107  952 3048 1785 5207 4628 2624 4907  150 3192 2608 2547  816 2056 1054  197  517 2494 1840 1249 4758 2987 1241  352
 4554 5659 2256  709 1138  395 5004 2671 3324 1791 3754  539 1940 5402 1669 4519 5428 3617  261 3883 2285  829 5533 3843 3433 3890 2623  685 4366 3434 2854 2515 1178 5089  478 2508 2029 4618 2816 4652 1187 5224 3513 1453 1338 1668 5320  886 1539 5308 1210 2309 4602 5070  447  504 4826 4951 2660 4062 1337 5015 4844  294 1191 5267 1625 4810 4941  359 1702 4154 1199 5299  466  775
  482 1592 4322 5266 3351 2519   42 2130 2266 3319 4684 4917 4501 3146 4385 2887 5647 2227 4123  830 5406 5276  837 1464 1015 3102 5689 1792 5352 5584 3639 1240  687 3950 2909 3777 5565  912 3459  267  581 4658  986 1798 1830 1435 1058 2647  110 2089 4376 4702  541  891 5027 2412 4090  131  496 1609 3757 4355 2362 2290 5050 5374 5390 2932 5371 3632 2780  780  664  220 5626 2918
 2585 4615 1057 5485 1961 2457 5678 2802  363 2735 1624  905 5002 1512 1799 4164 4443 1996 1907 2015 2456 2525 4044 5378 3626 3066  580 3761  140 1450 1729 4728 4179 4793  973 4359 3649 5212  990 2267 3902 4731 2680 1433 1437 5540 5138 1612  245 4828 3853  812  592 3322 5384 2121 5112 1325 1247 3435 3114  708 2801 5702 2071  426 4141 4401 3696  598 2461 4318 5385 2498 3295  152
 2168 2677 5381 4314 3827 3713 5535 2176  594 1094 2179 3257 3836 4934 3458 1579 1848 5556 4109 2102 4656  640 4691 4245  673 2607 2149 3906 3607  376 2435 3515 1807 2422 3798  299 4283 4704  716    7 2099 2078 2737 3772 5368 2772 1703 2509 3938 3589 3586 3918 3175 4744  921 2398 1879 1042 4182 4534 2726 3211 1269 4073 2088 5275 3055 1331   38 1232 1858  569 4614 3135 2792 5443
 2874 4458  463 2028  165 2376  885 4873 2459   94 3838 4755 4008  451  367 2211   66 2750 5640 3587 3770  890 1927 4848 4480 2170  145 2081 1761 1115 4580 2587 5753 1862 4878 2016 2788 2323  720   14 1466  653 3069 1109 2217 4998 4881 3621 3196 1486 3787 2882 2399 4877 5581 1517 5372 5336 4399 3891 2851 4189 3388 4757 2454 1900 1832 5020 5338 3339 2664  847 2812 5628 3414 3300
 3008  473 5047 1926 4579 1395   31 4202 4863 5516 3941 1804 5460 2805 4932 2673 1093 1209 2778  788 4311 4598 4955 5141 1982 4484  401 5551 1819  643 4741 1108 2244 4068 1652 5759 2625 2709 4605 2203  563 2541 2070  166 5108 1312 2421 2119  560 3275 4272 3333 3026  423 4853  185 4146 4532 2858 1892 2480 2744 2137 3184 2139  679 3287 1397 4414 5088 4015 2009 3269 4296 1216 3395
 2245 1671 2024 4364  336 3758 2986 4664 2343 5620 5333 2666 5454 4682 4937 1962 5043 3056 5504 1843  284  122 2112 2800 5065 1091 3471 1876 3859  626  288 3643 4643 4729 5514 3347 1672   81 4525 1643 1541 2999  329  700 5411   60  457 3811 5549 1534 5076 2253 5315  421 1063 4388 2739 1658 1965  981 5287 3237 1432 1581 3623 2349  424 3933  124 5520 4713 3946 1309 5221 1271 5424
 3164 2308 2249 2761 3750 5074 5743 5300  181 4072 1491  323 4888 3855 1275 3469 4302 3261  920 1017 2354 2821 1327 2813 5111 3246 2300 2147 1619  339  211 5092 4872 1608 2790 4679 3837 3870 2924 1640 3338 1305 4383 1776 4676 2688 4677 3970 1706  999  109 4861 4212 4893 5676  271 3318 5724 5591  851 2839  435 2236 4593 2272 1674 4155 2260 3538 2019  351 5427 1954 2847 2613  286
 2586 1507 2724 4920 3093  208 5190 3461  680 1833 5636  448 5164 5746 1773 4831 2276  495 3800 4290 5245 1769 3052 3109 4723  112 1724 4858 2120 5650 1881  605 5496  345 5611  784 1376 4411  874 3125 2627 5386 4289 3794 3151 2169 5217 4977 1709  651 3748 2257 5691 5586 2210 1984  354 1425  959 5599 1740 4596  133 5698  783 1735  857 3726 1306  781 1005 4405 3924  668 3783 3072
 1699 5559 3823 2654 2117 4770 4048  656  992  264 5063 4079 2413 2592 5366 5144 5252 2185 2485 3173  889 4172 2708 1481 5357 1964 5478  275 5696 3625 2767 3457 5154 2975 3019  608  205 5681 4173 4132 3518 3832 1016 2284 1540 5569  928 1455  898 3203 5475 2787  515 5311 4197 1371  202   53  809 1171 5680 3561 4249 3039 1462 4352 4266 5446  871  126 2722 4478 1412 2126 1268  184
 2040 1285 3467  842 4457 3448 2720  714 5169 2872 2446 3292 1207 3605 4776   98  193 2392 4336  229 4298 5210  544 4214 1033 1872 5450 4354 4473 4830  398  554 3530 5501 3682 1139 3729 3537 5150  808 4382  997  413  682 4370 3372 3708 4264 1248 4573 5039  248 2998  292 1788  939 2822 1718 4169  607 1083 4030 1173 4908 4357 4633 4993 4117 2325 3624 4617 1035 4186 4641 1544 5737
 5455 1426 4449 3990 1294 5344  548 1597 3951 3568  278 3231 2043  477 2948 2374 2493 4177 5225 4347  217  666 5044 3247 1610 2836 1341 3428 2663 5256  637 3865  254 2542 1562 5651 2277 5502 3188  274 5327 4033 3337  439 4358  882 1314 5301  527 3096 5172 3854  256 4574  984 5555 2357 2832 2922 2749 4669 1587 2064 1346 1603  326  956 4263 3252 5621 1003 1846 4737 5171 4989 4949
 3245 5765 5757 4078 5354  461 2103 4295 3143  268 1099 1992 3415 4233 4470 3724  801 1399  390 4814 3244 4081 2733 4575  730 3740  374  383 4489 5560  525 4714 3187 2992 4280 5592 1714 1484 3529 2879 4619 2732  572 3912 2073 2572  753 2004 4130 1719 2098 2596 1487  876 5525 1252 1952  798 2177 4789   19 4733 3423  600 5770  493 5618 5017 4609 3716 5488 3330 1133 3171  242 1917
 3477  545 3595 4151  877 1031 3010 3438 3163 3218 4909 1902 3327  113 2973  980 3885 4910 2638 2220 2982 2423 5034 5093  415 4007 1215 3222 1990 3675 4206 2611 3629  836 1521 1117  356 2124 3429 1022 3000 3510 3736 5672 5718 1380 4021 4450 5021 5776  821 2293 2375 2042 1710   30 5080 3819 1644 5667 5077 5693 1889 4118  519  460  604  840 3550 4125 3280  988 3180 2460 5205 4504
 5220 2432  403 3524 5291 4217  895 1237 3021 5750 1731 5503 3031 4675 3839 1119 2341  234 5255 4282 5124 5024 4390   50 1032 4046 3487 2873 3284 3408 5105  622  930 3895 4597 1887  437 2265 2656 4836 4687  159 2897 4246 4661 1128 4711 2012 3305   28  922 1513 5712 3407 1959 5304 3111 1561  295 4375 2165  681 3596 2843  723 1478 3480 5161 4198 2250 3582 5754  489  491 1839  855
 4759 4538 4975 3505 3932 4764 4699 5635 1043 3695 1194  318 3997  872 1024 1048 1279 3468 4092   47 1465 3120 1250 3830 3722 1182 4363 2489   46  706 4521 3359 3092 4785 1838 1184 1363 3917 1504 2869 5277 4059 5312 5598  916   25  200 5373 1260 4408 2483 1666 2622 2186 2443 5091 2167 2686 2759  296  575 3512 4627 1142 5155 4459 4563 4864 5451 3210 3343 3336 1762  553 3674 2984
 4984  762 5048  881 1018 3119 2929 3507 3334 1591 4305 3214 3041  300 4852 2567 2723 2388 3127 3227 5179  558 2386  805   83  325 2747  343 4578 1206  127 1972 5403 1492 2251 5178 4850 5491 5197 2135  407 4500 4047 1415 2095 2302 3500 3440 5513 1405 1330 3956 5761  599 3384 3803 1459 5022 4747 3697  823 5463 4835 4061 5261 3638 2455 1333  161  360 3651 2307  586 4692 5036 3259
  111 3630 5449 2452 2080 4342 3604 1424  520 1811  696 3606 1548 4634 3969 4223 3848 2890 1631 5350 3020 4455 1951 1154 1385   92 3134 2870 2597 1613 5100 5747 4717 4045 4306 2156 4650 1404 3117 5129 3677 1993 3235 1519 1223 1999   43  670  535 4100 3661  542 1817 1059 5175 4963 5652 4254 4077  630 3928 3706 4429 4738 4543 1647 1673 3901 2506 1602  929 3648 2247 4058  370 4317
 2161 4889 1555   78 3332 4340 4918 4134 2630   11 3298 4350 4121 4076 1278 3710 2058 3701 2470 1944 5547 4508  901 5139  865 1590  672 1870 1946 5289 3522  135 2794 5612 2568  938 1263 3030 4967 4540 2294 3426 4486 2683 1857 4161 1560  121 3903 3575 2441 5329 5575  132 1431 5510   82 3963 5655 3474 5630  588 2303 1463  654 3412 2729 4694 1642 2207  207 2291  411 5194 4299 3394
 1694 3741 4748 1665 1343 5145 3149 2317 4327 3849 4278 5471 1505 4709 5391  446   55  993 3864 4924 4097 4832 3655 1495 3705 4890  349 3671 4523 2447 2545  822 3826 2231 2536  332 2495  918  763 2734 5230 4740  533  989 2835 4195 1682  689 5429 1967 4413 1140 1886 3370 2031 2041 4087 4559 4152 4165 3289 5615 3452 1918 5772 2689 4310 1834 1118   52  372 2224  494 2337 3893 3544
 5227 4237 4482 5414   17  371 1736 2076 5582 2799 4122  800 2188 4091 4782 2486 4911 5673  698 4952 4707 5444 1751 2259  924 3612 3216 2275 5011 1454 2225  432  543 4969 1448 5466 1637 5376  609  906 1705  945 1373 3628 2754 1772 1087 2075 2893 2785 2620 4495 5115 1217 3076 1418  765  106 1739 1767  375 3276 4545 2967 5296 2394 1662 3383 2645 1104 3840 2997 5682 5084 4996 5037
 5346  688 1062 4085 2925 3027 4098 5286 1812 3825 2563 1874 3669 3654  860 3148 4607  450 3139  503 3501 1595 4128 2281 4095  976 4477 4816 4252 4752 5253  691 1717 3013 2001  344  365 4938 4868 3591 3650 2763  593 3045    2  923 5498 4494 2740 4686 4857  290 2479  327 3427 1313 5343 3185 5272 2229 2044  827 2465  232  531 4270  771 2633 5237 2353  624 5337 3645 4933 4221 4012
  136 3265 1720 5692 1697  487 4019 2268 2321 4339 4144 5531 1763   75 2216  321 4956 3504 2710 2364  982 2021 3945  513 2406 1231 1028  631 5479 2296 4321 5200 5719 2773 4417 3509 3363  529 1297 4725 2602  391 4498  394 5116 5283 2629 1251 3189 5248 5572 5090 5042 3858 3399 3029  948 2264 5646 1301 3491  467 1825 5362 4965 2927 1808 1060  750 4588 2107 4288  937 2865 2014 3409
 5332 3306 3869  804  975 5434 3707 2269 1183 4904 4680 4360  528 5001 2538 2453 1865 3756 2335 4297 2580 1196  194 2000 3521 4612  340 4356  619  694 2885  279 1254 1316 4524 3805 3456  658 2226 4601 4324 4550 5566 4688 3496 1893 1340   65 5732 4922 5163 3277 2017 2368 1161 1943  125 5614  961 3976 5771 3425 4727 4210 3937 5045 1571  712 1262 1727 1820 3043  500 5522 1692 2669
 1136 5298 1535 1172 4512 3692 4786 3144 3368 2808 1370 4808 2477 2811 2609 2152 4418 3071  492 2527  943 3927 3964 5307 3842 3986 3703 1265 5606 3602 5716  176 4905 1053 3236 5103 1181 2503 1757 4666 2543 5292 1407 3694 5571 1805 1922 3533 1502   29  441  642 2657 1145  228 3037 5040  908 3523 1816 4673 5577 2008 1480 5249 4209  557   96 1488 3283 4805 1794 3824 3450 3489 2182
 1078 1616 2859 4824 5639  578 4065  442  216 2791 1044 3194 3060 2318 4124 5035 5186  516 4708 2599 3633 2090 3540 3768 3553 1854 3264  526 2936 2514 5135 3009 4784 3413 2324 1148 4274 4898 1994  584 3168 4018 5016 5174 4460 3307 3923 1064  870 2262 1715 1009 1036 5003 4537 1968 2143 5610 2500 1413 2292   57 5519 1066 2342 1025 2466 1656 3464 4267 4384 1605 1950 5764 3253 3087
 1143 5683  968 2133 2755 2944 4067 4505  291 2566 3866 3498  941 4307 4159  498 5509 3154 1957 2940  255 1130 3296 5160  100 1361 5644 3369 1844 5007 2665 1403 4818 2403 4190 2972 5613 1482  307 1598 3920 1468  373 4875 3672 4442  190 1733 5297 4843 5476 5170 1793 1292 3129 4054 4622 3223 5511 1593 1353  102 1802 2595  894 5656 4973 5684 4884  153 3681 1570 1494 1419  974 3115
 1883 2583  244 1073  129 4591 5563 2908 4558 5257 4216 3691 1764 1190 4697 4440 2715 1357   41 4433  567 5607 2947   33 3514 5192 4535  789 1650  458 2310 4972 4041 3116 1553 5452 3058 5247  445 3326  418 1348 4608 4096  963  632 2631 5313 3847 4511 5758 4838 3191 1623 2305  335 4749 2254 5768 4035 5729 4974 2883   90 2561 3776 2738 2958  863  158 5518 2087  966 1734    5 3118
 4454  618 1127 2023 2856  313 3856 3771 1607  187  693 1485  453 2502 3141  551 3255 2002 4915 5156  231 4982 5593 4773 4160 5231 3038 3549 4448 2033  841 1738 1748 1296 1615   18 4379 3178 3449  835 2961 5316 3904 4168 1080 4241 4562 3182 5755 5290 5580 4842 4070 1864 1685 1489 1040 4301 2548 5739  508 2190  223 2693 2968 1575 5226 1976  368 1678 3899 4452 4346 1750 5165 4792
  740 4724  925 5173 5714 4402 5330 1897 3079 2600  862 2964 2419 3112  283 3049  564 2018 5075 3493 4914 1276 1991 1081  486 1766  222 1124 1906 4610 2222 4739 1604 4432 5143 4149 1400 4243 4107 1971 1956 3732 4960 1114  410 2299 4080 5473 4469 5423 1050 1238  820  310 4157 3534 3364 2796 5101  779  910 3608 5629 3095 4032 1695 3281 5140 4654 1200 5026 3765 3769    1 3315 1532
 4551 4412 2544 2706 3735 5762 1980 2034 3366 4260 3892  422 3979  751 2524 5738 3725  758 3565 2263  628 2434 1019 1186 3122 2481 4224  173 2584 2837  357  949  320   35 4407 4338 4797 2745 1622 3983 3177 2829 1781 5432 1686 2243 3907  170 2212 5260 4424 4135 2235 1242 3636 1919 5408 3179 5617  728 2957 4689 4256 5603 3966 5456 3159  620 1317 5274  178 5211 1649  897 3728 2138
 5677 3294 3147 5187 2327 1002 1274 3470 3466 5662 2815 5554 4513 3166 3916 1120 1409 3205 4394 1379 3779 4430 4374  742 2756 3773 1219 4373 3897  333 4204 4014 5359   63 1351 3810 4053 2612 3001 4750 1849  647 1896 3562 1303 4467 1841 1235 4468  382 2765 1689  615 1121  661 2868 2082 4629 1038 3957 1438 1831 4133 5457 4137  380 2077 3584 3700 3213  663 5641 1646 2448 3447 3786
 5184 2338 3618 4116 5713 2533 2651 2202 2898 4983  378 1684 1537  243 3698 1304 3816  384 3676  792  399 3704 2252 4800 5341  596  873 5417 3358 4441 5633 2702 2675 2157 2581 2365 2122 1417 1134 4253 4567 4544 4392 5132 2661 2214   24  469 2505 2980 3873 3541 3063 3391 3124 3342 3807 2144 4856 3273 5477 2921 3040 1410 2904  474 4901  903 4536 2569  260 1510 5602  785 5323 1041
 2474 5262 3443 1364 5078 2552 3508 2565   23 4839   51 5238 1393  718 2240 3954   20 2793 5601 1396 5136 1629  817 4248 1913 5133 4086 5749 4285 4796 1039 4323  867 2393 4268 3597 2030 1056 3495 5574 1298 4276  856 4196 2797 4303 1293  731 5030 3249  215 3679 2564 4037 3081 3288 1483 2328 2996 3519 4115 4208 2183 2150  514 3734 3349  266 4594 4372 2955 1768 4386  625 2814 1328
 4530 5209 1676 3380 3077  899 3967  253 5071 1461 3574 1691 5464 3802  537 2628  674  776 4247 3398 2355 4348  772  818   48 3355 2154  852 1101 2319 3267 3764  652 1995 3988 5038 3250 3958 4332 4645 2830 3688 5421 1326 3340 4284 3982  146 1847  311 3931  946 4492 3357 1945 3821 5193 5416 2314 1755    9 5453  201 4425 4335  582 4516 4845 2096 3070 4082 2356 2155 5703 2589 3439
 3727 2681  825 1947 5251 3160 4199 1092 2258 1020 2943 1185 2949 4552 1212   72 4718  358 2451 2687 2546 3411  878 4665 4136 4300 1362 4259  828 1202 4066 1208 1440 5259 1160 5548 4555 4529 5317 4935 1683 3137   99 2917 4649   56 2617 1277 4913 5157 4451 1457 3744 1530 3659 1113 5072 1259 4801 5051  199 5229  745 4742 3132 1227 4184  574 1806 3717 5162 1636 5544 2385 1076 4635
  270  484 2713 4180 1860 4181  246 4743 2407 5302 4444 3234 4637 3416 1741 2803 4902 3195 2884 5085 2685 5269  174 2985 2521  247 5430 1523 1471  713 5049 1282 3329 4398 3341 3436 1690 3088 3387 1987 5199 2981 5398  464 5127 2605 5331 1095 1716  177 4069 4869 4456 4005  587 2350 5467 5487 1948 2674 2614 2554 4381 3230  189 3813 5131  347 1392  265  799 2571 2383 1332 1635 4153
  838 5730 4292 2945 1721 1882 3266 3850 4916  362 3687 2464 1029 2372 1443 2895 4251  904  160  764 1051  589  719 3578 1667  379 1131 4060  858 5401 1645 5669 5690 3460 4183 1573  252 5562 4584 5735 5273 1347 4104 4479 4647 5367 4052 1288 1696 1434 1107 3183  168  128 3959 5240 4971 3023 1988 3955 3403 5280 5151 2436 4415 4439  425  875 5046 3094 4142  947 5468  597  585 4257
  509 1885  317  449 2164 1077 2619 5407 3759 2603 3451 4163 2727 3663 1821 1408 3106 2387 5282 3599 3571 2579 4403 2736 4211 3207 5660 3914  233 4604 5623 1086 4203  649 1515 2105 2061  440 4546 5351  711 3845 3061 1986 2006 3631 2433 4589 5495 1790 5219 1228  107 2784 1004 3352  303 2704 3400  692 3926  754 3028 2719 2966  717 5442 1365 5458 4294 4950 4409 4488 4581 1942 3054
 4034  909 5663  219 2931 3600 2555 2462 5653 2054 2891 2180 1884 5505 5126 2057 2923 5708 2116  782 3753 3082 3367 1422 5619 4644 1188 1708 4427 5013  970 3042 2511 2072  227 2513 4674 1243 5419  417  614 2970 4219 1970 3002 5643 3743 4761 1744 3200 2914 2540 1388 5687  794 2025 2559 3879 4261 1924 2344 5188 1198 1098 2125  408  226 4334 2352 2642 2316 5437 2795 4778  869 3016
 1000 3248 4397 5538 1061 1189 5448 2807 3502  186 5412 4944 5508 1813  481 1899 4038  297 4428  676 2038 1335  955 5573 4636 1222 5349 5534  479 3943 4997 5528 3103  276  757 1390  645  198 1283 5440 3939 1632  960 3563 1428 1901 4726 1589 1052 2682 3576  657  483 4746 4866 5740 5461 1910 2827 5370 2881 1071 1760 5293 4471 3610 2288 3577  849 5694 1746  953 3829 1822 5470 2551
 1698 3868 3875 4753 3851 3062  561  845 3719 2484  934 3911 1627 1089 1197 5028 5609 5348 1873 5435 3472 4760 4423 2066 1586 3209 4603 4775 2400  710 3546  848 1213 5552 2163 2100 2522   13 4668 1795 2104  134 1239 5328 4882  530 2084 3812  314 4777  824 4269 2492 3994 4345 1211 5198 1752  293 5664  635 1842 5064  577 1367 5082 4049 5325 4009 4585 2530 3335 2535 3857 1742  555
 1851 2273 1493  312 4362 5395 1141 1496  414 1787 2616 5223 5707 4987 4064 2652 3297 5208 2128 2482 2690 2340 3313 4803 2491 2529 1012  732   54  334 4999 1657 4483 1458 3309  506 3390 2361 3314 2501 4721  402 1606 3683  646 3462 2983 3193  534 1633 1156 5665 4503 4681 5098 4621  550 4491 2781 2696  967 3846 2384 2939 5775 4331 3150 1469 2313 5387 3091 1436 2582 5605 4312 3670