 2227  510  363 3174 5181 2551 4420  609 4277 4787 5010  401 4284 2334 4606  546 1811 4496 1172 4093 4316 3948 3237 2495 3839 4039  894 1102 4459 2990  258 5105 4077 1738 1100 2326 5631 3621  791 2717 2147 3500 1705 4998 5897  835 4198 2764  911 5830 4306 3105  756 5608 3258  883 3261 5589 5208 1050 5164 4970 2394 2880  194  685 1455  497 1549 5926 1217 2846 2417  487 5275 5673 3332
 4884  210 5752 4308  200 1578 3189 1124 3970  699 1970 2198 2634  593 4318 5426 2913 5491 1960 4360 3903  143 4612 2460 4875 1937  745 1963  943 4072 5702  972 4167 4309  542  349 4567 3645 1258 2291 1604 4200  728 4981   88 5034 3934  300 4950 4854  470 2928 4747 2153  918 2793 5545 3898 2956 3022 4667 1940 4640   81 3465 4545 2101 5576 1671 5672 3814 4026 1408 4887 5868 2207  402
 5320 3797  599 3531 3041  596 1805 3324 5625  282 1763  993 3249 4016 1568 5019 4683 5002 3785 1075 3382 2478 3853 4649 3985 5883 3064 3390 5093 2902 4943 2914  656  639 1739 2381 1904 5544 2719  133 1040  434 4143  563 1859 1000 3434 5172  451 1047 1854 4206  805 3868 1675 2229 4585 1691 4527 4099 5128 4623 3448 3592 5632 5056  654 3885 1505 4137 1861 1615 5922 4570  462 1513 4696
 2224 4940 1131 3362  784  690 3688 3942  326  924 4800 4049 2022 4689 3450  925 1250  946 1220 2317 1168 5734 5260 4065 4739 3983 1453 1577 3162  532 1352 1030 2988 4566 2752 3802 5870 4443 3712 4715 5206 3012 2559 1202 1851 3966 3478 1009 5590 2499 3933 4171 5761 4927 1017 3311 2939 2636 2382    3 3619 2437 3409 5719  507 5685  551 4434 2453  364 2053 2323 3659 2726 2288 4794 5250
  279 1985 4344  530 5750 2975  903 4713 3637 5021  122 4349 2765 2370 1665 1387 4029 1191 4117 5319 3304  915 3589 4146  159 4226 4180 4428 4626 1377 2832 4703  118 4569  528 4022 1936 4058  909 2192  397 5110  710 5354 1211 5022  408 2590 5391 5636 4127 4779 5541  769 2604  996 1494 3722  677 5785 5406 2587 4503 5088 4924 3432 3803 4159 1884 3579 2368 4254  459 2052  731 1306 1179
  521 1954 2482 5812 5339 5383 1563 2920 2494 3930 1255 1062 4455 1928 5410 5828 5550 1911 4543 3492 2755 4218 4332 3526 4577 1867 3857   62 2062 4967 2023  717 5777 4280 3927 2336 2687 3225 1227 3815 3026 4337 1354 4251  967 1616 3850 4973 1686 4401   40 4907 2916 2444 2166 3690 4104 1066 2954 1477 1660  411 4025 1117 2861 3345 3607 2120 2292 1077 1732 1875 1596 1411 5024 4648 3210
 4597 2076 4183 1333 4988 3215 2768 3315  761 2641 1618 4575 4510 1642 3336 3358 2396   43 1114 2901 5708  863 4561 1225 4315 3808 5340 3078 1268 2341 5264 4762 4968 1891 1397  659 3522 1696 4486   94 1644   78 1484 2686 5118   44 2534  431 4444 1945 4288 5499 2643 2196 4096 4045 5503 5444 2829 1693 5404 5877 1304 5040 4819  158 2657  810 5445 3297 2458 2128 5308 2839  926 1442 3133
 2278 3246 3401 2275 1978 1991 3137 4020 1189 4952 3063 3166 4135 1637 5644 1294 2696 5710 2884 2328 2008 2677 3636  568 4853 3646 2619 2915 5656 5505 4163 4720 2655 4724 2737 3350 1530 3863 3058 1902 3893 5333 3156 1534 3351 2373 5193 1652 3841 1239 3206 2873 1554 1357  592 1032 1139 5217  144  479  953 1247 2784 4382 3420 2032 1710 3517 2156 4734 2963 1651 2631 3255 4829 5594 3480
 5201 5152 3955  538 1725  361 5792 2138 5375 3008 4223 3161 1083  904 3040  537 3242   35 3286 1747 1460 3484 2528 1470  139 5156 5098 5676 3275 4122 2000  594 5112  952 5429 1277  602 2666 2006 5788 2177 2553 3515 5202  456 5461  515 5540 5327 2019 1263 5833 5699 4321 1678 2137 3165 2612  800 3460 1841 3615 5000  961  360 5597 5062 5925   45   55  829 3817 4158 1522 4244 4335 3869
 3498 3984  598  771  202 4322 2869 4531 2889 5053 3728 3762 1574 1924 3070  607 5313  893 4278 1235 5653   58 3024  990 4151  335 5228 2772 1545 5294 1109 3953 4860 2794 4028 2974 1404  394 1125 2823 5249 2820 2063 3909 4727 3481 2180 1535 3010 4722 4272   27 1593 3729 1933 1769 2190 4078 3212 4650 5306 1265 5091 2651  640 5695 1104 4581 2667 5657 3792 3925 3204 5747 3405 1383 1428
 1079 5044 3826 5367  523 5394 5629 3071 1944    7 4326 5033 3753 3235 1300 4298 4706 5271 2805 4844 2544 1817 2650 1880  498 2816 5140 1941 3329 4044  837 5324 2083 4427  196 5585 1523 4631 2263  268 3561 1121 4635 5263 1437 3098 4863 1791 1626 5888  979 2305 2490 1394 4408 4388   37 2511 5898 1434  827 4549 1231  620 2446 3511 2149  343 2257 4474 2725 3265  974 2325 3884 5069 3278
 1152 3644 2984  297 3950  377 3691  270 3823 4954  252 3629  486 4463 3378 5610 1459 5017 5232 5745 1284  259 3931 3986 1803 1287  823 1361 5148 1961 4796 5122   97 1193 5258 1342 2566 5753 1555 5814 1681 1320 5790 1246 2513 1157 2158 3183 3338 4370 2681 5744  999 5579 3725 5121 4227 3639 1836 5061 3270 2514 1886 4912  586  721 3141 1080 5751 1641 2851 4203  518 4808 4092  612 4599
 4334  616 2048 4848 4858 4535 4732  587 2442  372 1430 5829 1899   65 3435 5075 1184 1273 3890  834 3138 5501 3168 3871  155 3415 5218  509 2847 5822 3116   84 3194 5229 4678  936 2714 2530 1205 3575 2219 5890 2121 5510 2436 4813 5759 4742 3095  188 4513 1445 3713 4414 4328 1559  864 2654 1730 4931  482  657  686 3309 5762 4666  778 4119 5504 1044 2107 1422  319 2258 3055 5434 4588
 2540 5458  289 4521 3906 1544 5889 5417 3800 1464  263 2312 3855 4866 1136 5411 3113 4835 1431 4736 4934 1776 2870 5468  205 2948 4013 3190 1253 5001 3622 1662  280 4363 5778 3935 3282 4554 3788 1123 3828 3395 5154 2240  371 4675 1542  344 1566  934 5492 5380 1629  395 5211 1160 1347 3371  773  192 1942 1965 2409 3825 2672 2367 3734  868 2501 1106 3384 5884 2724 5796 4672 1230 1396
 1699  429 1913 4080 1669 4201 2602 1585 3348  409 1384 2377 3104 2555 3320 1947 5863 5679  104 3518 4937 1967  785 4239  448 1482 4098 2452 1372 4716 5688 5575 3387 4084 1218  919 2875 5806  492 1631 3096 2622 3540 5907 2759 2092  368 3245 3936 2760  208 1561 5077  622 5036 5342 4801 1278  547  261 5815 2484 2108 5506 3551 4708 3601 5150 4633 1143  932 3220 4838 1310 5591 3033 5667
 4807  958 2122 4753 4381  514 1645  910 3969 2068 5023  758 2850 4804 2159 1938 5111  626 5740 2547 4234 1543 3584 2860 4473 3180 1801 3052 5078 1722 3732  500 3271 4216 1567 3285 4598  535 1031 1755  780 1010 5357 2130 1206 3649 2070 5295  665 3000 1321 5774 2114 5403 2331 5641 5348  671 5477 2020 3262 2959 1340 1283 2025 1849 5811 5515 3051 3951 2710 4605 2879 2448 4374 1423 3858
 1608  833 2218 3684 2251 1076 2085 4932 3875  232 4083 3238 1735 4748 3679 5212 4175 2642 4770 5402 4896 3743 2546 2174 4346 4464 3894 2064  151  128 3502 4966  308  661 3142 4285 2213 1734 4247 5450 4925 5903 3758 1238  986 2500  714  734  167 5433 1510 5489  603 4878 1650 5224 1638 1334  147 1715 5482 3013 2418 3301 1758 4479 3583 5533 2383    9 3504 4632 5162 2463 4864  216 3567
 4983 1830  354 3147 2405 4144 3900 3229 1161 1772 4451 4815 3874 4799 2788 1612 1426 3357 2162 1558   96 2757 3676 1533 5030 5766 3430 2269 2393 1576 4690 4629 3331 5693 4338 2883 4645 1421 2910 4556 5834 2182 1052   59  985 1141 4377 1365 1348  277 2214 4604  531  237 1765  631 5726 3735   38 4286   68 3878 3910 3847 5170 3620 5612 2187 2154 4949 5892 2352 3413 5668 1433 5741  635
 3635 1901 5029 2429 4744 2977 2734 4894 2099  356  845 1456 4740 5818 1381 1399 1819  304 2812 5071   11 4237 2349 3085 2611 2363 1636 5832 1900 3300  491  272 3730 4731 3295 4102 5183 5442 4030 2533  449  191 3830 2449 1711 3131  980 3159 5507 5346 4114 5345  204 3796 2595   24 2718 5221 5858 4267 1410 1254 4840  896 1990 5146 3663 3580 5432  302 3973 5165 1101 4669 2245 3467  701
 2210 5284 4376 4430 3072 3368 4852 1186 3083 4252 2909 2459 3007 3628 3997 5848 1919 4181  844 5634 5451 2386 1560 4874 2067 4461  898 4040 2968 1673 1903 2205 1697 3859 2807 2786 3233 1989 1658 3057 3016  112  246 4877 1417   83 5147   12 5222 1185 3347  490 4186 5498  935 2236 3115 1337 5721 2601 4124 1308 4916 2762 2252 1463 1486 3624 3572  813 4880 2597 3590 5581 5064 1126 2253
  966 1767 5627 1627 5478 2044 3781 5661 2950  469 5060 3216 2173  286 5638 2753  995 3044 3274  795 5797 4494  691 1082  134 1033 2785 2493 2519 5196 3747  504 1546 4688 5037 3427 2576 4905 1995 5624 5682 4670 5810 2315 4918 2751  296 2702 2039 1483 1754   66 3963 5681  713 3999 5787 1382 4446 1998  454 4182 2094  766 3259 5846 3495 2523 3940 2413 1571  702  425 4693 1557 4488 5565
 2536 3094 1999 2239  711 3771 4393 3046 4642 3125 5227 3234 1182 2782 2790  374 2867 3325  764 3170 4662 4505  477 1251 2775  419 3974 5161 3923 5190 1843 4979 4454 4126 2893 4471 2797 2876 2054  303 2953 1877 1832 2727 5496 5177 4038 2021 4476  125 3685 3122 4913 4385 3582 3487 2838 5500 3006    1  743 3011 4831 4225 1771 1815 5179  182 1690 2827 2232 4951 4440 2248  855 3407  253
 3527 4994 4511 5542  574 4105  738 5032  544 3848 4617 1570 1502 3254 3542 1006 3087 1148   91 2582  589 2324 4469 2646 3139  608 2625 4353 4300 4741 2958 5182 4797 1966 1196   90  123 1996  736 4868 1313 4879  939  746 3886 5220 3634  781 1923 3123 3136 5359 3818 4607 2644  100   25 5370 5643 3599 1507 3784 1293 4116 5601  323 3291 5287 5619  787 3856 2293 5707 4611 3069 3776 3120
  965 5392  475 3009 5005 2139 4971 3392 1972 3892 4869 4177 4417 3267 3463 1775  370 4961 1416 4660  688 2509 5649 1279 1927 1110 3302 4317 5677 2262 3552 4699 2298 2384 5584 4571 2529 2842  385 1002 2512  441 2633 2343 1325 5600 4228 2100 1799  488 3367 2466 4266 5749 5099 5043 2858 1055 4324  332 3128 4130 2592 2157 5722 4499 2620 1514  107 2561 4094  348  506 1112 4926 2803 4305
 2274 4070 4304 3979 1419 1656 4036 3107  247 1107 2783 4150 5904 5630 1521 1197 5669 4002 5572 3244 3379 4538 1723 3029  254 4170  858 1134 3657  937 5769 5838 4033 1327 5654  794 4090  727 4756  825 3339 3912 2777  628 3801 2668 2411 3924 4051 1882 4737 3164  174 3650 1646    8 4369 5280 4832 2969 4957 4054 1013 2135 5757  792 2856  184 2110 4147  650 2949 2649 4609  327 4493 1038
 2618 5360 1319 2320 1398 2113  534 5794 2399 1376 1497    5 1871 2012 2031 1324 5919 3993 2281 2979 4006 1746 5560 2480  203  658 1619 2002 5325 3414 4726 5616 3321  496 2143 4484 5652 5240 2819 3417 5144 3263 3130 4436 1469 4782 2237 4294 3322 2923 2577 1439 2024 1012  433 3373 3960 5006 3602 5567 2387  113 4738 2061 3647 5803 4491 1311 3988 2428  664  176  262 3606 4330 4830 5407
 4173 5039 4351 3716 4922 5335 2059 2185 4774 3835  472 4095 1444 3488 2682  536 5331 1939 1504 5857 1441  271 1188 1976  164 2996 2212 3097 2992 1090 2689 2989 1887 4230 5633 4939 3837 3493 1243 1427 1210 4935 4562 3485  777 5016 1858  227 3831 4389 3571 2347 5124 4187 3034 2316 2541 2872 2109 1330 4391 5733 3428 1528  127  292 5378 3791 3870  668 2857 2721 1466 1142 3557 4211 5893
  512 4219 1825 4447 4676 3793 1816 5709  517 2999 4109 1503  871 2588 2791 3326 1920 3774 5038 1390 1317 2703 1623 5687 5683 5243 1548 2421 3153 1787   15  681 5180 5204 5929 5463 4257 4986 5729 5563 4653 4482 5231 2389 1779   98 2342 5874 5119 1516  423 2961 1603 1500  789 1860 5923  889 1797 3507 1025 3074 2630 4911 3152  146  436 1712  580 5438 3764  116 5801 2146   33 1914 4697
 3698 3558 3457 3406 1181  148   39 4270 4809 3958 3543 5602 1154 4498  334 1672 4615 4291 3268 1720 4755 1706 5210 5185 2543 5390  420 5711  726 4405  998 3023 3653  803 1068 5793 5825 4046 5495  152 5921 3677 4791 3523  489 2223 5474  355 3896 4764 1908 1443 5805 3443 2209 4062  729 1702 2747  541  249 2924 5856 5548  439 3470 2426  190 2871 5065 2392 3705   47  750 5007 1069  467
 1201 2427 2776 2036 4312 3280 5704  396 4993 5620 4148 2055 3027 1415 2030 1085 2155  747  968 1617 5543 4023 1717 3992 4996 2414 2853 3563 5267   53 2865 2749 5783 4339 4021   64 3809 4812 4457 2885 5300 2648 2457 2695  556 4842  163 1611 2098 4818 4947 4914 5409 5307  106  831 4792 1814 4007 2066 1537  772 5268 2709 2445 1245 1508 2855 5153 2545 3503 1256 2127 5257 1045 3975 1527
  950 2028 4837  108 2537 4141 5051  875 1471 2351 4857 4295 4865 2050 5431 4441 2743 5879 4366 4989 1465 3882  895 3283 4824 2691 1014 4657 4525 5738   56 3560  988 4758 2084 2746 1133 1906 1249 3516 4333 1762 4398 1653 2311 1392 4509 4735  824 3949 5469 1049 2616 1714 2586 2722  351   34 2238 4984 2732  560 4271  234 4709 5054 2225 5528 3918 4336 3001  533 3438 2385 3718 3745 1054
 1655 5035 2468 3483 4139 2684 4310 2505 5372 5566 2943 4467 5604 3555   86  759  642  562 1628 5365 1703 2741 4547 3440 4134 5412 3672 5186 5471 2254 2397  341  358 4037 5924 2817 2603 4906 2769 1741 2491 4904  684 1918 5299 3036 4165 5525 2184 2716 5363 3577 2041 2548 5773 3941 3605 1625  914 3768 1598  403 2069 1162 1492 2525  793 1078 3834 2319  949 3148 4081  550 1331 4730  885
 5680 4827 5899  678 1302 1793 1355 4110 4060 5912 3682 1332 1023  838 4168 1949 3554  553 3305  737 4281 1916  902 2290 3917 5853 1288  114  559  453  674 5328 4788 3474  422 4995 2026 4123 5209 2606 4559 1057 3891 3532 4242 1883 1925 3383 5072 4563  703 1835 3832 3964  722 5256 1994 4367 3694 4780 5662 1060  969 2115 5840 1981 2521 4568 1564  224 3361 2188 3806 2628 5511 1597 5481
  997 5779 1490 4673 1993  260 1008 5827 1829 2163  352 3243 3173 1272 4067 3778 3805 2018 3433  285 5441 1274 4422 1145 5031 5775 4299 4043  381  177 5716 2629  941 5522 4661 2483 2058 3312 4024 3530 5862   48  251 5531 2464 3754 1286 2830 2678 3954 5781   13  693 2951 2346 4987 1587  723 5598 4458 2947 2201 2489  851  173 4603 4229  421 4154 5524 2011 4355 1395 5547 4761  644 5896
 1291 3473 3976 5344 3236 4810  315  676 3539  905 3614 5724 5483 2430 3207 2897 5081 1424 4231 4749 1760 4502 3641 4086 4250 3039 4233 3714 5902 1174  273 2526 4329 5637 2406 5554 2556  153  390   93  696 3269 4572  638 4681 1894 3191 4997 4519 1987 3158 1635 2106 1895  481 4064 2981 5366 3068 2272 5385 1067 5311  839 5219 2485  584  124 2518 4068 1380 1115 3132 4031 2097   36 4821
 1595 2078 2034 2810 4620 3446  189 1473 1975 1853  679 2472 2333 5639 2671 5255 3783 3386 5347 3335  788 4820 5861 3219 3879 1275 4289 2538 3218 2971 2296 3899 5273  313  576 2126 1349  697 3520 3799 5430 3171 2706 5440 1873 2740 2934 5765 2040 1448 4591 2637 4768 3581  618 4643 4478 4208 4188 4035 3150 4946 1897  387 5580 1095 1413 1335 3101 2273 5799 1228 4752 2129  160  610 3477
 1156  522 3112 1926 5395 3031 3711 5577  239 2835 5326 3553  291 2811  807 5281 1480 3667 3772 4390 4395 1167 1132 3472 4579 1379    6 4767 2742 4930 1667 1757 3453 5454 4261 1159 3424 3633  365 3795 5905 5230  927 4745 4421  223 3700 5671 1344  878 3920 4862 3353 4560 4184 3313 5527 4985 3611 2658 3330   16  744  520 4202  806 2060  219 1804 1241  812 5115  796 4400 5555 5586  663
 2056 3883 4259 4902 5855 3991  312 4790  130 4404 3381 3538 1724 3656  293 4426 1759 2082 4425  567 1170 5349 4197 3996 3182 3761 1752 5447 2844 5908   32 5143 1481 3724 4990 3512 1591  353  228  637 2330 1222  942 4822 5485   61  294 3549 4982 1290 2301 4917 3965 5692 2578   26 3221 3547 5556 5343 2178 5549 2134 3482  265 2357 4564 1833  445 4778 5448  621 1257 4057  614 1391 5479
  836 1270 3314 2327 2356 3084   89 3947 5272 4891 1519 3088 4923 1613  502 2946 1581 1520 5246 2150 2029 3888 3114  735 5569 1657 3489 5928 5063 3862 5748 1452 3356 3775 2693 5737  757 2574 2152 5626 5207 1572 2723  321 1647 3317 3673 2903 2477 4836  238 1601  288 5245 3019   49 4929 2456 1788 2991 2935 4582 3076 2136 2438 5076 4616 4898 2140 1639 5732 1609 5428  552 4003 3272 1215
 5462 5381 4523 3813 2165 3366 3536 5141 3640 1579 2295 2208 2821 2471 1749 3559 4236  135  822 4600 5305 5104 2661 5003 5587 3695 1872 3090 2609 1744 3861 5047  178 4485 5878 2401  110 3195 3652 1402 1366 5705 5052 3794 1269 2077 1053  809 1778 2894 1541 1070 1589 1709 5771 5027 2249 5460 4702 3145 1857 4656 5199  195 2419  755 1177 4097  673  959  309 5408 2181 1234 3211 1389 4145
 5915 1876 5854  245 4071  719  564 2051 3703 2573 3306 1930 2635 1164  570 3294 1824 3681 4555 4359 5096 2699 3726 3208 5913 2926 3073  417 3598 3564 2276  775 4980 1632 5310 4193  947 3664  115 2141 4129 4048 1001 2089 2966 5486   50 2250 2230 4052 1209  816 1271 4886 5443 5466 3468 5539 4245 2792 2862 3908 3412 4773 3748  636 2234 4646  680  900 2104 5623 4019 1158 3119 4942  963
 4419   23 4658 2998 1742 4410 1948   69 3253 2211 4472 4220 2774 1525 4311 1027  842 3578 5321 5697 4373 3410 1688 4972 1869 5368 5756 4900 1898 3323 3247 3496   72  156 2796 4625 5850    2 3545 5134 4518 1018 1812 2607 4063 2623 4113  752 3723 4890 2579 3028  970 3662 1729 5379 2978 2640  648 1292 2088 4483 4991 3298  783 4647 5235 5609 1573 3003 1862 2279 2119 2372  920  928 1113
 5080  601 4883 3807 2014 1458 3441 2071 3597 2921 1285 3359 3279 2010 4372 1974 1173 1037  984  229 2151 4495 3045 3360 5690 1175 5826  333 2380 2398 1087 1868 3342 2676 5480 4849 1679 3683 1808  872 3239 5786  400 2575 3675 3217  480 4279 4786 5754  236 4784 5102 4462 3843 2344 1099 1605 2304 2580 4639 1281 4526 5819  141 3318 2896 3143   29 3864 4630 5470 2675 4847 5849 3389 1467
 2854 5502 4826 3374 4241 3617 5013  283 2970 3889 5574 4915 3398 5315 2391 3763 2160 2270  379  516 1042 3782 3111 4345 1462 3394  330  346 3337 4424 2013  221 1135  290 2309 5355  957 3939 2599 4728 4558 3184 2306 4302 5872 5225 1856 1968 3820  185  235 3223 4651 1072 3509 3447 2713 4602 1770  426 2669 5449 2339 4590 2898   79 4189 1329 5914 3140 4307 2973 5456  749  197 1685 5049
 4018 1606 2730 1073 1137 3981 4885 4378 4015 2358 5821 4450 1393  545 3804 3222 5351  929 4433 3873 5614 1351 1022 4416  405 5066 2402   99 1590 4214 1176 1108 4423 3375  881  386 4638 1698 2261 2079  581 2549  317 5764 3787 3977 1491 4368  366 2558 4112  295 3388 5100 5301 4340  776 1586  324 5552 3459 3546  493 2416 3570 4537 5195 1244 2481 3391 4754 3881 4850 5817 3053 1855 5025
  231 2492 4692 4594 3674 5532 4718 4834  695 5341  410 2403 3759 4806 5176 3956  790 3922 1074 2731 4893 3499 5909 4000 3749 4413   51 4185 2980 3876  157  982 4166 3556 3365 3429 1789 3627 2918 2090 1203 4041  814  891  287  243 4396 4691 2859 1280 2142 3411 2335  720 1953   31 1820 3550 4793 3346  428 5292 5881  186 3092 4685 3573 3181 3333 4892 2688 1670 1149 3376 5382  647 4580
 4314 1708 3651 5916 3004   20 2353 2167 3519 4274 4136 2365 2598 1303 1266 5789 2756 4325 4191 3643 3423  615 2882  933 1501  281 1821 2354 3020  861 1950 3692 2944 5106 2955  166 2073   71 5116 2450  440 1127 4204 2255 4659 5906 2096  906  438 1178 3497 5028 2890 1043 4323 5226 2801 3490 5538 4714 3226  276 3576 4861  458  165 3288 4856 3514 5318 5714 3117 4719 4839  819 5389 4899
 4682 2965  274  255 4843 4152  798 1130 2361 4331 3172 1810  617 3328 5189  853 2268  808 1242  206 3250 1435 1165 3418 2653 2479 3777 5214 5215 3982 2410 3780 3030 4845  548 4524 1198 5358 3658 1774 4828 2009 4160  945 5014 5026 5465 5173  359 1761 3926 3959 3163  455 2712 3928 1707 2267  625 1496 3699  383 3562 1782 5865 4975 3877 3299 5254 5114 2226 3017 3449 4711 4959 3419  739
 2294  170 2824 3704 2789 5085  954 4103  629 2072 3604 4882 4014  393 2443 5178 3471 3340 1594 5277 2081 4671 5768 5334  643 2194 5197 1737 4637   42 3665 5523 2093 3385  168 2976 3535 2993 4138 3901 2929 3266 5900 4120 2175 5864 1034 2388  649 3838 3525 1475 2220  103 4969 3397 1485 5125 5776 2340  923  762 4936 5388 2787 3932 3054  226 2065  105 4618 5731  856 1120  754 2936 2033
 4194 3937 4437 2905 1777  653 4811 3185 4504 1326 5546 4663  437 5086 2277 4515 2395 1992  802 2818 1092 2169 2506 2888 3765 3989 5851 3812  310 4195 5278  801 5261 1166 1539  873 4089  199  956 2997 2359 1848 2995  416 4361 3364 3632 4005 4760 3978 1584 2694 4296 3205 2763 5659 3439 5553 5083 4621 3661 4319  447  101 5251  565 3568 4073 3880 1932 3444 1847 3608 1071 2202 1495  230
 1716 4644 3284 5882 4613 3402 2922 2608 2798 5573 5386  605 4475 4246 3403 1338 4859 1582 1865 1659 5866 2264 3081 2960  588  211 3750 1649  162 1562 5042 3854 3486 1190  554 3082 4131  874 1768 1643 1822 2171 5142 3638 5628 4508 4855 1622 5332 2015 5396 1529 1341 4833 2550  725  619 2632 5130 2833  242 5568 2206  399 1952 2568 2711 3595 4557 5640 5400  378 4264  774 5804  818 2531
 5664 5571 4056 3833 5238  432 4601 4017 1155 2256 1863 4470 2378 3887 1153 1028 1957 5446 5424 3916 5418 4698  466 1917 5839 1588 3110 1943 5236  652 1029  549  763 2112 1493  832 5095  306 5873 4465 1309 4209 5361  843  316  916 2364 3972 4825 5067 2074 5011  973 3059 1282  577 2125 5494 2451 2907 3369 3670 4383 2645 1634 3600 3746 4379 2440 3025 3510 2692 5352  741 2244 3613  398
 1212 2265  218 5875  266 5518 5464 2779 2563 2233 2200 2091  583  213 1425 3154  485 3609 5891 5666 4750 4596 5901 3544 1318 2488 4544 2310 3178 5698 4055 5886  869 5816 4955 2105  815 4586 2465 2502 1059  138 3990 4210 1910 4320 1385 3957 3469 1575 5302 4548 1093 3091  369 3049 3707 4087 3176 5824 2038 3177 1146  854   67 2467 4224 5174 2758 3827 3625 3341 2318 1602  886 3192 1259
 4297 1144  817  478 1668 3524 3822  187 4439 5048 3067 3816  209 5364 5561 5123 4679 1414  339 5703 4238 4589 4528  828 4432  799 2771 4785  501 5270 2376 2982 1888   18 1260 3121  172 5137 4107 2697 1116 1370 5918 2639 4397   41 4221 5285 4583 3466  171 3151 3593 2371 5813  672 5423 2802 1826  511 4050  474  978 5876 5248 3591 5393 2193 4872 2745 3623  748 2705  675 2199  708 5660
 1689 1058 1299 1216 1420 4677  529 4174 1015 5836 3998 1687 3075 3310 2917 5800 2322 1232 1959  892 2613 1305  240 5885 5735 3897 1219 1474 4140 2778 5055 5079 1208 2739 3513 5133 3678 4059 1727 4215 1169 1432 3086 3911 1798 3566 3404 5074  181 5837 1103 2773 2221 3946 4610  513 5512 1553  131 3710 2123 5371 3167 5376 3118 4522 5894 2868  473 5717 1674  964 3421 3355 2337 1852 4746
 4636 1339  154 1056 1094 5374 1237 2284 4456 3929 3995 1745 4817 2863 1374 3124 4011 5457  944 4668 4365 5770 2144 3372 1039 5009  611 1499 1478 4149 3399 1401 3842 5847 3541 3689  526 5742 5239 4751  590 4429 5041 3696  233 4695 2307 4079 2283  406 2560 4795 4759 3276 4512 4053 2589 2231 5233 5911  217  698  566 2476  298 1472 3327 1371  975 5795 3201 5593  126 4909  214  527 2892
 2900 3213 4172 2047 2027 1790  179 1713 4468 1264 4411 5050  435  373 1506 1683 2849 3701 4928 1518  955 2172  503 2729 5126 1704 1343 2462 2148 2626 1261 1692 5718  709 3396  328 4292 5103 3505 4249 4357  311  821 5867 1621 2738 4723 5414 3307 4207 1700 2904 2461  540 5686 4619 4533 3616 1091 2266 5920 5582 1004 5844 5701 2124 1171 1403 3456 4532 4283 2338 5592 5203 1298 5253 2571
 4540 2927 3529 2348  907 5674 5082 1295 4358 3548   52 3565 3767 5094 2035  867 5322  424 5282 3293   92 5488 4222 3618  460 1440 5535 5476 2016 1630 4402 3668 5530  850 2470  884 2195 1682 2748 2877 2932 5712 4999 5068 4343  700 5101 1988  465 4403 5223 4553  983  250 5242 3655 2133 1551 2289 5369 5611 3252  578  318 5823  463  215 4546 2919 1088  220 3077 1726 4352  380 4132 1454
 4507 1538 1580 1180  180 4004 2535 2360 5493 3944 1373 4910 4665  357 3720 2552 4841 5425 4743 2679 2662 1252 3037 4851 2259  866 3987 2720 4115   19 3594 5910 4263  716 3586 3836 5070 4933 5562 1418 1021  662  325 3585 5303 2744 5421 1881 3533 4938 1213  543  948 1893 3844 1192 3687 2001 4542 5715 1845 4282  669 4489  897 4069 1736 5012  921 5419  225 2420  600  391 5622 5286 2189
 3671  860 4775 4085 3769  597  849 3914 3666 5139  694 5237 2422 1105 2487 3248 3731 4805 4816 3193  278 3462 3292 5513   54 2433 4445 5490 3476  430 5127 5807 3752 4012  256 3740 1512 3913 5455 4766 1368 1240 3038  848 1694  687 4125 5852 3032  452  557 5296 4217 5798 5730 4576 3380 2841  137 5655 3501  804  267  305 5835 1400 1048  301 4481  404 5289 3079 4686  591 3967  198 1350
 3770 1750  136  539 1536 4903 4578 4552  862 1982 3994  444 4453 2564 3810 5059 1353 1098 2610  951 4802 2404 1323 1701 4190 5129 2994 4733 2516 4213 5316 1356 5304 1150 3706 4871 1929 4010 2972 3264  129 5329  362  140 3224 1806 4435  753  471 3422 4260 2663 4501  468 4608 3445 1509   46 4897 4061 1316 3702 1569 3273 5663 5645  222 2408 5728 2933 3436 5887 3186 5262 1984 4565 2170
 2878  264 3709 3686 4867 4327 5384 2037  666 1297 3425 5559 4529 4460  102  841 4375 2664 3528 5107 2840  908 2043 1199 4356 4258 5160  331 5831 5767 4721 1718 1838 2987 1831 2808 3452 5283 5288 2473 4268 2621 2600 4694 2707  989 2733  882 2908 2379 5135 1800 4789  641  299 4001  337 2215 1677 2313  724 3109 4265 4386 5537  830 3846 5648 4628  991 2866 4516 3789 1061 2496  571  257
 5420 3464 5516  960 3491  109 4412 4944 1346 3852 2374 1934 3945  767 5167 1540 4276 4290 2539  630  779   60 2624 3199 1997 2447 5927 1654 3257   82 2715 5057 3287 3035 1360  269 2282 4587 5274 5691 2617 1063  508 3014 5650 1207 4192 1183 1364 4392 4497 2930 3915 3742 1802 5399 4452  392 5373  132 2887 5018 4042  427 2941 5558 5880 3727 3719 3319  682 1866 3377  524 4176 3099 2680
 1436 1262 2510 2652 3907 5706 4118 2508 5519 2102  770 1314 3303 5809 2407 4624 1751 3904 5720 1035 1526 2770 2804 2176 5452 2822 3610 5475 2572 1358 2945 1081 3102 2350 5646 3962 5678  415 2321  484 2912 4520 1958 3344 2874 4539 5520 2260 2116 1956 3169 1661 4664  579 3851  117  207 1664 1620 3867 5743 1488 5298 5045 5259 1878  760 1362 1301  930 1624 4956 3334 2308 2300 5252 5163
 5459 3840 1163 4776 3819   14 4964 5536 1756  329 3157 2285 3919 2423 3043 4008  175 3757 5760 4814 2203 4700 3080  585 1600 1786  751  340 2228 5758 4948  149 2831 2532 1046 2161 5323  555 4757 5084 4530 3736 1489 3352 5314 1378 3860  931 5168 2117  561 5279 4771 2247 4908 1552 4442 3155 2222 1986 2412 1128  443 4342 3461  499 1733 5917 5132 2670 4407 2520  169 4371  852 4992 2845
 5723 2585  976 1375  692 3660 3149  732 4490 5534 2303 1781 1041 3308 5008 3134 5529 3106 4101  382 4287 1236 2736 2375 3370 4156 2299 2504 3042 1097 2469 4684 3895 2455 3200 4380 2685 2314 3048 5514 4492 4921 4595 4574 5784 5336 3188 1026 2454 4895 3198 3281 1610 1322 2415  917 3187 3290 1892 1223 2815  320 4347 3100 2095 1907  768 5015  212 5155 3494 2005 1969 5713 2345 1684 1406
  418 2886 1607 4255 5437 3451  634 1248 4870 4466  457  183 4541 5397 4256 3755  938  880  987 3202  338 3228 1024 1980 5700 4593 3693 2799 1511 3588 5200 4674 1979 1457 2656 5791 5216 1036 1307 1889 3066  413 5484   76 3756 5159   80 4009 5727 1194 3454  201 3849  890 2864 1784 1359 2828 5158 5149 5746 4803 4384 4275 2522 1565 1922  613 5763 1089 3821 3479 2698 5138 3160 2659 4641
 3829 4153 5607 2542 2217  877 4161 3108 4627 2809 5020 1129 4076 5413  857 5166 2665 1728 3296 2280  582 5613 4772 3349 3047 1345  150  193 1405 5696 2362 2754 2527 3506 3240  350 1721 1766 4978 2795 5416 5509 1086 2183 3534 1151 2925 4881 3773 1785 5353  912 1547 3865 3230 2042  887  367 1977 1367 4729 3521 2131 2767   21 2627 1780 3680 5422 3393 5205 5578  811 4240 4179 2271 4449
 4707 5191 2591 4960 5089 3196 1912 2297 1369 1096 2080 2515 2497 3061 2848 1823   73 5337 4075 1138 4438  336 5557 2704  244 1498 2434 2895 4941  977  494 2441  826 2179 3669 1931 4717  284 3354 2891 4253 4846 2605  742 4348 3574 3437 4945 3256   70 2431 3980 3790 2584 4047  922 3902 3708 1229 1844 2690 4763  446 4873 5694 3697  847 5647 1834 4313 5401 3056 5169 1870 1556 5845 3426
  645 3458 5184 4157 3277 3921 2899 2241 1140  870  407 4876 3961  632 5508 3050 5526 4680 2145 2329 1743 1896 2424 2046 3715 1879 2660 5108 2806 3129  888 2007 4889 1064 3065   85 5097 5213 4901 4205 5642   87 3015 3400 3363 1731 5109 1764 1224 4534 2708 2075 3766 5521 1818 3060 3197 1583  314  646 2045 1412 4235 2583 2486 2594 2906 4614 4781 3126 1983 5350 3005 5453 1011 2700 3738
 1468 4169 5435 2837 4654 2186 4273 4262 2287 4133  707 1363 5151 2952 4106 1450 3943  670 5265   95 4536 5595  384 1451 1840 2216 2962 2111 1204 2638 3739 1407 2937 1065 4293 3316  624 1915   63 4712 1874 4303 4082 2683 2049 1890  322 5439 4517 5658 2565 1312 4196 3203 4480 2761 1487 1446 1276 4962 1515  786 4100 4888 3569 4965 5387 3721 5136 1864 3227  879 5131 1614 5487 2614 2503
 5583 4500 1200 1147  161 5599 5684  119 5188 3508 5621 3587 5802 5269  120 5651  797 5073 3127 5860 1214  604 4108  651 2964 2673 5338 3135    4  683 3798  840  899 3289 3737 1386 1122  388 4362  715  248 1119 2086 4622 3971 3260 4823 2581 2825 4394 4514 5780 5843 2957 2507 3648 4418 3872 1846 2474 2554 2087 3786 5517   28  389 2425  573 5859  820 2369 2852 4387 5290  865 2735 2475
 2674 4963 1003 3343 2781 4155 1839 2750 4798 5473 5362 3717 5198 1328 2439 2246 3251 4350  375 2596  450 4634 1783   57 4128  495  667 4027 2911 5551 1226 2881 2003 1973 2800 2985 3231 1461 5588 4977 5377 5841 4550 3214 3089 1550  704 1592 2197 1809 5266 1648 5092  660 5618 5725 3021 1388  414 1429 2986 4783 5194 2780  940 2940 5606 1531  442 2302 2191 1517  981 1828 5058 5635 2938
  121 3630 4142 1795 1111 1807  782 5497 5467 4164 4121 1084 4687 1794 5820 3733 1267 5617  572 3603   75 2836 5187 4399 2498 5175 1885 5120 2843 4364 4506 4406  733 2562 1479 3144 4088  913 5312 2728 1971 4415 5436 4777  655 3968 3751 1905 1753  569 5605 2243 1676 2983  505 4710 3146 2942  307 3062 4074 5472 2168 3938  575 4431 1663  111 1233 4066  345 5117 5869  342 4919 2017  519
 4705 5192 1447 2332  633 4269  712 3779 1955 1051 1827  740  718 5736 5772 2517 3475 5427   10 1221 5004 5113 2390 1695 3232 2813 5247 4243 1951 5276 5689  606 4701 1195 1020 3179 5309  730 2524 5665  705 5842 3631 1016 4655 5675 4301  483  689 2766 5330   17 1921  706 1666 4477 1449 3866 4765  595 3952 3416  142   22 2366 5297 3811 5087 1007 3905 1813 5405 3018 3002 3093 1532 5782
  765 1409 2286  412 5739  476 1850  901 1842  461  376 3596 1118 4354 5244  962 4111 3654  992  347 2204 4032 1773 3103  145 5603 1964  859 2355   30  623 1187 2235 4212 5398 5808 5157 2567 5755 3455 2004 3744 1946 2400 5145 3845 3175 5291 5615 5293 2967  241 2570 1796 5570 1909 3612   77 5046 5090 3741 4592 3431 5871 3760 5171 4487 2435 5234 2432 1719 1748 2826 2569 2834 5317 3442
 2647 2103 2557 4091 4199 4248 4409 1962 1005 5241 4448  876 1837 4178 1935 3642  464 1740 3537 2242 1336 4652  627 4704 1289 2057 3626 2164 2132   74 4162 4232 2701 1438  275 2593  846 4974 3241  971 1296 1599 4034  525 4551 1476 2118 4584 4725 1633 1640 1524 1019 3408 1680 5670 3209 5356 5596 5415 3824 4958 4953 4573 2931 4769 5564 2615 1315 4976 5895  994 4920  558 1792 4341 2814