 3440 4955 5235 2241 1912 2538 5517  443 4405 2302 1730 4048 5837 4393 2817 5035 1177 2530 1719 5923 1400 3437 3905 2960 2497 5762   60 3881 1816  574 2238 1140 1595 5507   84 1231 3876 1797 1133  201 4678 1762 2030 3910   86 1537 4908 4040 5412 2576 4399 3565 2702 4370 1080 2491 5951 4367 2024 3921 4588  978 3348 3724 3461 1521 4243 1664 2791 3412 4719 2141 2943 3214 5879 5935  212 3442
 5233 1843 3092 4352 4151 3538 2668  525 4500 1648 3026 1125 1568   20 2027 1704  386 4056 3696 3920  209 2646  383  597 5226 2911 1013 2547 3924 3793 3062 2931 5455 2616 3776 5117  360 4903   17 3432 5682  337 5847 5109  670 4041 3290 2352 4490 6054 1019 3426 1112 4893 2269 3598 4239  322 2489  118 2636 4672 1054 3138 4927 6021 5839 2259  232 2754 4796 5191 3606 3014 3378 6066 3330 5049
   69 5761 2788 3719 3962 1692 5686  137 1718 1333 1291 4704 5133 3728 5648  127 1657 3369 5199 1182 5528 1863 2671 4335 1471 4437  306 1940 3646  207 3610 4455 2304 4444 5596 3917 2657    2 2132 4139 3715 2465 3443 5501 5240  856 2376 2357 3732 3821  622 2451 1129 5895 1168 4474 5575 1425 4069 2731 3964 2025  871 5825 1671 4945 3088 2652   61 2755 5770 5471 1353 3796 2283  683 4088 4406
 3562 3220 3711 5276 3514 1846 6028 3981 1069 2434 4980 4188 1771  278 1180 3455 2073 2981 1443 1359 1640 5344 3379  327 3328 3082 4665 3027 1528  145 4324 5576 5288 3289 5946 5015   71 6038 4081  880 3617 1368  662 3018 4283 1880 2589 1792 1821 1071 3825 3634 3104 3258 4003 2196 1047 5410 4855 4467  152 2300 5382 2996 3965 2557 3081  352 3899 3587 2226 2581 3381 5464 4361 2942 2613 2254
  365 1864 2359 4876 4657  351 5845 3383  991 1658 1826 2417  348  989 5148 5202 1093 6011 2706 3923 1801 4059  533  157 3182 2496 5690 5940 2728  958 3445 2951 2428 1645 1331 4015 2456 3316 5146 3057 4813 2882 2353 5312 4701 3313 2435 4511 5042 2032 3545  378  894 6007  223 2770 1899 2156 4539 1036 4328 4972 2928  214 5342   24 4769 2592 5726 5705  273 4733  172 4140 5050 4246 2010 5904
 5388 2127 4847 1699  921 1745 1452 4303 4795 2913 3477 2109 2177 1209 3042  901   82 1279 4484 5984 3807 5045  136 4801 4244  444 2664 4711  341 1253 1243 4282  171  896  454 3067 3146 4596 5928 5436 4534 2442 5043 2427 2368 2774 5185 1667 4699 5078  758 5492 5243 2678 3867 5535 2065  146 3567 5656 4919 2521  111 4709 4530 5362 5650 1493   33 3672 5348 3012 2834  577 3759 2796 2909  257
 1870 4771 5707  959 5995 1380 4553 5177 5198 4004 5833 2307 5012 4872 4918 2346  699 2511 3083 1906  307 4951 3833 5418 1736    3  752 2844 5032 2585 3429 2544 5551 1362 5737 1012 3039 4582 4210 5807 1343 2629  549 5054 4257  147 2321 4464 3189 4192  721 1839   81 2274  446 3232 2297    4  983 1924 4172 1655 4471 1507 2997 4053 4381 2084 2292 1404 5856 2366 4574 2469  609 5144 2284 5216
 5011   10 4570 3574 3436  333  138 2162 1702 1327 1556  786 4554  543 3932 4971 3596 2859 4292 5950 5239  969 5213 1455 2006 1186 4334 2315 5881 2490 4293 3277 1823 4755 4979 1617 5232 5369  353 1490 5496 3885 5783 5919 5521 4224 1464 4564  538  916 4233  812 1522 3995 2364 4718 6062 4344 3011 4086  931 1937  245  977 5798 1590 1871 4702  621 4358  391 3173 3010 2944 3115 1152 3513 3952
 1920 4378 4187 1026 2110   27 1387 3819 5356 3820 4763 3554  203 5885 3375 4123 2583 4209 5047   28 5691 3322 2237 4886 5279 2099 1726 2921  291 3374  740 2837 4024 3959 1822 2193 2229 1712  403 4954  850  743 2124  356 4146 3050 3799 4144 4255 3795 3416  944 2204 5613 4475 3213 4084 6069 3555  980  288 1656 3254 5830 2606 5165 2248 1412 3327 4323 3269 1347 4788 4830 1379 2660 4856 3763
 1415 3877 2604 1446 2977  932  769 3693 3417  866 4963 5384 2051 2308 2154  586 1283 2195 4712 4289 3267 1456 3148 5313 5677 3029 2166 2976 5609  613 3888 4169 4590 2173 3371 3206 3767 3897  791 4765  776 5393 4974 2034 4768 1194 1158 3421 5788 5380 5364 3625 1342 5892   72 3954 3244 4387 2912 2959 5730 5724    7  393 2050 1834 3838 4266 5685 2197 2623  517  956 3435 2696 2198 2013 2724
 5154 5372  499 5338 3602 5169 4674 2876 2801 2419  295 1742 5053  943 5868  585 5529 5925  414 1317 5548 4050 4585 4038 4571 1609 1896 1975 2677 5927  555 4261  634  810 4291 1932 1679   52 5224  193 3007  808 1156 5156 1840 5862 5979  256 4560 1049  197 2573   51 5587 1647 4832 4506 5231 4085 2336  922 5590  953 4319 3407 1842 2577 1438 4741 2734 3758 2648 2712  176 1909 5683 4604 4502
 1122 3869 2904  202 1367 4935 1573 1886 3641 4956 1369 1201   12 5157  253 3533  452  491 4525 4776 4076 4794 5462 3380  617 5970 1567 2350 3686   11 2707 4538 5089  890 3059 2313 2971 5178  620 3694 3808 5746 4802 4019 2539 3794 1128 4108 5197  833 3681 4238 2548 1109 3685 4961 5332 3629 2220 3395 3230 1862 5217 5503 3320 3418 1141 1146 4547 3408  611 2775 5942 3872 2394 4477 1691  793
  645 3543  133 2597 4383 4107 4114 1681 4826 4623 1485 4543 2879 2835 2386 2550 3968 2836 2778 1227 1665 2710  548 2659 4145 5725 4103 5758  161 5661 4933  331 5838 4667 1139  964 5044 3468 4987 5062  554 4306 3367 1044 1205 3900  329 5421 5337 5628 2186 3114  466  572 4811 4542 3427  402 2148 3247 1175 4537  132 2746 5237  826 5081 6025 5749 2383 3652  996 1866 1130  109 5893 1988 4077
 3105 3639 5188 5556 1772 3605 2479 5474 3116 2612 2251 4435 1325 2722 4438 3608 5068  626  501  987 5799 2452 5932  608 2288 3708  610 1358 1483 6044 2026  992 5137 5118 2919 2487   98 2739 1632 1575 2246 4082 1686 2993  516 5917 5164 2459  573 2735 4456 5443  438 2961 5662 3698   66 5018 5048 3030 2165 3499 4991 2873 4562 2866 5804  679 2212 2780  334 4043 5122 2536 5176 3384  570 2016
 1954  816 3906 4766 4092 1459 3049 1022 2675 5757 5264 2941 3091 2004  339  547 1597 2771  927 1100 3633 3532 5791 3945 1376 1883 5606 3984 2593 4999  777 1465 4626 3505  535 2769 5437  937 5292  100 2792 5588 5539 4998 6000  520 2410  629 3127  630  569 3576  660 3577  695 5612 5183 4434 2247 4203 1348   63 4311 4327 1378 5139 2599 5805 5424 5981 5697 5793 5779  674 1421 3974 1296  455
  928 3818 2767 3518 3973 6006 4391 3712 4648 1282 3507 2436 3019 5999 2147 5657 4865 1893 2825 3362 5863  131  364 3001   49  187 5316  696 2642 3134 3940   89 3909  112 3584 1784   59 2023 2367 5926 4117 1622 4049 2785 5218 2083 4312 5272  496 4546 4006 5841 2900 3628 3147 3891 4093 3548 3205 4637  433 5439 1166 1337 1808 1684 3566 3717 3609 2708  484 4688  440 1854 5040 3368 4486 2163
 3721  195 5094  191 3991 3439 1570 4052 2901  913 2320 4332 5092 1030 4229 3599  700 4559 2930 5473 5898 3812  729 2512  719 4619 4676  594 4063 2751 2020  110 5002 3192 5764 2676 4566 4969 1761 3520 2856 3178 2200 3826 1330 3894  908 2271 2952 4681  514 1555 4557 3250 4337 2736 4430  863  101 3960 2272 1040 1477 5675 3801 2543 1695 2378 4267 3155 1018 3413 4652 2889 3202 6047 4929 4179
 5497 4441 1548 4301 3117 1094 1636  647  340 1092  772 4355 1344 5945 2056 2610 4080 4035 4724  829 3861 1104 1503 4379 1275 2190  746 5600 1956 1741 5664 2990 1150 3333 4480 5194 5522 5257 3541 5813 4138 2112 1099 1753 4843 3632 1238 5378 4120 1577 2551 1155 1892 4922 3352 3871 3038 5939 4767 2842 1649  235 5108  605 4628 3103 2968 3179 3700 2877 5877 5658 2567 3363 2488  804  206 2319
 1230 3773 4650 3319 5494 1554  716 5360 1618   55 4660  642 5743 2017 2651 1811 4740 4949 5894 1492 4817 4029 1121 1778 5797 2343 4011 4609 2422 3979  797 4364 1995 1661 3768 3094   85 2690 2949 1641 1894  938  445 1895 2454 6015 3335 3544 4428 2679 5004 3394 5986   41 1633 5465 5335 5702 1685 2119 1159 5874 4861 1659 3366  767 2415 4313 3309 5968  723 1219 5760 2925 5469 1208 1698  313
  361 1463 3268 1408 3564 4818 2516 4111 4060 5140 6024 4101 5010 5453 3349 2306 5744 4186 4160 1997 3824 1196  870 5037 5748 4757  625 5461 1831 2170 3832 1869 2802 4715 1981 4380 1218  164 1161  142 2437 3540 2161  592 3889 1261 5121 3531 5275 5506 2560 1476 1502 5110  544 3536   83 3992 1727  416 5573 1031 1799 2563 5323 2527  370 4408 3769   87  509 4662 5782 4610  279 1328 5944 5670
 1539 4708  728 5422 4066 5326 2070 1495 4706 3907  475 3025 4580 2413 3246 1557 3563 4854 3044 3802 2848 1977 4051 2063 4219 5924 5615 2439 5964 4848   95 2139  653 4846 3425 2579 4524 2768 3317 3542 3022 4058 4925 2136 3612 3130 4995 1803 1785 2047 4658 1860 5969 1304 6050 1879 4814 1332  976 3376 1591 4331 1651  875 1635 3785 4575 4934 4366  891  682  196 2840 2777 3618  358  396 1721
 3522 2486 3843 2191 2421 1350 6010 2761   21 5982 5693 3750 3252 1790 1644  467 5359  229 4190 4442 3458 5306 3969 3145 1113 2699 2650  710 1802 1606 2783 5864 4986 4022 1120 3901 5880 2477 1825  877 1136 5318 2738 1067 1675 5680   15 1355 3580 3977  221 2608  701 3880 3560 5569 1297 5351 2279 5846 5180 1943 5948 2598 4885 5713 2870 3190 1444 3851 1214 2153 1849 2333 2128 2281 4155 4131
  280   43 5250 1985 5511 3951 3164 1516  505 4787 5074 1165 3701 2872 3342 5193 5844  704  836 1584  263 4661 4068 4275 3304 5930 4106 2908  796 2920 4844 4958 3615 5152  247 1406 1967 2085 2540 2294 5394 1614 5204 1950 1001  285 5426 5818 1191 4717 1117 5093 1961 3481  920 3949 2711 2113 4147 3325 5996 4864 5210  121  955 5773 1980 2715  888 3636 5931 3271    6 3077 3227 1029 3163 4410
 4234 3640 1032 1064 2116 1418 2637 1392 3500  182 5478 3184 1677 3396 5019 5906 5249 3393 4871 1065 3946 5295  529 5538 5463 3318 3904 2596 5564 5731 2681 3428 4989  557 1266 2363 3835  211 4892 5119  254 5186 5652 2893 2179  362 1396 5897 4333 1928 1815 1441 4055  967  811 1706 6055 2895 5131 1241  135  947 4014 3139 5861 4297 2891 3128 3137 2012 2268 3171 2703 1181 4924 3278 1873  481
 5036 1919 2682 3661 3463 5532  671 5325 5908 4738 1174 3136 4759 1416 4762  531 2813 3047 6068 3583 1043 5809  581 4473 4614 3604 1848 3306 2270 2149 2416 1034 3447 1429 4025 2236 4932 1841 5454 5546 1774 2160 1063 5244  439  170 3729 1213 2475 2108 1351  780 4965 5823 5483 2090 1890 4347   64  490 5745 5190 2553 5480 2339 3731 1716 6063 3509 1489 4307 2371  413 5966  472 2737   44 3251
 4178 1501 3972  747 1127 2945 3831 3149 5666 5651 4376  504 3502 4983 1605 3689 2523 5593 3181 1420 5801 3845 4857 2053 1178  236 4586 5113  867 4578 5972 1525 1536 5227 4916 1395 5027 2265 3061 1916 1900 2747 2425 2978 2409 1715 1908  848  177  332 3616 4962 5379 4330 3996 1546 6018 2964 1545 5399 4551 5258  129 3978 2406  255  960 4421 5681 4959 4821 2534  265 1783 3099 3008  745 1171
 3212 3993 4510 1674 1091 2808   77 5714 4827 5696 5638 3501 5759 2884 2222 5064 1898  598  409 5971 5872 2081 4521  488 2325 2810 4655   96 3658 4465 3753 1942  788 4636  419 2424 2667   54 5290 5753 1187 4168 4737 2399  368 2405 1496 5627 3034 1281  849 3997 1708 1188 5083  614  761 4583 1110 3259 4899  646 2467 3852 5740 2194 5735 3645 4812 5672 2748 3525  750 5307 1562 3679 2007 1978
  399 5077 3344 1828 1280 4721 4568 3755 4645 2819 4416 1767 5867  899  395  342 4158 3234  726  489 1535 1638 3006 3265 1986 3452 3263 6058 2290 4853 5072 4372 5561 3359 1725 2929 4447 5732 6034 4504 2291  174 1162 2449 2175 3631 5956 5333 5375 4540 5305 1147  663  115 5274 5859 1172 1608 3939 1891 3987 3334 2121  371 4395 1411 1442  563 1682 3346 1057 3228 3896 4800 1106 2317 3314 5076
 4012 4684 4778 4061 3262 1748  492 3648  561  277 1385 5508  427 1720 5883 3151 1740 2167   36 6048 3390 3338 2390 4338  406 4216 3535  556 5882 5105  401 2181 1888 2022 1010 4731 2853 2982 2021 5067 1542  178 2335 3822 3690 3240 6083 4501 2223 1786 3056 1861 2784 3846 5716 1770 3336 4272 5754 3830  567 5171 3017 4515 3493 1360 2234 3131 3323 4314 1434 2082 5985 4629 1475 3914 1723 5423
 4597 2058 2907 5768 3449 5513 4601 4669 1301 4454 2814  742  807 5166 5451 3738 4829  168 4339 5022 4735 1619 1240 4690  733 1593    1 5769 2697 2005 4075 5794 3702 1610 5832  635 3241 1552 5632 2138 2614 1788 1419 5515 3879 3471  105  735 2146 4849 5401 5363  851 1461 1781  703 1025 4148 4078 4281  345 3419 2914   45  498 1255 6043 1060   76 3058 4835 5640 1904 3751 3211 5500 5790  672
 3854  589 5370 3983  657 4523 2261 5138 4810 3243 5920  123  240 4241  380  706 4593 2806 2178 2797 1844 5941 4891 4247 1237 5096 3457  961 1038 5365 4232 3000  926 3743 3828 3607 4309 2455 5852 6073 2804 3459 2471 1887 2001 3588  690 3324 1868 5107 1929 4252 3990 2519 5563  233 3511 3786 4183 3985  579 1383 2501 4083 3063 3895 4230 3272 2463  104  106  584 2727 5270 2432 3354 3341 2264
    5 5396 4071 1232 3706  995 5678 5922 2354 4561 2498 4750 3971 1167  794   25  965   94 3236 5840 3859 5858 5008 4472 1276 5192  711 4259 2118  374 4831 1075 2296 1751 5854 5460 1936 5949 1338 5438 5983 1663 5765 2995  874 1090 1765 1574 2122  552  968 4600 1236 2533 2546 3644  860 3462 2180 5641 5586 2375 1875 3803  823 3836  988 4591 2029 1616 3506 5196 5803 4541 2858 1450 5253 2818
 4603 4152  935 2398 3746 3798 2649 2404 4196 2559 3913 3622 2044 2680 2447 2640 2850 2827 5211 3676  317 6076 4047 1901 1921  503 1626 4668 4509 1151 2389 6037 2140 5065 4045 5876 5293 1111 3199 4729 5308 3055 4125  169 2935 2356  658 3231 2215 4207 3911 1680 3434 3235 5820 4110  321 4288  524 5411 1884 1082  979 2992  841 2080 1053 2811 2918  423 5112 4944 2638 1202 5069 1583 5647 3111
 3809 1763 2472 3161 1775 3663 1809 2097  852 2666 4602 3601 2041 4343 4453   99  359 3185 3957 5592   14 3999 3337 3275 3242 3340 2230 5617 4489 5395 1998 2028  431 4240 5182 4887 5215 1073 1184 3866 1487 2700 3551 1996 4957 4431  820  795 5865 5884 4516 3005 5334  385  335 5267 4159 4839 2956 1176 3817 2493  970 3492 1541  108 3669 5684 1259 3918  546 2094 5440 2278 4225 3578 4895 1509
 3167 4231 4119 4526 2916 1488 5781 1066 3215 1364 2228  990  150 4828 1314 3469 3195 4984 4744 5128 5689 4823 5701 2874 4468  997 6026 5896 2587 3777 2940 1324  186 3110  328 1221 1714 2225 2143 1409 3982  600 2590 1611 3071  948 5570 5432  216 2185 4439 5457 5021 3245 1669 5541 2658 4173 5826 5747 5504  238  805  275  789 5330 3556  694 2582 1859 4016 2038 2462 1749 2906  198 5296 4696
 4968 4127 4432 3040 5688 1589 2385 5491 2939 4531 1277 3765 2915  591  915  264 5907  506 4001  553  283 5552 2505  315 3760 3028 1946 5667  862 2008 4407 5223 2235  429  158  392  688 2898 2340  316 5694 3331 5771 3742 5298 1274 4096  404 4062 2079 2714 2962 5792 4837 2014 1678 4671  428 4129 3045 3626 4797 5158 3489 3476 4134 2332 2257 1062 3497 3958 3811 6009 3568 2709 1553 6014 2948
 5405 2600 5392 4565  918 1422  587 5860 3126 3521 3373 3286 2256 1190 1547 3113 2104  737 1439 5903 4167 4798 3119 2282 5266  459 1676 2337 5646 5259 4838  562 4666 4412  830 2903  802 2514 5537 3883 4751 1743   48 5055  309 5013 4527 3041  497 4790 1207 3326 3484 1878  652 5767 1098 1972 3754 4587 3660 2717 5595  343 5408 4294 3591  390 3191 3465 5431 2327  155 4411 2184 4201  251 3902
 5205  268 2863 5425 5977 3691 5358 4102 2880 3052 2388  324 3682 3594 2009 5789 1311 1108 5111 3106 4070 4558 4235 2418 5625  984 4265 1287  384 2572 2358 1478 5477 4679 3998 5967 4249 1118 2750  519 2448  632 3994 2227 3307 1728 3627  375 5671  143 2605 1572 4862 1847 3013 3140 1933 2902 2158 5147 5712 1857 2392 4820 3172  603 5509 1149 2172 1292 4386  308 4931 1365 3479 2888 5774 1941
 5637 4643 2963 1398 2244 4598 3266 1228  231 6074  664 3791 3188 5899 1216 3464 2280 1105 4745  347 5525 4682  616 4017 4374 1531 1007 4937 5711 6077 4236 2821 3249  803  858 2460 1519 5614 1907 3051 2601 3066 5624  462 5303 4394 2214 4883  107 1189 3539 3725 4074 3356  103  814 5355 1326 1222 4687  293 5376 5143 3093 4008 3446 4722 2555 1628 3671 1494 2922 4544 4126  869 3303 3677  425
 3860 1320 5377 5404 2324 5475 1994  267  192  800 1017 5780  539  242   90 6075  493 4135 4270 1278 3405 1724 4197  565 4271 4898 2588 5070  382  828 2295 2484  179 1096 5989 6022 2393 4730 2826 4404 5071 2644 5374 5207 2897 5082 1294 4118 2862 5206 3177 3490 3623 2661  558 2285 5058 4589 4606 1059  883   53 5409 4595 3470 4716 4248   79  713 4923 3805 3771 2725 1945 1612 5151 5568 1510
  757 5268 1984  483 2466 2242 4036 2438 4286 5390 5230 5742 5802  885 1580 5620 6053  854 3597 2018 4369 5200 2045 2857 1273 3300   56 1143 4781 2412  258 5142 4269 1272 2120 4461  667 4905 4532  486 1048 3571 4941 2631 3761 1199 5709 4607 4770  430 4005  234  868  181 5329 1523 3749 1889 3937   38 3928 1902 1004 5387 3752 3291 2595 5543 3430 3649   32 4727 2450 2362 5842 4756  479 5487
 2730 1518 5321 1581 4031  962  301 4165 2839 3722 1983 1558 2208 4163 4901 3168 2947 3089 2107 3850  344  219 5273 4947 4417 1334 3882 2411 4882  615 2887 3778 2144 1195  873 3943 5284 1370  919 1734 4948 3839 5352 4054 4758 2673 1247 4382 5417 2347 3406 2569 5179 3800  824  521  153 2494 5034 5127 1384 3638 5046 1102 1173 4046 5663 5687  545 4930 4087  998 3922 4859 2088 2975 4121 3332
 1687 4608    8   40 1097  715 2420 4032  714 5644  831 2828 2933  930 4703 1804 2042 5912 3364 2482 5524 2701 3398 4689 2348 2745 4099 2322 5189 5834 1126 2078 5795 5281  448 4518 5836 2926 2503 1037 2453 4834 5719 1796  551 2923 5626 3559  749 4625 4094 4443   67 1688 4037 3096 2732 5383 1643 1514 4264 1286 4816 5433  942  765 5526 1397 2508 2098 1250 5031 3281 5796 2693 4673 4799   34
  966 1323 5353 2518 5965 5456 5100 3023 5954  905  189 3935  523 5777 2841 5821  736 4822 3299 1002 1927 2145 4089 2495 1512 5001 3474 3736 1468 1436 1322 3200 2634 3930 5149 4753 2105 2756 5659 6042  114 4341 5285 3834 1876 2077 5345 1480 2187 5591  906  494 2351 3620 4436  902 2062  893  659 1666 5706 2492 5998 3080 1087 1810  838 5187 5766  730 4900 1386 3762 2342  310  159 5582 5720
 6008 1709 5039 2635 4783 2864 2502  640 2125  914 5271 3710 3125 2892  709  604 6080 4960 1707  817  140 4242 1660 4842 1284 4624 5340 2111 2824  194 1544 4869 3237 4470 5973  487 5241   62 2781 2192  410 2832 2558 4400 3401 5800 5857  550 4884 4448  853 3529 6046 3788 5220 5869 2130 1731 6056 1564 1050 5819 3187 1484 1458 5309  312  678 5301 2275 1183 4284  450 3361 2803 2384  827 6013
  756 5449 1258 4193 3108 1747 2457 1830 3864 4858 2092 5162 3256 4550 3064  185 4498 4426 3925 3087 5752  939 1254 2578  259  973  774 1934 4863 4675 3659 1432 5066 4128 2231  865 5488 2766 2387 1482 2655 5905 5361 5448  144 5357 1226 1852 4285 5486 4677  134 3504  844 4522 3031 2849 3488  166 1081 1838 5715 1265 2586  933 3350 2790 2938 4398 5523 3517 6059 2446 4010 2069 5700 1603 1290
 5097 5604 4348 4789 4104 2152 2829 3707 1423 4072  596 1467 4620 3870 2535 3841 2833 5489  734 4315 5195 1938 2071 6084 4536 4194 2443 3643  768 4785 3848  887 5003  228 5175  677 5607 2669 4633  889 5080 1373 2316  681 3310 2303  892 2309  512  732 1263 5653   78 5585 1800 5419  314 1755 5381  692 4555 2609  649 4433 1594 3431  825 4280 5597 1631 2957 5159 3737 3102 4723 1623 5038  226
 3637 5623  464  266 1470 4967 4743  792 1806 4322 1549 2513  453 1817 5547 3076 5993  465 1974 4902 5354  599 4845 2575 2552 4627 3775 5900 5115  954  950 2672 2765 2611 2507  718 4642 4594 1508 1578  471 5347 1377 1550 2618 3797 3365 1587 1003 5699 5263 1722 5079 4143 5126 2936 1754 3084 2072 2843 1198 4556  764 6012 2131   23 3684 2515 5530 2381 4150 3043 3527 2549 5371 4685 5738 1402
 4713 1999  534 1582 2379 3890 5033  474 2093 1534 5645  222 4342 1027 3420  515 3046  763 2311 5889  230 1341 5676 1313 3764 4115 5559 2603 2087 1850 1629 2129 4389  319 5482 5717 6071 3857 1481 2985    9 3283 5398  778 3109 2692 1756 2293 1689 1428  225  476 5824 4228 3931 3668 2752 4663 3132 5014 4803 1356 6051 2966  325 5978 5136 5269  180 4649 1627 2564 4964 2685 6005 2789 4325 5287
  299 6019 2869 1405 1451 1473 5598  469 2542  128 2239 1791 1306 4211 4112 5822  665 5603 4670 5936 3389 2355   65 5120 1807 4879  246  656 4363 1211 5059 4791 3169 5815 4508 3450  408 3360 1298 1776 5808 2408 1634 3409 5933 4616 5472 2688  725  819 5261 4350 2500 2795 5902  239 1506 1738 2188 5519 3451  566 1101 2639 2426 1966  435 5976 1499 1813 3255 3485 4157 4446 5775 5505 2049 4928
 1394 3988 2541 4357 4804 4994 1944 2301 2000 3473 2089 4418 5550 2036 4631 4976 3295 2787  284 1968 3784 3868 2568 2571  753 1264 5124 3703 2875  125 3386 3858  580 4913   39 5601 1958 4880 1729 1560 4466  305   22 1836 3037 2753 4478 4258 6081  731 5208 5831 5030  249 3804  583 1971 5518 4978 4868 5403 1858 1256 5736 5502  156 3480 1430 5961 4388 2199 3699  806 1654  244 1602 4222 2743
  292  434 1046 5498 2762 3516 4479 1959 3916 2039 4206 3377 1445 2838 1630 3068  785  298 1393 5341 2117 2328 4419 3475 1586 2095 3840 5850 1812 5608 2003 3399 3856 3166 2970  377 6060 3065 2470 4177 3787 3074 2299 6029 5729 3912 5888  910 3053  148 2137  149 3223  755 4996 2741 4714 3221 3174 1061 4212 1620 6082 5101 2973 3733 5851 3823 1339 2382 4700 3903 3557  220 5938 4638  190 1058
 2372  971 4166 3284 3397 2250 3321 3208 4353 2695 2255 4710 3595 1491 4921 4867 3411 2969  130 2441 3581 3100 5476 1169 2645 2310 4390   29 2344 3735 5866  882  994  461 3816 4806  478 1076 4694 1529 5155 4409  571 5322 5366 4359 5406 1710 2509 5531 5728 3603 1976 5584  369 2207  527 3927 5168 3293 1414 2074 1989 5734 1952 2252 2983 3372 1911 5242 3667  754 4009 4683 3780  511 3123  957
 1407  676 2823 4482 3288 5578 3683  843 5248 4520 2414  248 3238 2133 3201  884 5577 5286 4493 1527 2504  912 4760 1252 2169 2562 4414 2758 5086 1777 1449 2205 2323 4890 4911 1119 4815 1515 2209 3197 1305 5490  748 1805 2400  876 5891 1690 2881 3963 3095 4030 3593  771 4943 6023 5238 4693 1215 3296 5350 4613 4852 3550  834  124  575 5549 2816 3075 4317 4260 1382 4749 3483 1312  999 3153
 5346 2473 1163 4175 2431 4336  832 3630  188 5181 1913 5280 3813 4824 1160   88 3953 5214 3653  744 5952 2868 1782  818 3961 3847 3203  541 5320 2066 5674 5886  102 4850 4449 3647  418 1615 1153  751 3519 5817 1375 3772 3756 3919 1566 1403  354 1056 1646 3144 5557 3842 5389 5294 2331 1371 2662 4577 1969 4340 1561 3747 6065 2206 2845 5073  708 3783  394 3152 3651 2691 5520 3966 2628 1366
 1613  217  437  442 3226  643 4535 2464 3757 4910 4975 3849 3976 4042 2986 2812  936 1897 2524 5051 3165  387  879 2048 5772 6017 1474 5416 4488 2647   68 2086 3886 1137 1469 4346 2846 3264 1607 1621 5256 2461 4630 4375 3523 4992 1579 5291 1242 1083 2760 2878 5132 3358  815 1431  847 5873 4495   19 2561 5943 5778 3614 2979  641 5579 5445 1135 4982 5599 1914 1760 2262 5910 1987 3456 3815
 5610 4646 1466 5565 3600  925 1732 2114 1345 3674 4124  738 1837 4371 4780 2733 5991 3975 1524 3558 1225 3441 4747  400 1197 1717 2883  165 4605 3466 4938   47 3713 5278 5988  376 3827 4634 2630  770 2927 2953 1486 2713 2565  420 3944 1559 4227 5914 5871 5499 3224  975 2698 1285 3528 4213 4860 1089  436 2656 3218 3893 4691 6049  372  840 4529 5103  119 2159 1308  837 5052 4640 5555 3553
   35 4874 3141 2245  773 1028 1457  707 5442 5349 1571 2654  857  651  482  951 5512 2602 6070  468 1746 3844 5251 1249 4109 3947 3675  139 1460 4392 3154  304 5041 1077 4164 5328 3726 4966 4440 5009 2950 3692 5649 2831  113 5172 2719 3460 5634 4237 1440 5631 3196 5153 3573 2019 4176 4914 4153 4841 1257 2232 3382 3666 2860  405  822 4384 4226 5319 3941 2721 1000  661 2171 1637 1433 5755
 4746 2988 3222 3621 1752 4654  781  685 6052 5812  270 5814 4181  480 1193 4204 2749 3933 3697 4397  276 5255 2103 1711 1881 3494 5994 2216 2407 3120 2182 3908 1585 1271 4122 1599 3353 3524 1472 1417  424 2341  449 4142 2718  282 5184 3887 2924 5056 3122 2135 2298 4563 2115 2243 5016  644 2365 4734  697 5085 5414 5265 1123 5282 4621 1354 4154 3176 3472 2221 4875 3036 5023 5088  900 1766
 2759   73 1051 5203 3024 3107 2867 4507 2809 4445 3898 1696 6033 5493 2641 3503 2483 5718 2890 1735   74  175 4451 4497 3986 3482 5236 1020  350 5703 1511 1744 2798 1530 3033 6078 3180 2458 5020 5331 4505 2619 5343 4641  215 4611 2260 2954  363 1949 1517 4318 2946 4427 5106  666 5400 2334 2932 4481 5611 3718 1399 3853 1672 5125  528 1142 1962 5467 2499 1965 3642  294  272 1349  982 4656
  684 4942 1288 2865   31  388 3948 3586 5955 3156 3942 5297 4697  636 6035 4000 1963 5733 2852 5116 2999 4215 2046 2643 4836 1520 4793 1737 4692 5679 3585 3270 1953 1453  411  898  612 3552 6041 2757 2822 4528  946 2349 2043 2528 3003 1596  470 1673 1357 1793 4953 2793 1390  300  303 4647  762 3422 5174 3261 5310  618 3198 2396  349 4039 4926 5581 2529 5918 4326 2607 2240 4057 4349 5953
 1381 1540 4262 1780 2224 3274 3695 2694  526 1302 5698 2329   46 5534 1246 5992 4027 5630 3339 4304 1203 5141 2980 5129 4263 3837 5642 3454 1244 5025 2345 2031 3829 4208 1639 5887 2211 3097 4754  296 2627 1260 1903 2974 1124 1700 1872 5913 2800 2423 5386  897 2061 4185  648 3498 6040 1769 1565 5756 2338 4736  502  941 1948 4503 5150  712 2430  985 5452 4877 1391 5673  637 1598 4491 3512
 2886 1437  974 1086   93 4576 3209 3530 5167 3875 2815 5639 5495 4773 3709  355 6016 4833 3143  766 2397 5466 1329 1500  473   26 5087 1115 4329   18 2584 2807 4912  903 3774 5446 5540 5963  673 4253  593 6032 4977 4298 1526 5373 3312 4020 2123 5026  727 4002  208  855 1103 3873 4732 1701 1693  680 3392 4174  631 1340 5911 5391 2151 2684 3054 1991 4599 1316  338 5909 5545 4807  602 3654
 5429 3280 1824  426 2994 3207 3085 4356  205  881 2330  686  759 5006 2705 3021 5947 1023 1269 2537 3635 3611 5692 5225 3680 3673 5029 2683 2067  633 4707 1206 3078 5514 4218  218  346  252 1885 5427 5806 2360 2510  981 4698 4013 3865 4067 5567 1245 4617 3744 2370 3387 3410 5336 3329  576  537 4458 4320 4403  290 4639 2556 1588 2040 5665 4345 1865 3158 1533 5934 4223 4459 4277  311 1084
 2433 6001 1074 4990 5890 2202 2820 1479 4720  564 1882 1132 1309 3579 4889 3495 4305 5855 3311 5402 2176 1268 1773 4870 2249 1957 4784  407 3090  397 5324 1289 2057 2052 3016 1045 4514 4779 3766  559 1318 5544 1835  323 2287  624 1563 3343 1798 1670 2189 3534 4764 4362 3655 1505 5566  500 4217  379 4171 2726 4888 2799 5776  909 5458 5849 3142 1604  775 2885 4487 4777 3448 3204 5828 4909
 1905 2566 1363 5990 5134 5420 5484 3487 3402 3217  720 3073 3385 2174 1960 4920 4494 5057  542 1016 3124 1164  417 3225 5277  799  595 4044 5170 1145 3301 5723 4579  326 2258 2794 1829  241 5621 3276 3175 2380 4189 3098 4748 4752 3792  886 5704 2855 5741 2984 5114  261 4220 4064 2522 1795 3590 4256 1819 4896 6002 2720  607 5061 1992  798 3210  336  260 1538 4552 2580 5827  366 3770  638
 4545 3549   92 3714  357 4132 3357 5997 3575 3444 2485  864 4809 5123 5102 4548   75   97  540 5786 3727 3297  302  518 2776 3705 1116  318 4184 3157 1970 5000 1148 5397 6072  601  126 3781 4659 5091 5315 2782 4469 5875 4851 1336 4985  167 2395 2525  801 3938 2894 3720 6030 1005  949 2910 5060 3874 2972 5367 1220 5145 3032 2830  451 3665 5075   70 5763 5163  760 3730  993 1042  669 4351
 2729 4725 4354 2955 3257 2277 3537 3347 3748  510 5957 3989 4299 2476 3716 4385 2773  783 4567 5739  687 4483 3572 2217 5098 3388 3589 5618 4782 5751  945 4268 1939 3292 2064 1008 1217 4137 3855  120 2506  628 3159 4429 4635 4873 1185 1652 4499 4198 2444 4180 4993 2786  861 1270 4373 1335 4632 5212 3650 2763  477  924 1820 1200 2201 1085  940 5160 4007 1295 4761 1303 1662 6067 1955   42
 3294  199 4214  839 5602 4940 1923 3496  895 5616  373 5254 1233 4023 1922 3086 1650 2478 3282 2142 2663  693 3302 4254 4581 5024 1990 2091 1532 4098 1794 3160 1757 4517 4295 5459 3806 4612 2526 4772 3118 3133 4308  513 2665 2318 1041 4805 5209 5283 6027 3740 4572 3782 4512 3253  963 1818 3624 3351 3956 1088 3305  741 5533 5574  782 5958 1055  911  495 6064   16 1551 4191  204 2369 2100
 3678 4906 3779 3298 3404 3355 5633 6036 3002 2570 2998   91 3129 4792 2626 3273 4274 5007 4396  619 1600  224 5987  779 2653 3193 1321 4492 5262 6020 5444 3315 5594 4460   30 2917 1192 3015  415 5245 2937  297 4424  972 3814 4997 2134 3229 4569  460 3403 2076  213 1239  655 4090 5722 1212 5974 1498 4904 5843  790  639 2899  173 2965 2989 5430 4200 2305 3069 1424 4463  250 3048 3704  281
 5252 4100 4420 5447 6079 2474 1853 4825  286 5090 2742 2126 1014  262 4302 1426 2101 4095 5470  200 3741  821 3526 4162 5339 1877 4026  237 2429 1144 4894 5915 5562 2210  722 2276 3424 5654 3035 4202 1845 3345 2591 2967 5260 3980 1705 2233 1107 1855 2403 3391 3020  986 4686  582 2055 3414 3162 1006 3970 5201 5536 1372 2219 4452 1625 5835 1979 2060 2686 1024 5721 2035  590 2987 3194 4476
 5314  705 4462 1789  717 5095   37  287 4365 1601 1462 4485 5104 2617 4300 4774 2068 3687 2481 3950 3079 3009 1131  739 5558 5960 5695 5655  904 3453 5173 5929 1310 4450 1078 2373 2391  441 3929  243 5299 4840 2905 3370 1229 4988 2468  269  691 4622 3216 2633 2054  929 4250 2002 3878  532 3101 5479  842 2871 5636  859  381 4245 5583 1009 5300 2361 5063  952 1204 5229 3515 3285 3121 5304
 1993  917 5289 4287 3510 5589 2480 1917 1039 1947 5234 4116 3233 5135 2402 5571 1035  568 4130 2531 4105  422 4149 4205 3279 4653 1052 4939 2168 3260 1827 5527 1668 4496 5643 1079  813 3400 2266 4618 4290 5727  627 1315 3183 2273 5635 4276 5481  456 5901 3150 4664 3656 1072 2253  698 4034 3926 1224 2744 3060 3739 3936 4457 3789 1251 2155 4368  463 1138  184 5980 2896 4695 1095  160  872
 5853 2674 1576 4018 2102  162 4141 4878 5327 1389 5784 1223 5247 3688 5878 2624 4936 2615 4401  508 1833 1134 1427 1768 2991  588 3734 4519  675 4808 1973 3723 1592 2517 4415 5407 5516 5485 5302 5848 2183 3934 2545 2037 6045 1739 5005 4513 2106 1787 5161 2401 4251  227 2075 1299 2520 2554   80 1694 1033  536 4651 2861 2779 5870 4592  623 4136  578 5084 2096 4819  141 1307 4079 2625 1070
 5622 5385 1435 3287  412 4739 3219 1964   57 1874 3112 3892 5428 5441 5669 2723 1448 2851  122  274 1543 3967 4422 5554 1750 1569 1210 1374 1401 3438 5450 4907 3186 4360  522 5810 3955 3308  702 4321 5542 5829  320 1653 1759 5434 1234 4584  784  389 2263 1851 3248 1930 4199 2286 2854 2059 4279  117 4615 3592 2847 1352 4680 3745 4881 1814 2314 5787 5660 4413 1513 2716 3004 1346 4170 4549
  507  934 3547 2033 1910 3423 4156 5816 1951 1624  923 5962 3863 2574 6031 4973  398  447 1733 3070  432 2622 1248 4728  151 1683  724 5028 1021 3239 5246 4195 5130 3569 3135 4097 1856 5605 4897 3790  163 1642 2445 4161 1703 1758  485 2377 4296 4021 3072 4786 2704 4065 3508 5937 1918 3467 1413 3546  835  809 6003 5572 4866 3664 2312 4950 2326 1015 5560 5317 2157 1262  458 4073 5975 4423
 2289   58 4981 2440 4221 2213 1235 5219 5750 1068 6061 2764 4033 5668 1925 4644 1504 5099  878 5222 4775  907 5368 5468 2958 5916 2150  845 5413 4273  668 4946 1154  654  183 1447 2687 1454 2620  530  271 5629  210 1915 3657 2594  787 5553 1779 6057 4402 2011 1832 5710 4182 2772  457 5221 3619 1293 3884 1114 2218 4091 4917 4113 4573 1388 3561 1926 1410 3478 2632 3486  846 1764 4316 5959
 5785 6004   50 3810 2740 5228 2203 4970 4377 1982 3662 5017  560  689 1170 4425 5311  650 3862 1935 1011 2532 2621 1361 5580 3170 2670 4726 6039 1697 3433  367 1157 4278 4742 4310 2267 2934 2374 4133 5619  421  154 4533 4952 3415 2015 4915 3613 5811 5708 3670 5510 3570 1497 2805 4028 1179   13 1267 5435 1713 5921  606  289 1867 1931 1319 1300 3582 3915  116  330 2164 5415 2689 3491 4705