   95    7 5785 3216 2417 2550 3103 1695 1836 4883 1859 2371 4544 5653  792 3156 4727 6231 4170 4923 3015 2575 3327 6164 3992 5079 3122 2808 2951    6 4878 5510 2472 5297 4479 5526 1138 1399 4485 5085  577 4898 6088 3468 2882 2566 5740 2673 1319 6156 4229 1669 1237  604  334 5836  777 2945 4728 3841 2116  559 3563 1655  223 4286  379 3807  408 5207 3681  846 2015 4603 2490 2414  546 5821 2052
 4216  529 5690 3376  554 1910 4668 2155 3985 3696 2771 4574 5426  853 2953 1075 4212 3569 3814  989 5793 3759 5386 5987 3662 5086  147 6212 2352 1404 5730 1992 2410 5906  294 1843 1108  708 4680 1871 1715 4459 5549 3666 1463 3264 4525 3501 1625 2548 2562 3110  574 4543 3691 4886 1392 5623 5310 4610 5941 2266 1441  356 4393 1126 3736 1674 3047 3551 3326 5165 2613 3510  150  239  669 2150 5245
 2240 3302 4514 3826  964 4647 4843 5859  342  514 3642 1038 1210   97 2551 2609 3484 3890   64 2968 1456 3522 6121 4315 3779 2238 5431 4690 4609 3161 4852  380 5194 3980  262 2908 6049 5830 4021 1465  814  807 4629 4501 3943 1407  203  653 3889 3972 3139  359 3635 3894 6213 3506 4985 3172 3285 2767 5880 3733 2166 2912  616 3464 4433 2311 5450 5797 3058 2825 4683  168 2026 5651  159  668 3919
 3539 3069 3230 5742 4720 3041 4899 1068 1968 2584 1778 2919 3483 3626 6034 1814   60 5847 2488 1425 2761 5864  110   63  515 4705  692  280 1947 1740 2201  938 4631 4096  806 5066  919  861 5255 2594 5869 3765 4611  373 4902 1031 5504 5499 4449 1144 1662 4555 5311  409  622 3006 2759 4688 3413 2639 3162 5355 3232 5867 1484 3241 2841 2663 5435 1594 6110 4375 2975 4469 3844 2751 4961 5053 1558
 1865  285 3561   27 3470 4050 2995 3171 3313  543 3863 3416 3029 3859 5335 5808 4041  945 4770 4284 5052 4181  517 2452 2595  550 4550 5421 1409 3310 5910 2459 3258 1018 4850 1621 6230 5679 1531 3926 1284 5844 4313  580 3042 5366 2735 1610 1089  390 2443 6202 4108 4272 5505 2932 2169 4847 4973 4164 1081 1396 1050 4917 4253 4853 1064 2205 4158 1419 3652 4068 5070 1461 1720  990 3049 1569 1567
 5517 4674 3343  292 4377 5449 3008 4363 3639 3270 4625 5585 3866  250 2479 3589 1316 4993 1090 5266 3768 1721 3210 1704  866 2957 3222 4073 4749 4649  656 2863 2355 6189 2517 2885 2585 5338 1427  531 2258 1663 5423 3317 1537 4205 2787 2969 2734 3611 1171 5056  273 5159 5924 4722  392 6184 6236  761 5187 2534 4857  547  486  144   96 2740 3997 3855 3755 3233 3386 2397 4177 1714  655 2048 5113
 2533 4616 3998 5483 4302 3883 1242 4967  972  520 1756 5878 3904  533 2396 5353 5772  220 2961 2739 3322 2067 4846 5473 5631 1889   25 4995 5661 3778 5120 3838 2760 1706 1462  982 1620 2288 1321 1678 5682 3297 1525 3439  663 1339 3809 5638 4189  786 3928 3231  961 5486 4936 1848 1575 5445 3959  560  417 6216 4419 2162 3860 1006 5959  310 1222 4926 5889 1765  716 5166 3684 5516 3476 2546  518
 2560 6090 1132 1307 4825 4939  987 4789 3752 3261 5704 3990 4346 1159 3661 1794 4637 5641 1745 3584  709 5477 1472 1892 4084 6036 2402 1293  383 4797 3820 1241 2405 4121 2326 5961 4123 5829 5339  315 4034 1549 4760 3207 4350 1705 3533  125 2745 4371 5799 4218 4986 1049 1800 1570 1802 1448 4423 1370 5619  890 5531 1813 2862 1135 3119 4264 1223 4352 1743 3749 1375 3678 5293 1833 1877 1198 2233
 5413 1352 1205 4321 4207 2486 1664 6068 1633 5675 2057 1505  996 1216 1362  769 4592 3454 5124 1777 2242 1858 4585  120 4200 5905 3897 5480 2416  978  902 4468  265 2193 1884 5357   12  119 1739 1584 5081 4409 5235 4549 3488 5026 5635 5520 5298 4268  419 3235 6021 3816 4147 3950 2581 2578  260 1344 5611 2154 5993 5054 3374 4437 5984 2137 1535 3084 1381  465  504 4074 4947  954 3973 5326 1632
 3550 3693 1094 1073 2156 2454 1259  923 4417 3982 2384 2380 5094  798 1650 4630  924 3291 2791 2010  363 4128 5169 2332 5065 5188 3480 5341 1771 4876 2746 2451 3728 3606 5321 1797 4509 5870 3846 3334 5488 2615   40 5303 2260 3852 4593 1109 5444 5977 4094 1896 3525 1760  718  635  570 1095 3903 3536 2086 2361 1643 5484 2175 5201 4470 5422 4551 4913 4256 2967 2860  214 5225 5807 1638  523  876
 5418 4504  186 3854  940  872 5752 3783 2184 4577 5273 3116 2107 3673 3475 4539 5202 1426 3177 3687  749 1166 2513 3024 5524  726 5006  370 4328 5343 1364 3370  717 2296 6181 1065  772 1998 3253 4062 1762 3260 4949   62 2462 4067 2035 4027 4182  100 6196 3199 6149 3695 2928 6204 1750 3458 1004  307 3721 2460 4035  927 4887 3871 4292 3835 1229  303 5304 5368  870 5089 3729 2763 3933  813 5762
 5569 5940 5350 5190 1308 3547 6126 3931  304 1808 5095 2510 5708  188  471 2372 2709  877 5205 1279 3220 5994 3358 3670 2442 4332 1796 3362 5751 5916 5397 4844 3423 4309  539 1014 3133 2902 3713 5246 4819 4614   76  742 3227 3953 2073 3654 1459 2861  998  424 2111  448 2109 2286 4765 1787 2126 6158 1974  157 4801 3236  118  935 2375  632 6007 4397 1226 4077 4928 1660 3101 4703  844 4672 6178
 4210 1200 2433 5312 1578 1072 1040  386 4746 2790  899 6200 3149 3295 4413 5773 4526 2532 1753 2817 5501 1245 1366 2198 4016 3299 4378 2411 1883 1408 3078  776 1935  994 2212  180 3516 1692 5745 5496 6056 4160  227 4237 2524 1309 6172  320 5660 1413 4348 5663 4339 4966  715 4418 4904 1912 5105 3367  308 1044 2180 5944 3566 5587 1681 2564 5736  826 2176 5691 1101 4329 6152 2050 4095 4545 1716
 2038 1710 2659 5136 4246 5670 3460   87 5677 4358 5015   94  161 2838 2041  770 3194 5850 1523 1648 5790 2851 1007 5328 3090 4129 4351 5636 4033 5072 2922 1951 5839  177 4025 5881 5292 2877 6006  696 3599  452 6041 1294  472  375 2515 3409 4367 5498 4424 1579 1593  664 1196 3105 5401  576 3808 1438 4434 5369 3248 4101  706 2590 3138  859 5777 4732 2493 6147 2022 2869 3942 1677 2540 1355 1626
 2983 1779 1263 5656 3083 5035 1703   83 6238 3178  505  879 1262 5537 1875 3845 4896 5541 1295 4711 4322  377 6129 4788 4061 5538 1775 4262  489 5782 6150 6035 2358 2069 5874 4821 4305 4940 1986 3908   80 3719  530 2349  651 2764 4009 3420 3284 6192 4628 5559 6176  759 4927 2732 1561 1680 2710 6059 1628 4103 2630 2187 5177 4238 5519  955  634 2028  276 2269  297 3675  626 2712  871  983  646
 4694 2096  474  913 6104 5548 1269 4661 6237  312  638 3617 2248 1022 4677  681 2602 5926 4247 1368 3314 5749 2172 1312 5500 5923 3301 3369 3526 2095 5475 1516 3800 4281 2699  909 4106 2042 3300  934  643 3555 3459 2544 5962 4168 2217 3924 1189 1433 1286 4055  585 6060 1137 1919 5707  911 3354 5084 5644 3489  325 2642 5274 3865 2667 1374 6072 3451 2144 5568 2093 5731  299 1100 3196 3293 4483
 3914  796  878 1956 4087 3664 2794 1915 6209 1234 2199 2409 1386 1112  513 4564 3019 4653 4232 2356 3213  256 3633  614  512 4542 2988  712 5464  211 3445 2934 2750 3831 6002 1532 3657 5563 3096 1954 2299  413 5801 2124 1117 4343 1201 5471 3065 3621 1271 1274 3694 4241 4769 1975 5055 5988 2896 4943 2200 1854 5082 5873 4527 6026 3045 5178 5894  621 4263 3305 1160 2624  874 3628 5157 3552 5336
 2123 3968 5934 5215 4020 2720 2810 3766  544 5817 3707 5951 2463 4660 5227 1194 4905  624 4795 4183 4776 6099  167 3638 5427  569 3995 6118 1353 5692 4243  898 3215 2253 1173 4745 5151 3970 4767 1857  558  441 1630  760 4777 1597 5618  609  393 1582  155 3219 4063  595  765 5810 3359 4648 2722 4342 2837 3513 1481 2632 2020 4729  152  747 1821 4046 1384 6211 4102 1851 2994 4860  384 3465 4955
  348  845 3899 3154 6210  688 5734 2622 3873 6069 1103 4175 1932 4187 4708 2283  483  344 3791  165 2796 2993  302 4517  166 3934 6155 2907 4386 5698 6131 3583  105 5898  820 1251 1084 4996 2431 1066 1310 3206 2158 3185 5152 1967 4521 2045 5129 4312 3893 1717 2836 6003  695  725 4791 3438 2209 6000 2858 1240 4707 3987 2755  724 3722 5714  654 2074 2441 5560 4619  101 4204 6032 4192 5474 2377
 3651 5001  946 3136 4014  808 3288 4064 4180  971 5174 4482 4224 2404 5798  590 1254 3104 1891 1034 6140  175 3597 3913  411 2079 5727 2339 1343 4942 3832 5733 2762 4357  198 2143 1661 4988 4443 5982   11 3849 2382 5224 5204 1508 1329 1682 5284  136  928 1385 3544 3974 2476 3127 4139 3114  980 2758   49 4003 5093 3003 1062 4605 5347 2468 1735 3923 4045  731 6139 5591 6167 5259 2043 1926 3557
 1207 2553 5027  885 4600 2658 2324 2281 5784  862 5534 5045 3271  341 3485 6048 2351 6171 4395 2208 5956 1206 1430 1442 2386 1933 4381  436  212 2135  666 1960 3410 3356 2741  475 3422  437 1361 6074 2669 5463 1009 3137 2094 5260 5383  456 5697 1432 2719 1658 4643  178 3588 5920 6122 5134 6004 5222 2718 1146 1521 1468 5583 1267 3414 5897 4001  794 1773 2391  201 6154 5101 4245 1985 5244 5419
  215 3612  791  947  937 5258 5706 1079 6013  191 3683  278  594 2867 2923 3283  372 3906 2178 3134 2509 3965 2302 2273 5597 5674  988 1562 6119 2776 1015 2797 4251 2204 2986  951   56  525 1999 4100  545 4780 3111 1701 4165 2686 4208 5610 2083 4396 2531 2913 6136 4345 5542 1668 3875 3391 3333  967 6162 2876 2552 3396 4920 2259 2897  676 5503 2403 6027 4503 2997 5803 1504 5241 5604 5078 5556
  639 4808 3983 2736 1993 5646 2614 5725 2840  782 2236 1264 3023 4131 5476 5237 2693 1071 5212  593 4478   26 1592 1025 1470  311 2406 5882 1403 2821 3532 3383 2574 5965 3564 3126 3100 2003 3016 1035 5087 1855 5888 2449  115  727 1131 5796 1217 5794 2312 4979 5443 1922 5489 1522 1759 4781 3598  674 1791 1882 3151 4249 4154 5010 5545 5036 1348 2830 5068 5305 5896  729 4254 4382 5300 1359 1318
 5760 3754 6195 3141 3790 3623 5459 5849 2300 6105  121 4457 5037 3046 4733 1971 3303 3782 4248 3320 1953 4510 2407 5985 3817 5621 5786 4387 6174 4252 3113 2284 1803 4869 3109 3187 2328 3937  839   14 4912 2644  619 1115 6025  748 1766 3969 4450 4641 1492   21 5922 6081 6145 1844 2804 1605 4976 3650 2346 1258 3020  183 3306 1032  929  532 3316 4058 2338  162 4233 2824  134  236  193  145  516
 5103 2215 4621 3590 5826 3624 3277 2183 6042 1429 4724  540 5846 3580  202 2196 2793 5595  354  966 2390 3848 4834 3708 4372 5267 3234 3276 4874 4070 3688 4304 3226  321 1076 3901 2802 3880 2989 6227 2774 3424 4198  586 4199 3962   71  817 1921  534 3910 5307 2132 2782 5349 4719 3379 4706 3750 1772 1178 6113 1554 2960 3560 4731 2946 1540   18 1997 4488 5161  398 3941 4822 1151 1001  672 1043
  431 4028 4716   91   13 3298  812 5271 1616 1634 5887 3311 4408 4685 4774 1320  767 5672 1191 3120 5088 3053 5950 5090 5529 5642 2933 3312 1945 2119 5302   81  973  253 2327 5005  568 6153 2903 4861 1105  238 2520 4259 1161 3474 1866 2674   73 4974 3792 5783 4283 1732 3140 4906 6073 6193 6096 5013 1250 3806 3745  736 6221 2435 3076 4828  319 1546 2972 2229 5626 4209 1097 1541 2565 1719 1152
 4451 5921 2800 2726 1822 1026 1649 5854 4347  867 2970 2683 2492 5770 3128  427 2188 2278 3346  869  526 5230  684 6083 5719 5490 5024   48 4520 4756  257 5960 1483 5494 2828  887 3437  620 2168 1963 6077 1724 2334 4429  501  339 4757 4317 2142 2616 3421 5191 1244 4217 3366 3129 2721 3025 5627 6130 3398 1754 4152 5181 3862 2424 5815  116 2526 1197 4697  258 4227 2190 4265 1788 2383 5629 2599
 1860  647 2019  984 3259 2046  446  824 4441 2343 4151  917 4689 5356 1982 5771 1356 6144  453 3842 5589 1296 4915 5827  468  137 4075 3559 3419 6103 5429 1863 4730    5 4472   38  689 2366 4185 1917 3125 4931 1410 5208 2497 3677 4935 1479 4994 2650 5918 5097 5673 5023 1729 3022 3345  702 3828 3182   37 3000 5853 3674 4829  270 2604 5688 2108 2218 6097 2110 2304  173 5275 4176 4541 4044  521
 2943 5943 4379 4599 3431 3186 3608 5842  658 5680  229 2103 2641 4573 2047 2535 4901 3748 2163 1918 2980 3405 4849 3027 3839 4092 1574 4982  942 3647 4970 3936 5130 2842 3679 3946 4718 6198 6143  221  950  148  771  242 3810 5175 1547 2657 1755 4454 1513  460 3155  187 5667 3847 4669 4026  282 1475 2832 5599 5515  566 5999 1672  511 5863   70 3978 3406 2583 3450 3348 3432 1899 1666 1179 3954
 2034 6233 4903 1826 3274 1890 1228  730 4713 4081 5776 1127 5525 5744  997  252 1141 4392 3195 3799 5362 5748 4465 5144 2628 3774 3545 1184  216 3056 4030 3870 3486 2363  112 3979 4319 2465 1363 3581  357 1331 3964 3495 1243 3511 1524 6117 2105  224  476 5184 3331 2942 2856 1959 3294 6222 1350 4490 4098   35 1517 2662 6197 2753 3176 4587 6016 2612 3758 5775 3281  130 2765 2445 4701 6165  361
 1214 5687 1156 2480 2889 5216 1786 4744 3372 4702 5875 4771 5400  737 1930 4863 3472  948 6015 3715  482  241 4460 5561 5761 2820 3099 4228 6011 2788  793  181 1002 2619 4024 2004 3609 1700 4144 5573 5903 4118  296 1527 5868 2536 5681  642 2254 5754 1443 2785 4911 6199  645 6078  778  509 2777 2491  207 5555 3097 1128 3075 6054  231 2806 4475  889 3191 2385 2138 1098  438 2929 1617 4870 5109
 5372 1966 2432 2398 5774   55 4576 3442 5767 4684 4830 6111 1045 3861  553 3390 2255 5393 2834 1402 3325 2319  498 1380 5917 2845 1500 4156 3864  925 3018 2512  340 5469 1282 1499 3819 5886  732 1939 2625 2730 2290 3813 2277 4115 6023 1149 2954 1365 4866 5149 5385 2350 5972 5986 3286 3035 1283 5533 5382 5083 2706 3446 5899  617 1351 5756 1627 3357 1623  425   90 5465  192 2458 2890 2455 2186
 1709 3737 4398 1337  401 5838 2976 4119 5981  314 2593   23 6024 4481 3788 5189  970 4580 3676 5236  368 6159 5229 2170 1964 3667 5099 3753 6138 1622 1659 2648 2956 5406 1010  414   39 4944 1186 4384 4548 3938  206 3034 5832 1845  154 2252 5031 4723 2900 1511  631 5002  963 3272 4099 4040 3689 1157 3574 4085 2160 2733 3086 5278 5955  352 4762 3052 2469 4341  404 1810 5296 2360 2182 4279 1369
 2222 6067 5247 5466 2448 4150 2577 1052 4984 4865 2309 3548 3512 5420 5363   54 2303 2847 3585 3064 1862 4432 3916 6190  309 4135  108   57  641 1526 3039 4188 4824 1454 3130 5167  435 2211  353 5893 2009 4368  358 3771 4447 5696 3884 2962 4638 3190 1916 5370 5254  829 1150  432 5665   72  103 2864 4522 3773  528 4838 4620 5699   45 3918 4148 3515 1096 3602 3249 6008 5521 2474 2743  815 1514
  335 4773 4023 3002 3723 6120 4453  246 5048 4088 2891   28 4184 4307 1024 2147 3528 5928 6148  264 5659  660 3735 2653 5964  305 1688 2623 1641 3461 1987 2213 4273 5757 3658 2579 2348 5532 6079  267 2250 2376 3994 3620 5106 2927 1175 4193 2878 2711 3507 3963 1048 1447 3435 4790   34 5256  600 1498 1255 4471 3315  160 3770 4301 5239 4859 1827  428 2682 3225 2181 2489 5845 2159 3582 4646 3975
 3523 2256 4484 4803 3021 5652 1726 2121  873 2379 1317 5715 5367 5063 2104 3780 3275 4530   67 5852 2025 3350  163 2012 2264 1619 4639 1177 3371 2506 4122 3527 3595 2713 5209 3531 5729 4806 1377 5467 3091 3144 2893  326 2675  840 5451 1231 2716 2914  825 4015 4815 2030 3321 2071 4225 4303 3478  962 3353 1955 3482 2940 1323  104 3703 6166  855 4513 4197 3777 1936 6029 2243 5938 3546 1741 2322
 1690   58 1333 4374 4142 3179 3957 1737  391 4566 4230  205 6132 1325 4772  787 1731  362 3453 3007  388 1252 5060 2831 4655 5535 3724 5902 4635 5457 4524 4002 2369  780 2873 1725 5978  605 4474   92  949 2498 4764 2481 1405 3382 2477 1940   86  991 4157 5020 4282 5550 2640 5787 4563 5354 3164 4916 3672 4280 3028 5856 3594 2545 4477  915 1606  599 4658  443 2880 1209 1601 5628 6095 3822 4953
 4365 5481 2185 3011 1970 4922 1647 3543 4751 3255  330 5952 1572 2219  581 3173 2418 3711 3556 4487  389 2859 2617 3059 4594 5329 5143 3251  556 3467 4231 2189 4349 1588 5866 2811 5557 4493 1436 1134 4261 2174 2084 2282 2231 1881 2173 6224 5231 3224 5669 1657 6030 2195 3892 3456 2636  444 2289 3641  567 3183 4407 4921 5823 3214 1811 1636 5064 5818  551 3197 2364 2974 1490 2060 2894 2118  746
 1164 2742 5057 6185 6207 4855 5528 3629 1691 1008 5571 2070 4726 3630 4299 3576 3072 3267 1557 3381 3802 3562 3702 4324 2127 3986 1536 2949 1145   17 3403 4686 4533 4043 5200 6127 1518 5330 1823  323 1538 3940 4336 3742 1684 4758  222 5392 5831 1559 5411 4957 2114  395 2354 4736  976  757  497  209 1784 3268  679 1424 3394 5765 3228 3587 4155 3596  171  522 6240 2100  300 1977 2649 2917 6044
 5071 5598 1785 3751 3143 1671 4820  488 2857 5639 4463 4022 2485 3142 2717 3429 4010 2001 5138 6123 2228 3627 5173  508  628 3521 3492 1764 5608 1013 4691 3180 1776 2344 4958 5602 5028 3500 4650 5319 1232  254 3756  854  405 3407 1888  290 4495 1585 5855 2226 2257 3896 3209 1106 5446 1219 4602 5553 2508 2139 1904 4872 2768 1587 2963  818 3701 4446 1929 4195 4840 3572 1218 1839 4894 1140  728
 3727 4900 3170 1119 2724 4739 1697 1852 2664  293 1080 4125 3246 2298 2097 1944 4005 5746 3440  396 2738 1553  281   46 4558 4191 2388 6005 2670 2941 1060 5075 5211 4693 5963 2881 3240  233 4969 3570 2610 1394 5709 6014 5351 3534 4431 3363 4219 5145 6151 4105 2081 4049 1489  449  126 4608 1215 1420 5723 1268 4310 2373 1673 1746 4013 6161 1487 1571 1769 1176 3976 5883 4854   84 5654 4007 1840
 1550 2676 1416 2261 5879 2353 3494 4295 2078 1341 1815  678 3436 1820 5851 2677 3112 3352 1047 1861 1224 4775  652 3803  491 2401 6046 5862 5806 3036 5432 5811 5949  828  959 3014  857 5912 5162 5291 5412 4740  952 4836 1182 6194 5243 5168  884  117 2080  735 5394 4113   42 5102 3094 4636 4572 1598 2337 2287 3741 4835 1289 5508 1358 1059  738 2966 2637 5012 4270 4489 2092 2747 3710 3009   78
  240 1397 2799 2037  905 1612 4404  703 6125 6076 3686 2329 2872 1702 1474 3640 4875  562 5710 5657 4405  184 4714   32 3714  542 5098 2947 6063 3524 1566 5135 1411 1155 5990 4059  587  843 5495 6208 1227 1167 5630 4316 4364 5155 5415  904 3939 5716 5452 3502 2053 6217 4959 1901 2921    2 2192 1894 1812 4741 3080 3211  200 1878 4888 1074  891  953 2308 2167 5566 2291 5242 4750 2006 5250 2848
 1723  974  387 5226  230 2500 5558 1675  979 4908  754 1589 2803 1842 3922 3153  809  903  606 5213 4499 5308 1780 5342 5019 2313  832 3378 2247 3541  739 2991 1302 1708 4910 5062  415 1770 4532 6038 2529 5416 5712 3279 3553 6218 1907 1036 5552 4492 2772 2058  756 3878 2582   99 3062 3254 3825 5694 4412 1169 4427 5506 5711 6019 5792 6091  369 4458 1568 5622  958  423   16 5156 5104 2556 4048
 3577 4700  298 2634 5927 3537 1831 2911 2336 3324 2543 3907 3668 3481 4839 6135 4752  328 1473 4676 5287 2924 5834 4804 1123 2276 2523 2061  588 2128 5655 1893   93 4991 2347 1805  804 4380 4476 2843  680 5117 3198 3772 1991  447 3377 5576 1829 2270 4673 1646 4884 1395 2905 3960 3529 2011  618 5288 5885 2671 4725 2904 5269 5841 5316 4072 3447 1895 2425  204 2748 1604 4293 3966 3375  607  434
 6223  109 5764 4715 4980  563  139 4523 5666 3150 1342 2149 3167 1082 3365 1615 3152  897 5814   75 4112 2331 4802  986 4766 1332 5701 2145 2633  210 3342 5262 4391  479 5018 5689  496 2099  750 5170 1631 4140 1958 1924 3520 1501 4851  841  858 4992 4124 2816  366 4805   88 5456 3671 3239 4430 3247 4126 4623  783 2725 5802 5390 1972 4607 2737 5150 4323 1139 5605 2666 2570 4606 5468 1758 1847
 2875 4567 4811 5816 5197 2210 2661  487 2246 4873 4134 5942 5442 2141 1104 4891  499  263 5497 2638 4120 3368 1042 2778 1807 2306 3818 1124 2357 3004 2122 6219 3601  713 5377 6128 5791 2895 4583 1942  492 1093 1147 4978  720 2958 2731 4186 3821 1193  111 4882 4234 6064 5119 4145 2049 1768 4090 4039 4598 5171 2496 3108 5937  385 2387 1693 2017 4640 2757 2237 4868 4334   65 1338 2129 2221  969
 2316 4235 4203 1602  734 1304 2696 4951 1818 3837 1154 6241 1543 3051 5196  131 2076 5221 1927 2482 2271 1870 3269 3404 5154  346 4018  598 3613 5914  494 5507 1005 3469 5306 2754 5865  936 3692 2065 4356 4202 2611 1185 3304  255 5096 2453 5861 2136 5409 2005  410 5613  686 3401 2588 4659 5778  916 5282 5584 3057 2812 4591 2471 5684 4428 3455 3412 2029 3430 3784 3648 1345 3118  690 4080 2467
 5992 1792 2280 2378  912 4326 5876 4666  524 2267 1057 6066 1552  768  381 4104 2400 5513 2780 3795  931 3567 2072 5433 1644 1590 2075 1603 1886  374 3262 4116 6009 4562  611 4506  149 2999 1421 5387 2164 1230 5232 3872 1679 1418 5968 4394 1238 5973 1330 4516  837 3930 2850 4960 3697 4031 2153 5493 5991 5935 2705 2251  123 4109 1828 3843 4057 2367 4890 3785 5179 2088 4581  138 3341 4871 3886
 1789 4818 5848 1718 5396 1297 5579 1379 5809 5825  694 5633 1841 2464 5029 5091 5909 2571 2798 4536 2833 1414   10 6173 5581  752 5042 2285 2275 4107 5678 1624 2514 1017 4032  225 5478 2024 5379 2059 2466 4388 3095 1011 3743 1493 4166 1088 1804 4466  687 4448 3786 3490 2437 2587 4737  478 6043  811  939  906 4862 3945 1428  781 5596  481  683 4783  602 5966 3330 1686 2558 4864 5074 2978 1347
 6229 5843 6098 3060 4743  349 5582 2033  433 5360 2888 4675 1311 4893 1941 5263 4079 4848 1406  785 2023 5344 1163 3593 2698 1937 1577 4954 4627    9 2389 2157 1988 1872  659 1654 5044 3491  741 3643 4560 4082  944 5957 6137 4330 2629 6012  975 5332 4734 1129 2887  259 4271 3921 5361 3123  237  226 2592 1190 4534  195  667 3891 2241 3238 4438 4833 1683 2554  549 3115 5021 3340 4169 4211 3610
 3332 5398 3237  685  629 5118 1028 2301 1799   82  612 4242 2702 4325 5261 3068 2239 2202 5637 5606 5375 1817 2654 1736 1270 3204 3388 1608 1256 5434  572 2547  283 4810 1509 1023 5025 5252 5399 5073 2944 5662 3905 1118 5726 5325 2601 3168 3981 1880 4617 4889 3984 1747 4069 4656  675  464 5741 5277 5039 1965  894 2055 1012 1266 2216 4401 3066 4552 5380 3834 2982 2393 4290 2002 1246 4717 2082
 5142 3223 2916 2728 5180  406 5061 3339 2206 3549 1576 1599 4455 2884 2700  421 4570 4735 2939 3738 3955 1614  762 6053 1761 2440 2426 3387 5650  733 1645 1548 5185 3932 3282 5828 3135 1906 2603 4036 5860 3763 4132 6234 2883 1950  394 3898 1162 1324  788 4919  630  821 5193  507   44 5996 4236 2315 5454   31 5739 4997  272 4738 1520 4444 1542 5253  842 3698 3877 2694 4657 4258 3927 3575 2744
  992 2314 5333 4422 2846 3055 2655 5612  536 5900 6057 4464  764 5958  316 5840 1763 2039 5676 3319 1354 2909 3433 3709 5759 2627 1751 2521 1685 1390 3098 4178 1340 5668 4220 1087 3477 3789 3902 5388 2605  400 2938 5540 3323 3364   66 4696 4885 5789  693 4019 2368 1580 1640  107  106 4699 2651 2305 3032 4895  722 2335  519 5911 1054 3645 3947 1949 5358 2234  921 2931 5447 4354  650 3718 6017
 4667 4634 3586 1202 4768 6201 1253 6124  190 2478 4779 3618 1257 2525 5132  665 1199  636 4172  608 3205 4950 5564 3037  426 5206  378  850 5588  480  324 4426 1292 3040 4215 5295 4331 3787 3181 3408 1629 4110 1281 4311 3503 1837 2541 5607  466  122 4004 3540 3169 4497 4222  541 1423  502 1976 4223 4439 3811  893 5163 3656 3449 2470 5210 2249 1486 4742 2898 1398 2723 4946 3573 5967 6168 5137
 2668  336  657 4665  169 5403 5460 4267 5121 1507  399 2516 4964 3518  881 5671 1450 5164  420 6183 3146  555 4206 4213 3726  313 3462 2626 6058 2292 5438 5472 4553 4557  682  822 4255 5648 1713 2307 2342   29 4832 5738 6020 1973  185 4399 5551 3996 4173 1277 4678  965  261 1412 3054 1652 2064 3554 4496 4137  538 2494 5407  797 6157 3605  561 5907  140 4879 4579 3001 3827 1850 1188 5901 1477
 1824 3840 1187 2235 1070 2915 4721 4877 5664 1102 4595 3289 1676 3716 2232 3519 4948 5995 4559 3347 1482 4596 6061  176  403 4827 1431  470 3242 6182 3797 1515 5410 1314 2563  289 1326  838 3418  454 6070 3622 4296 2115 2483 5199 4403 4314 5172  295 1276 3385 1280  918 3725 5289 2813 3565 4355  603 4880 3081 5562  625 2262 3307 5323 5590 3165  701 5272 2684 5153  852 3328  613 1168 4626 6084
 1471 1041 3600 1909 2408 2068 2826 3961 5543 2320 5439  637 1897 2227  133  249 1449 1058 5780 6169 6102 5980 5594 3578 3048 2501 1275 3685 5925  291 3132 4642 5997 3706   47 3082 3287    1 1265 5414 2690 3221  920 5107 1086  217 5933 2279 3660 1056 3824 1809 2428 1415 4338 6047 2688 4929 2161 5384 1923 1170   22 3558 3397 3591 6215 6085 4918  450 1961 2519 2572 4402 5290 6142 3351 4930 2134
 4369   24 5092  338  803 3895 1444 5904  957 2899 5128 2598 2362 2330 2704  269 5011 5609  592 5280 5110 2272 2244 1495 5111 1120 4486 2131 4456 5892 1689  248 3087 4017 3944 4133 4682 5317 5813 3145 4370 3031 2814 4800 5640 2499  306 4300 3850 5108  993 3188 2054 4097 4651 1466 3615 1172 1299  490 2125 6106 5603 1158 2113 1946 4416 1211 4505 4163  156 5425 4414 1378 3917 2589 2340 2456 2795
 4190   41 3400 5220 1497 4704  801 4809 1027 2823 1534 1003  805  132  102 3767 2214  141 2021  723 6031 2985 5264 4807 4952 5479 3853 3428    8 1476 3184 2395 1142 2225 6175 5076 3535 4194 1346 4652 6228 2146 3744 6206 3746 3452 2865 1204  277 3732 5766 1067 1656  345 5580 1261 1033 5141 6186 5301  847 5953 5492 3682 3473  697 3912 3879  892 1727 1995 3355 5032 5763 2487 3881 5575 1781 6039
 3335 4012 1388 1596 4274 1181 4977  234  930 4761 4965 1790 3571 4196 4814 5577 4327 2781 4318    3 2829 1931 4406 2537 1874  833 5721 1391  371 1383  698  477 1203 6022 5820 1900 1849  851 5858  552 5440 4975 3636 4117 2708 4078   20 4171   85 2779 4540 1835 4361 4561 5728 2245 2786 1467 5364 2413 2854 1077 5160 3463 3760 4945  926 2783 6028  790 1873 6051 5148 2775 2819 3360 4500 4174 5228
 1502 5929 2040 3337 5046 3888 4442 6089 4784 3637  128 2568 4692 5405  218 4276 1529  367  714 4971 2801 5554 4983 4712 4554 3632 3336  445 1335  830 1868 2365 2580 5614 2018 5974  153 2503 6115 2695 5203 2087 4507  875 1749 4519  430 1485 5884 4297 2505 2374 2265 1832 5946  763 4695 3514  744 3793 3193 2950 5969 3833 2415  774 3243  197 1903  397 5437  565 5975 5702 1114 5979 2263 1195 4359
 5030  886 4288 5658 3499   15 5700 2561 4480  896 5034 5112  999 6107 2148  779 4400 1372 4644 3815 1322 5686  661  856  799  251 3607 6109 2749 5395  158 4320 6093 1510 4337 4051 5485 2809 1528 3734 3699 3951 4841 3121 4226 4867 1357 5283 3033 1110 3070 1107  318 5195 1994  495 1291 2822 2438 1273 1039 2321  268 3851 2430 3160  795 6214 3280 5404 4990 1698 2998 1496 1734 6203 5453 3208 5643
  907 2318  301 4353 5139 3542 3393 3175 3991 3124  789 4565 5998 5645 4436 5593 6116 3949 3061  941 1782 1806 5077  633 3245  705 4796 3925  527 4287 3093 1642 3038 2016 1555 1373  880 4278 1445  286 5976 5334 3392 2504 5158 5600  753 5058 5286  575 2427 3911 1300  968 1288 6239 5313 5322 3157 1305  124 4914  597  455 4925 1334 1235 3971 4633 5936 5939 3005  819  740 2678 4556 5268 1122 5717
 5779 1867 2818 2197 1519 1748  219  610 1825  416 2224 3417 2007 2090 4298 1446 5315 5824 1846 3690 2484 2773 1085 1083 4512 5004 4146 5544 4531 3993 4029 4161 3775 4425 5750 1116 1696 2370 1635 6001 4664 3920 1530 3929 5016 3856 1301  174  901 4008 2645 2853 6220 2345 1376 5281 4089 3212 2852 5371 1613 4362 1885 2191 5352 3659 6050 3426   30 4285 3067 2223 2600 3466  677  849 4250 4571 5192
 3794 1728  895 3712 1898  908 2996 2870 2419 3823 1136 4260 3050 4654 5890 4047 3761 3625 3730 3026 5615 3497 2194  985 2008 5915 1581 6062 1452  719 2770 4937 5461 2606 2036 4933 5522 2672   68  627 5769 4275  327 1303 2990 3415 4892 4038  882 5768  578  977 1600  995 5837 3441 5257 3717 4568 4440 2635 1539 1019 5131 2447  322 5038 2439 1287 4569 3010 1099 5724 1393 5365 4547 3757 3443 2844
  243 1225 6141  244   51 5971 3012  458 6087 1180 3538   59 3273 5233 5616 5718   74 2691 5080 5376 2756 5040 2827 2394 1911 1069 1260 2399 1962 4968 1464  500 5954 6082 6114 3117 4748 1920 4385 1000 3244 4662 5008  275  571 2910 4681 5695 3063 4589  382 2936 2117 2220 2692 2106 1113 2511 2597 2608 3958 5238 5833 5147 3106 5049 3603  584 6188 1328 5693 3769 3074 4578  271 1091 4987  485 3457
 4091 2973 3909 1707 1174 2815 1417 2906 2784 2120 6040 4999 5223 1387 5133 2586 2230 2429  279 6191 4502 5835 2874 3874  589  332 1583 5804  442 5378 6086 6094 4671 1834  135 6092 4972 1990 3252 2987 2557 1902  914 1494 1983  699 3669 3427  439 4604 4932 2573 1980 2295   43  247 5487 2063 1816 2930 5219  883 2436 2679 2965 6177  582 5482 5276 5649 3776 1609 4257 6205 4494 3646 4812 1400 1239
  245 1457 1767 5720  114 3747 5812 1360 4624 1978 2207 5705 2112 5547 5022  649 5251 2631 4153 3471 3338  865 2697 3402 5732 3649 5249 6134 4845 4498 3619 3935 4006 4785 4060 4786 4679  213 1503 6075 5511 1506 1948 3505 2325 1021 4344 4066 5948  673  337 2203 5722 1744 3989 1774 5331  773  922 4934 4076 3201 2297 5218 3395   53   77 1979 5683   33  151 2518 3200 4963 1272  351 4410 2868  596
  784 2839 2027  129 3079 2085 5270 5003 1313 5458 6180  284 4086 5126 3988 4881 4755  816 4266    4   19 1879 5007 3592 1278 4909 4907 4823  900 3425 1051  461 2165  591  510 1306 5248 3487  179 5067 3764 2098 3653 4114 4508 1455  365 2643 3071 4335 4753 2935 5970 4645 1591 3085 4162 2066 2892 5805 6146  503 4411 3967 5685 1029 4065  493 2549 3812 3952 3257 2152 5470 5176 3858  933 3720 4294
 4130 4613 4798 5116 5743 1037 5047 4817  288 2450 2392 3107 1738 2420  579 3915 1055   69 6179 6187  648 3762 1607 3868  142 1665  864 3804 2665 5919 2621 3189 1382  347  287  457 1969 2955 2979  888 5857 3900 5567 4221 1905 5391 3479 5539 3389 3604 5122 4269 1061  981 1925 3043 1742 2000 3373 3308 2701 5491 2051 3384  469 2133 3830 1478 4575 2948 5340 3092 5546 4856 5713 1460 4415 4056 5647
 1435 5617 1913 5788 2268 1733  704 3509 2077 5455 6080 5703  440 1952 5947 2502 3444  462  146 1401 1248 5755  564 5041 3663 2089 1285 2926 5908  412 2703 5402 4127 3256 3781 4799 3250  827 2680 3265 2530 3411 1551 1221 5565 4000 4538  467 2032 2656 3318 4709 3829 2871 4054 2434 5050 5345 4858 4071 4240 1148 2542 6112 3148 2422 3017 4597 3089 4340 1618 1556 1819 2444 1249 5359 1315  422 6055
 3044 1586 5043 5871 4793 4308 1869 4376 1480 4201 3434 1121  583 4615 1183  863 4582 3796  329 3634 4461 3147 1389  671 4663 6052  775 1564 1111 5214 2576 4467 5989 5753 4782 5930 4306 5100 4179  208  463 6010 4053 2495 2381 6160 2952 2647  266 4491 5381 1914 3399 2689 5795 2473  127  451  960 3705 2567 2618 2569  537 2538 3192 1212 4111 5424 5294 1208 2423  662 1439 2177 3977 3948 4710 4093
 4590  333 1938 4042 4794 3504 1046 1560 1565 1236 6100 5523 5217 5932 4291 2835 2789 2056 1687  710 3631 4333 6071 1469 3217  418 3266 3805 2729 5265 3349  810 4924 2507 3700  113 5430 2102  172 1667 2044 3166 4989 4535 4938  364 5009 1856 4826 3885 3644 1440 3740 4389 2925 1367 4011 5462 2646  343  164 6101 3229 1030  800  615 2317  601 4601 2475 4687 1984 5632  860 5448 5514 4787 5527 3882
 2620 5512  700  848 2293 3801 2752 4239 5014 5586 4421  548 4998 2457 1957 2179 5931 1711 5417 2559 3857 4778 4383 2687 1801  823  711  910 4816 2886 3704 1491 4897 1722 1153 4754 2715   36  194 3655 5601 1437 1563 1783 1864 6235 5314 6170 3448 2977 1712 3174 1545 5800 1533 2171 1830 4528  350 3568 3278 3616 5051 6226 3739 4473 1247 2981 6232 2971 5389 5069  835 3496 2323 1928  376 3530 3680
 5735 3203 4842 4831 1063 2807 1434 2855 3131 4584 3380 2130 3088  189 5337 5578 3218 2769 3102 5186  943 2031 2652  691 4143 2607  170   61 1349 2421  484 2984  758 1213 5822 5574 1453 1488 3344 2901 5408 6163 2461 4141 5346 5913 2274 1020 2849 4037 1699 1637  274 5634 5570 5198 1838 4981 2140 1371 3163 2964 2959 5320 1130 5819  557 4390 5000 4956 4941 4622 1458 5877 1053 3309 5318 1887  331
 5146 4420 5348  473 3836  743  355 1996 1981 5747 4244 2412 1336  670 2013 4763 5983 1220 1653 5530 2937 4214 4837 1192  407 4813 2596  199 5234 1092 5125 1876  766 5441 5183 4136 4588 3361 5945 5781  459 1133 5059 5592 2805 2660  196   79 5033 2766 2294 6018 4167 5327  232 5572 2062 1165 5502   98 4277 1694 3158 1016  721 5299 5285  360 2341 5182 3887 1757 4360 4698  228 5428 2528 5017 1512
 6033 3493  640 2555 4289 2866 3579 1639  755 4747 2091 4515  143 4670 5374 5624 5127 3329 1934 5115 3508  317 3798 4586 1853 2310 6133 1908 6225  623  932 4462 5140  644 2446 2333   89 5758 3665 1573   50 5872 4632 4159 1327 2727 3498 5324 2920 1290 5620 4373 1544 5625 5123 2714 5114  868 3030 4435 3159 4759 4452 1298 2101 2685 1670 4138 2707  956   52 2527  836  429 5891 1451 2522 1795 6065
 5436 2151  573 5895 4445 2359 3956 4518 2792 1730 1143  182 3731 3869 4366 3999  707 1595 6037 4149 2014  235 1078 3292 1611 5373 2591 4511 4537 5518 3290 2681  402 3013 1233 4962 5279 6045 1989 5536 5509  751 1651 3867 1422 4612 5309  506 3876 2879 5737  535  802 4546 1752 3202 4792 4052 1798 3263  834 4529 1125 3077  831 4618 3517 4083 2539 3073 2918 1943 5240 1793 3614  745 3296 2992 6108