  146 2485 3405 5546 1839 3921 2198 5747 5624 2927 2475 4078  783 6263 5557 2319 6343 1845  561 4426  199 3608  557 1310 4093 4730  784 2884 5304 4767 4703 3986 3203 3362  478 5308 1588 4109 3443 6328 2235 2798 4874 4072 2588 3304 1698 1504  578 3467 3478 2408 3236 1401 1716 1086 4348 4081 5549 1993 3575 6001 3962 3895 5550 5657  619  382 2624 5572 1188 1841 3200 2969 2596 2385 4311 1370 4665 4032
 4807 4628 4315  499 1013 4077  453 3520 2040  156 4518  262 2086 5767 3597 4164  237 2831 6193  919  956 6213 1951 3682 1054 1635 3617 6008  528 1722 4054 3132 5713 2263 4231 1784 2264   79 5383 5416 3857 3817 2083 3778 4158  451 5364 5668   10 1968 6195 3087 4570 3697 3115 3356 3384  193  712 5281 4096 1187 6350 2762 3632 4733 6050 1861 1341 5497 1548 3901 4523 5796  942 4575 4827  326 4683 4899
 3780 1525 5610 2966  773 2380 1835 5587 1303 2722 5776  732 3829 3471 1721 5602  870  754 1113 1455  745 3289 5578 1736 6076 5993 2586 1170 1654 4181 4973 1563 1850 3270 3746 1101 1018 1240   59 1999 3452 5803 1607 4623  518 5945 2616 3995 2525 1387 3576 3162 3393 3865 2698 5710 2517 2607 4751 5635 5003 6155 2851 3135 3494 2758 4186 2417 4074 5392 2676 4034 5137 5434 4879 1648 2180 4039 3064 5468
 5888 1987 6305 3720 2862 1097 3757 3175 3082  633  167  842 4010 3922  404 2015 4685 2359  130 5842 5620 1687 4406 5095 3790 5909 5860 1389 2206  634  155 3711 4432 1936 5958 4924 2712 3814 3930 6386 2378 6259  837 3263 2448 2074 1685 5327 4988 3512 3593 5949 2675  746 5741   37 5781 1512 3609  102 4183 2060 2219  721 1118 1461 1641 3226  652 3211   48 5129 3482 5775 5734 3477 5709 4173 2754 5315
 4202 2306 3889 3268 3105 1552 5370 2174 1651 3546 4957 4420 1087 4871 5704  223 3447 3098 3579 4935 1808 1110 5355 1955  720 1249 3715 1007 5000 5032 3267  455 2888 1694 3982 1671 2324 2992 5816 2787 2275 1747 6364 1660 5771 2016 4689 1938 5208 2986 3343  697 4740 2972 5832 1274 3159  467  696 5700 6103 4682 6030 2899 2377  185 3161 3316 4045 5525  929 6179 2621 2061 6314 1518 3934 4818 2330 1268
 1650  394 2673 2713 3142    8 4759 2145  884 4178 2271  547 4021 1229 5907 5797 2667 6340 5777 3789  620 4881  655 4774 1392  605 5396 3669 6285 4343 1520  994 4785 2168 3531 3297 5780 5011 4502 5218 6265 5522 3324  856 2536 3347 6341 4076 1753 1473  490 1589 2987 1644 4803 1821 1453 5178 1642  509 4722 1617 3523  743 4799 6025 4944 4033  639 4388 2750 3184   23 3610  585 4697 2814 4026 4723 6269
 3215 5179  615 1844 5924 4505 4473 2645 1934 3983 5120 1257  365  727  280 3607 4304 5293  602 4307 4633 1697 1521 5685 1344 2110 4744 4413 3612 4079 3180 2100 5097 4007 6054 5951 3940 4268 2164 2842 3689 3761 4696 3257 4425 4572 1809 1148 1699 4057 4481 4766 2859 3292 5912 4247 2768 3029 4287 4614 2072 2991  314 5939 4196 2410  225 2166  780 2175  202 1252 4810 5188   58 4223 2878  657 4873 1643
 5389 3090 5484 5283 5510 2262 3191 2030 1109 1308 5284  477 3024 5411  729 1924 6000 5975 2117 5854 5079  153 4901 2538 5863 2034 6243 4339 1858 5725 5538 1024 1986 5435   67 6266 2545 2376 2612 4075 3445 4913 3948 2598 3556 6108 4726 6348  588  176 5384 2825  800 2211 5045 4056 2091  878 2456 3466 1837 3782  868 3168 2390 2922 1398 1771 2821 5375 2766 6239 3016  700 2005  669 2352  965 1228 2042
 2157 3081 6039 1576 2113 4832 1800 3811 1092 2126  799 2773 2785  487 2672 1514  200 4137 2121 5735 2134 4650 6140 2526 2719 1983 5617 2111 5196  802  331 4797 4390 1203 4782 1669 3338 1566  676 1136 6149  850 5952  883 3603 5748 1305 5547 4291 5785 2778 2606 1926 5436 4197 4243 4617  139 5956 2022 4791 2603 5648 3729 5715 2335  766 2938 4939 4324 2114  463 5254 2120 6276 3221  192 5007 3821 6135
 5112  849 4649 4675 3648 2484 1470 2648 4322 4224 1620 2176 5541 1281 3233 6368 4370 3005 5669 5287 1360 1124 3027 1289 5456 1712 4252 2496 3544 5594 3534 5369  362 3976 2329 2910 5288 4479  501 2822  577 1838 3647 5172 2772 4743   47 2583 1547 4478 5764   74  248 2669 1725 1439 4624 6175 3726 6055 6098 1701  368 1395 2217 1419 3169 2317 5363 2073 5395 5215 2458 2370 1564 4466 4463 5432 1338 3261
 5459 4557 2122 1424 1448 3022 2666  873 1480 4638 4490 2285 3056 6226 4831 4433  442 3909 3095 6374 3916 3979 1803 3600 3305 2403 3805 5950 3472 1859  182 2820 2154 1144 1947 3830 6015 3377 5652 2476  266 5490 4560 1761 3476 3290 3906 6092 1050 4172 5114 3804 1072  695 3585 2439 1572 4625 5212 2506 3598 5902 5580 1997 2739 4418 3094 3899 1602  776 3611 1272 5811 2569 5138 2405 1629 3586   61 1147
  584  386 5889 6393 2893 6082 4540 3619  684  845 4182 6379 3246 1710 3768 1927 2988 2354 5482 4006  438 2401   68 3740 5972 1415  400 3681 2109 5812 3057 3826 1489 4610 3274   57 2358 3963 4493 4146 6090 1329 1684 6360 4014 5149 2237 4561 4772 2116 2156 1292 3591 3620 4483 4811 6012 6121 1949 1122  177  774  235  168 5830 1287 4590 4472 1374 2763 3905 1189 6161 5204 3379 3898 5102 2937 1339 2521
 2982 5642  427 5766 2717 5169 1153 4656 1840 5988 1079 5100  769 3019 5321    6 3874 3559 4808  608 3852 4877 2055 2309 2009 5065 4337 3553 4286  197 1533  670 5410  256 2804  535 4975 5131 4347 3862 4488 3440 2304 5162 1554 5628 5078 2336 2459 6384 2502 3041 2398 5540 2332 4584 2869 4374 2912 4053 2770 2890  804  651 4674 6031 2679  963 5152 4757 6170  244 5123  938 4820  127  660  250 6283   70
 1095 5470  893 2863  947 2617 4346 6212  606 3514 6238 3109  101 2968 4897 3762 4984 1431 5296 4154 6335  112 4749 2282 6245 5499 1917 6127  121 2274 4456 5216  987 6203  205 1796 2642  328 2528 4207 3535 1561 4852 2708 4023 1177 4165 1603 1082 4269 1793 1040 3787 6002 3398 5516 2178   15 1340 2661 4503  846 4404 4889 6097 3051 5348 2539 4385  459 3675 3339 1336 3229 4805 1998 2437   11 6027 6225
 4936 4431 5636 3335 3558 6297 2907  829 5403 2058 2823 4956 3413 3307 5978 3508 3020 4038 1150 6011 2847 2845 4364 3654 3148 6291 3807 3507 1345 3633  380  312  216 3197 4517 1002 2233 1458 2903 5971 1568 2036 1494 2345 1599 2071 3129  151 5999 3573 1125  920 5346 4017  611 6235 5329 4790   87 3145 5291 4883 1477 4351 2933 4298 1159 2908 4486 1246 5827 2281 3896 2095 1524 3342 5928 1057 1476 4788
 2423  814 5128 4190 4712 3406 5158  249 2636  691 1822 5261 2917 2049 6033 4583 2797 1283 3167 2333 5561 3485 1250 1909 1487 4316 3455 2167 5944 6147 6081 1646  150 1553 1422 6091 3809 1760 3287 1622 3631 3954  982 2637 2349 4534 5074  332 6187 2482 2941 6062 4240 1865  118  378 6258 3464 2094 4745  698 1656 6281 2685 5181 1594 2026 3946  208  374 4170 4448 5104 5678  752 4707 2552 4812 3650 6397
 6142 1443 1868 1610 5064  813 2688 1197 6191 4842 1039 4752 2605 5087 1371 2715 5699 6351 1613 2620 5306 3046 4795   71  764  138 5852 1990  211  852 4297 3344 3526 4532  242 2915 4900 3147 3348 4100 3437 2421 2706 3062 5824 2203 1385  967 4603 2839 2795 2360 1352 6043 4858 2495 5136 1702 5116 2896  166 4134 4442 3781 5653 3136 5739 3299  375  207 4148 4141 4691 2148 2252 5229 3708 4741 1735 5029
 5489 1301 3674 3235 2635 2925   65  514  497 6086 5991  835 2756 1212  379 5729 4061 2811 2165 1493 1777  145 4996 5164 3739 4485  886 4430 5743 1311 3701 3254 3894 4087 5366 5039 3779 5611  106 2879  548 2696 4735 6102  309 1278  481 6190 3373   35 3498 1826 2784 3750  372 2043 4781 1006 5794 2256 5476 6041 5597 4986 4260 3322 1565 3847 5224 1852 6180 4639 1812 4249 4270 2644 4732 2923 3228 1091
 6174 1107   78 1659 6382 1298  484 1070 5957 6013 2609 4839 5607 1957 1156 5322 4784 5373 6317 3047 5072 5802  279    7 1682 3941  377 5302 2939 6321 4391 1488 3395 1447 2209 1898 1546 4953 1273 2930 5782  981 1748 5914 6337   51  751 4051 1631 2286 6219 1813 3196  154 4787 3188  725 5173  282 1943 2372  389 3618 6089  129  403 3155 3187 5643 5727 3604 4553 4278 5176 2161 6224 5253 1696 5008 1878
   93 2658  163 3181 3743  623 3822 2186  706 3206 5981 2970 2062 5211 4342 2948 3688 6279 4918 5219 2674 2960  629 4994 3252 2700 1486 1412 6130 4331 1433 6342 1726 3832 2318 2812 4145 6392 3747  592 2250 1226 6252 3352 4417 3659 5419 3346 4070 1559 3539 6216 6334 4412 4332 1958 2077 5656 4122 6178 3853 5528  122  951 5895 1994 4292 1259 1174 4929 2393  953 1874 1956 1738 2515  291 5053  516  474
 1098 5157 3092 5115 2379 5041   26 5443  626 4813 1633 2522 5023 5591  505 1251  966 2571  641 2501 3319 2563 2142 1963 5801 4593 4543 1479 3872 5882  936 5262 1275 5240 6109 2974 4715 2940  677 5057  408 4864  318 1544 1871 1236 4959 4367 4641 3303 4169 2735 6201 4060 2830   60 2953 2881 4464 2846 3515 2483 5890 1235 4123 4284 2343 2446 4902 4276 2702  162 1618 4117 4049 6228 5702  672 2580 4667
 2344 3490 2465  724 2920 1929 3253  315 4296  891 3997 6325 3692 3190 1117 4608 1227 3511 2891 4576 2677  859 1217 5325 5603 5893  270 4684 6181 3388 1652 1112 3943 5757 4325 4634 5018  413 3119 5879  124 4613 4155 5413 3488 1165 6300 5573  975 4819 2858 5947 6205 4195 2989  322 1970 1887  646 5017  822 2225 5264   99 1984 1901 3567 2012 6069 3876 2019  612 5077 3426  366 5225 2202 1201 5483 4239
 1451 4058 5926 3640  212 5394 4985 4250 1973 5982 2771 5714 1980  627  867 3266  392 3088  682 1146 2151 6261 4377  339 5248 5438 5493 5545 4606 3204 1905 3067  906 1768 2450 1428  709 3309 1103 5183 5404 6116 3368 4258 6230 5405 1730 4157 5475 2792  885 2638 3562  520 1350 5135 2728 1355 5289  831 2655 3869 5047 3126 4121 4524 5565 3548 2391 1739 2857 4460  338 2132 5789  356 1167 4104 6101   29
 4393 1942 1406  944  104 3713    9  960 5037 4349 4658 1141 5127 5864 4409 3835 5038 3802 5512 6199 4238   50 5184 1880 6189 5478 3776 5400 5408  564 3337 5831 5537 3462 3256 2241  160 1199 6052 4867 4334 5910 2124 2260  931 3134 1506 2361  308  272 3195 1691 2373 1921 3293 6306  148 3836 3174  699 1042 3108 5987 4894 5012 1134 5461 4094 1810 4120 2035 1653 1801 6023 4147   36  402 5684 1169 4101
 3536 4876  747 6286 2032 2279 6320 4210 5964 4046  406 4037 2962 3251 3763 4440 1359 3714 6400 1004 2993 3551 1115 4244 4398 6301 1410 3008 2916 2107 5577 4259 2873 2185 5932 2228 2681 2199 5965 6079  757 3818 2247  345 3165 1263  590  271 3839 1681 4444 5558 1966  388 5048 3709  926 4394 1460 2963 3759  811 6060 4187  798 2918  422 1632 6078  598 4090 4495 1285 6231 2442 3977 2412 1923 4303 5134
   12 4306 3712  439 4927 6227 5822 1933 2350  832 6131 3280   27 3453 2511  949 1872 3371 6083 1296 5997 1591 3230 4328 2029 1655 5185 2129 1282 1149 6319 6372 5352  581   90 1347 1928 5479  498  823 5584 1405 2911 5817 2266 1915 5082 4042 4783 2826 1634 4857 2056 3565 1391 3639 3414 3370 3879  234 2931 5203 3223 3036 1794 1925 6344 4299  957 2535 3172 5118 4405 6049 1612  716 5880 4872 4582 5820
 4596 3504 5835 5113 4750 5548 5124 5338 3194 3863 2489 1916 4981 4850 2425 2464 5919 2833 3363  110 2339 4895 2651 4967 6388 2852 2834  750  228  169  653 4809 5920 4455 2123  111 3396   77 2564 1501 6208 5380 5051 3269 1459 5084 4681  227  297 5426 4978  922 1715 2479 3775 1090 1325 5518 3628 1066 5651 6370  979 3657 4423 1931   17  818 3517 2530 5906  361 1427 4453 5526  206 3487 4499 3655 1152
 3110 5237 5556 5645 4616 5588 5367 3690 5320 2573 6048 5221 5922 4793  887 3374  999  492  864 1728 5027 1580 2057 1619 5488 4607 3694  440 2866  973 5076 4214 4663 6391 5769 2374  830 2559 3785  435  613 3283 3078 4379  597 2269 1720 6312 5175 3156  576 4637 1378 6198  844 3749 1208 2471 2985  785 5155 1380 1975 4396 2549  945 2302  217 1866 5259 3183 5195 1404 5022 3288 3329 1408 3071 5542 1664
  544 2327 3500 1816  708 3900  136 3244 5509 5574 3693 2253 3273 4835 6217 5754 5246 3495 4149 3856 5257 2714 5429  298 5227  319 3877 2307 6080 1044 2994 3073 5042 4066 6073 5481 5425  433  995 5006 3518 4504  847  648 4399 1200 4445 4542 1550 3113  560 2979 6053 3004 2947 3429  349 2434 1026 1627 2196 3260 1754 2633  701 6380 4916 2153 1759 1045   53 2703 5145 4447 3361 5838 3904 3284 1437 4728
 4672 5324 3683 3317 1436 1319 4955 3583 2037 5621 4522 4191 5297 4669 4476 1674 2013 4359  587  683 1609 4020 2085 2467 5562 5235 1220  687 2392 5278  681 3892 4586 3479 1074 3463 2905 2850 5180 3220 4295 3330 5360  986 5034 3513 2871  777  971 5277 4544 2270 4177 2018 5616 1952  631 4734 1985  625 1903 4699 1005 3417 1221 6075 3249 1834 6260 4941 5010 3177 3587  808  659   21 5934 4949 2699 3323
 4089 3935  828 4019 6139 3421  445 2079  480 2723  213 1930 4383 3837 6133  229 4710 1450  238 2646 3489 6123 2454 5806 6026 1322 2351 6047  803 1536  330 3367 5696 4208 3503 5992 2118 2119 1332 3985 5379 2872 6006 1500 2998 1244 3153 6251 2751  759 6168 1316 5398 3728  363 6313  876 5918 3547 4836 6036 6264 5420  840  335 4932 2320 1094  364 3784 1335 4559 5688 5707  941  259 5650 1093 4550  959
  466 1321 1038 5925 1313 5974 4717 6061 2308 2300 3433 3758 5705 2183  264 4341 3366 3032 3265 6197 4977 4982 4597 2813 4452 2181 5990 2589  978  398 2394  464 4389 2653 4477 3069 3025 3999 1176 1158 6327 4701 3040 6298 6145 3908 1271 2424 4124 3588  907 2760 2909 5504  164 5681  209 4758  181 4241 1248 3627 1211 1979 2140 1961 3803 1745 1740 5133 1135 5142 5125  287 4465 6173  286 3891 5798 2283
 4329  638 4215 4566 5111 3143 5752 3035  694 1679 4256 1780 1284 3028 5423 5837 1214 6046 3927 1265 6009 1781  246 4594 2942  284   52 5049   73 1270 1509  791 3516 4931 4970 4354 4718 4029 3957  748 2277 2631 6028 4926 5234 2628  998 4577 2902 5529  293 3218 3275  904 4934 2611 5391 3996 5109 5859 5698 2997   89  628 4611 3222 5030  429 3313 5846 4737 5197    5 5851 2170 3813 1129 1191  741 2978
 3009 4664 5815  503  195 3606  119 4789 1119  522 3923 5156  462 1703 5092 4914 4779  401 2494 1036  763 2242 2258 5239 3239  738 4103 6357 5847 4288 6058 4823 4326 5014 5501 5576   80 5110 3086 5167 2575  303 5929  343 2492 4796 5061 4529 3540 3766 5640 5641 2200  317 2689 4236 5677 4264  236 1062 2531 3875  778 5036 1218  782 1076  860 6373 4160 1950 4294 4579 4892   75  702 1084 2133 4206 6024
 1409 3850 3043 3965 5256  603 6311 1234 1855 4527  962 2273  511 5708 2567 2017 4435 6095  819 3994 2718 3623  550 6253 4323 2216 2367 5247 1377   24 2106 1884 3679 4314  491 2460 1106 3552  580 3465 3925 2949 4621 3506 2556 5883 2063 1304 5503  426 4262 2486 3855 4903  482 4368 5191 5589 2613 5250 2632 3975  905 5973 5892 4229 1423 1996 4450 3484 5341 3351 5081   98 2163 4301 4912 6309 3527  494
 4588 1474 3404 3888 2473 1889 1397 6209 4549 2222 2023 1807 2298  594 1393   92 3752 5316 5514 1818 3234 2746 1744 1857 1806 1425 1688 2402  983 5210 4366 5606 4676 3160 2146 4059 5105 3910 6247 2514 4704 3939 3276 4516 6356 1400 6299  417 3336 4911 4179 2670 1361 5885 3216 6273 2540 2900  441 4489 5407 3480 4166 2906 2980  671  232 2366 3858 1444 2732 5772 1139 6068 2108 4086 4212 3525  241 3955
 1962 6333  204  409 5080 4353 3840  353 6059 6394 1037 2995 2650 3721 6396  558  288 2011 2128 1121 3402 4917 3011 4884 1498 1426 6169 2444 4129 5768 2245 3735 2125 3861 5515 4330 4644   31 1160 5388 5406  924 5226 1895  692 2554 5198 2001 4546 2236  551 6200 5209 1495 1138 3528  733 1194  100 5307 2686 1318 3118 5762 5627 5579 3461  877 3023 2733 3670 3883 2314 6014 4806 5067 1033 1346 3731 5285
 4151 2323 2801 5347  230 6353 5190 2799  436 5144 5998 4080 2487 4706 1863 4615 4016 3831 1831 6177 3258 2643 5494 3401 1326 3111 5474 1222 4257 6184 3077 1614  346 4255 5294 4114 4035  357 5814  574 1941 3902 2461 4000  680 2480 5140  276 2337 1733 4635 3238  567 5013 5791 2887 5019 4998 3601 5311 2977 1130  170  890 2690 1204 1734 4175 2212  425 2272 3668 4856 3964 1843 2892 3264 4562 3432 1442
 5054  740 4513 5664 4535 4027 3210 5989 2268 3198 3966 5553 5866 1027 2346 5666 6274 5336 5241  189 3359 6290 4851 1832   85 5552 6256 2130 2507 3075 3074  333 1073  817 2422 2027  210 6065 3727 6005 4036 2313 5021 4545 2581 1510 3392 1343 4281 5418   20  910 1971 5350  749 4410 1932 1978  647 5412 1902   19 4327   54  753 4067 5466 3969 3870 2769 5619 1233  879 1836 1743 5244 4305 1766 5632  416
 2463 6324 5850 6318 3045  610  797 2462 2188 1649 5887 3635 6167  526 6166 4358 1046 3120 3248 6322 5314  180 2498 4906 2590 4600  755 4401 2629 5361 3150 2934   55 2599 4044 5066 4116 5896  178 2070  990  836 3450 3644 4475  816 1750 4756 4708 1683 1907 1666 4830 2224 5386 2789   25 2741 5382 1752 3849 3050  541 1823 3505 2724 1171 5807 3770  865 3541 4833 5843 5467 3960 3988  255 4948 3049 1718
 3561 2882 1166  862  324  756 5166 5090 2044  874 3358 1055 3199   32  772 5301 1567 5358 4279 2748 4365 4592 3154 6331  507 5397 2325  630 1854 5691 5186 2568 1946 3192 3992 2844 2961 1595 4866 1888 6234 1190 1469 5844 1636  950  968 2720 3973 5471  415  224 5245  116 6093 5454 2414 3932 3581 4652 5005 1104 5260 4747 5455 4686 2197 5319 2472 5334 3123 5841 3055  105 4133 5148 1779 6148 4647 1623
 2190 4203 1535 5238 3783 4487 5439 1532 6150 5069 4454  277 5980 1215 3967 1100 3703 2144 1353 2326  352 5062 4188  921 1782 4293 5217 4386  678 3385 1992 5390 1357 5160 1616 3059 6063 2726 1862 1709 2280 1372  991 1883 4192 5856  843 5719 4003 2436 2640 5015 1402 3958 6294 1128 1981 1913 5353 5722  489 5249 2867 2396 3771 1562 4185  871 2207 5402 4869 2731 4748 1237 2691 2945 4246 4217 1120 5913
 1452 3103 1446 4569 2924 5274 1116 5312 1085  744 5356 6003 2127 6378  858   62 2761 3744 4439 2716 2946  736 5068 2533 1724 3530  428 3296 1534 1885 4092 1965  943 5447 2292 1009 1583 2641 5323 1910 3938 3614 3302 3710 5093 5630 5220  689 1541 5345 5433 4428 5984 5849 2102 1096 1015 3754 5200 2251 6017 2087 1225 5894  456 3791 2817 4457 1192 3594 3953 1000 5430  894 3842 2003 5966 5043 3068 5763
 3974 2299 5359 3987 6151  820 3918  824   97 1860 4511 5025 4484  385 1195 5044 1819  723 5676 5823 3125 2827 3442 5317 3698 1133 4083  412 6354  114 1611 1368 2663 4773 5228 5059 4320 3634 3312  589  485 2039 2053 2152 4113 3212 1077 6171 1111 3666 4875 2419 4643 1060 1953 3911 2781 4587 6272 5498 4997 4828 3085 3170 5031 2683 4088 2311 3376 3026 5513  465 2955 1531 4097   16 3186 5799 4216  553
 5953 3378 1638 1154 5500  358 5783 1075 5968 5521  198 5649 5223 5351 3589 6119 3315 6232  779  964 4659 3613 1297  283 4922  473   14 5055 2765 5601  294 4107 3207 5187 6122 6064 6202 3724 2928 2246 2807 4915  383 3984 4024 5201 1876 2999 1164 2173 2397 1330  730 4770 5464 2597  115 4526 5378 4171 2407 3524  289 3991 5662 2220 4826 3833  809 1434  997 6254 1899  300 2080 4095 1262 1386 4497  761
 2064 3176  591 5460 2876  405 1584  771 5786 3033 4648 1977 3331   88 4408 5381 6094 4880 5374 3860 2497  540 3673 5192 5126 2759 4581 3959   40 5427 1181 4802  410 4908 5770 2469 1615 5853 2657  955  640  221 1438 5979 4886 1081   41  555 5265  948 5927 3566 5898 5654 4847  191 4962 5016 4661  508 2238 6237   83  187 3456 1255 2775 5857 1570 6277 1198 1456 2321 5938 2389 6338 2418 3616 1585 6361
 4335  781 1830 1848  604 4898 2926 5593 6194 3409 1114 1185 3017 5437 2808   30 3214 3308 5567  735 4333  853 4219  222 2565 3702 6310 3733 1673 3224 3718 5916 6347 1974 1704 4233  569 3360 2353 2477 2664 1756 2310  351 2033 1295 1824 4673 2780 3970 6385 3867  593 5917 2499 5829 4761 3423 6240 4138 3936 4338 4668 4965 1407 3054 2097 3981 4355 3013 3320 4480 3255 1727 2208 5759 6164  925 1600 1162
 1596 2046 3859 2038 5213 5646 2883 5614 6070 2004  448 2755 3880 6128  554 1031 4925 3773 5147 5716 3736 3677 5897 1573 1700  786 1243  304  789 4654 3706 4491 1706 1071 5961 1331 1019 5428 4605 2051  825 1593 5099  158 4520  722 4363 2395 5608 5001 5486 6037 4009 1058 3076 3245 5937 3243 5571 3010  899 1976 4792 4993  327 1873 2800  911 2524  538 4731  649 2440 3106 4609 6113 4228 1667 3291 5563
 6246 1449  851 3854 5445 5733 2020 3416 1621  793 6295 5534 5401 3080 2341 1078 5276  896 4226  933  760 4937 4800 1937 1604 4564 3685 1017 2894  432 1247 4055 5834   72  253 4142 4507 2662 6126 3104 1264 6196 5473 3225 5694 1919 4571 2630 2334 5372 1088 3014  532  579 1099  171 2007 3968 5101 2369 5280  713 1242 5976 3917 4845 5368 6381 5738 2738 4829 1373 2289 1482 5070 1089 1127 4612 3532 4713
 2861  157 2764  135 4702 4492  220 4167 4854  596 6278 2943 4680 2656  765 4091 3971  517  307  728 4822 3037 3595 3052 3300 1881 3070 5343 5362 3146 1551 3769 6345 5310 3327 4013 1245 3411 2084 4838  534 1788 2239 1411  149 6223 1108 3741  737 4947 3259  542 2749 1906 5908 1920 4180 5826 4139 2249 3828 3944 1869 6120   22 2794 2783 6383 4467 2805 2695 5872 5661 5848 1944 4421 4136 4868 4135 1505
 1894 1991 3140  903  444 5344 3208 6220 2550 5233 6387  539  336 3340 5132 3844 4724 4567 1288  137 2226 2694 3185 2802 4317 5792 6332 1988  134  519 6112  355 3231 1182 1418 3205 4771 5202  292 3570 2543 5753 5996  265 5808 5446 1025 2819 2895 5721 1764 1131 5151 1080 4536 2230 3451 1853 2048  565 2829 3820 6087 4128 2160 3474 6022 3491   84 3841 3130 4794 5193 4853  572 2668 2189 4698 4824 4555
  826 2951 3571 3193 4974 3652 4933 1048 4211 3806 5332 3704 2052 5761 3885 3956  320  795 3605 1574 4372 3122 4645 5194 2898 2363 4022  872 3369 2287 4980 6124 6363 3499 5326 5839 4966 2757 6104 4041 3000 2553  621  447 3691 1678 3678 4065 1312 1180 4071 1467 1608 4012 3492 4843  993 3375 4194  897 2793 1061 2697 4921 4599 3149 1029 3096 3031 5821 1440 3444 4471 6176  901 2416  643  790 2625 2468
  186 2191 5453 5232  285 4979 4775 3501 3065 5933 1241 3676  881 1528 4629 1769 4248 2240 4538 6077  430 3171 2601  734  387 2295 5182 5154  668   66   43 1403 4161 5985 2364 5682 3626 1254 2066 2578 4604 5511 1320 2777 3843 3915 2981 2914 6105 4721 1890 1686 1323 4290 6067 5487 6214 3734  788 5779 2305 2432 2234 2544 3719 5458 5298 3557 4162 6292 2099 2541  711 1662 1020 5744 6218 1624 1657 2537
 3345 4677  301  384 5399 4174  471 2232  258 6271 3730 6143 2381  928 5637  656  275 2856 4528 1692 4999 4552 3846 5701 3563 1538 4407  175 4817 2725 5376 4565 3277 3137 4201 2547 3285  174 1856   95 3845 1035 6125 3262  214 5318 4392 4991 3952 5977  268 3651  469 3394 4646  644 1606 1202 3237 1306 4705 5551 5107 3819 5665 4345 4992 4237 1592 2824 1582 4837 5936 3030 6241 1399  977 3550   33 4910
 4500 1791  616 1216   64  662 3680  468 5063 5146 5658 5773 1441 2836 6304 1717  654 3217  337 4716 5096 4907 3166 3483  354 2136 3306 1742 5687 5421 3318 1527 1828 1790 2194 3399 4381 3007 4350 4064 3403 2734 5122 3400 2558 4118 1578 5596 2248  450 2221 5207 1969 3112 1269 3569 3543 5804 4930 3864 3568 2865 1811 4482 2296 5790 4253 6371 6051   82 4285 5009 4746 1457 1069 4989 4688 1799 1676 1043
  609 5931 1030 4356 6129 2736 6096 3133 1462 5266  513 2505 2347 4289 4397 4598  161 5469 4951 3321 4204 4940 3521 6377  434 1967 5543 3621 1207 1757  715 1014 4470  125 2078  833 1945 1530 5033   39 4690  571 4512  796 5422 2438 1900  690  992 5309 4786 4627 3522 4541 1435 3475 5736 6056 2386 6390 2615 2139 6365 1008  775 5948 2362 4152 3756 5508 5613 4062 1543  707 4227 1276 1491 5600 2041 3926
 2929  449 1749 6275 3365  342   69 6307 6249 3636 5236  573  510 6188 3448 4537 5901 2455 5673  120 3436 3662 2913 1948 5555 4111 1196 3851 2649 4530 3002 2654 4127  411  512 3250 6244 5861 5539 4140 5683 5440 3278 6336 3164  424 2218  305 4862 3083 4736 3555 6115 5559 2693 3232 3341 1705 2639 3509  143 2348 2904 1279 3878 5170 3298 5566 1028  704 1049 1661  458 2388  805 5730 5103  226 4371  452
 1299 5502 5171 1914 3389 3034 2692 2331 5517 2529 1022  839 2451 4415  107 1751 4213  247 2312 3301 4069  395 5690 6268 5342  537 5073 4221  142 5638 4220 4834   45  916 1668 3430  306 6287 3545  278 3537 5590 4865 2843 2357 4878 5275 2093 4309 2737 5349 4891 3738 4199  515 3427 3349  240  989 5387 3408 4905 2365 5365 2276 2806 3695 5855 2848 5535 5083 4971 2169 2868 2973  443 1774 2742 5089 1362
 1786 2430  132  601 4321 2788 3382 1891 5313  290  396 3816 2838 1964 3391 6293 6369 3717 1256 6207 1526 1445 6134 3015  141 1711  133 4938 1384 1230  984 3645 5810 1334 3152 5295 2112 6323 5655 3748 2618 1492 6349 4815 2860 3942 3765 5568 2889 5631 4184 3667 5130 5793 4692 3314 2815 5270  985 3435 4105 3823 2721 3533 1770 5463 2045 1798  431  313 2257 2294 2971 5108 5598 4225 1802 3325 2919 1429
 2014 5263 5303 3742 4983 3798 1381 1723 2652 5862 1663 5595 5094 5040 2223 1805 4235 6110 5955 5695 4554 5659 1787 2315  618 4709  373  961 1960 1825  841 1677 5749  165 4310  370  152  525 1680 3163 5712 4474 1349 5995 5273 1795 3241 5199 2481 2002 3460 5599 2832 6111 1396  946 6172 3665 2542 5726 1892   86 1223 2572 2508 3792 2227  880 1063 4622 2705 1995 6257  913 1315 5742 5963  624 3980 6182
 2779 5800 3099 2513 3072 1210 5583 1432 5900 6289 6162 2047  742 4084 4400  934 3602  348 2453 1571 3716 6183 4163  196 4403 2006 2210 3663 1877 5755 5717 2096 1333 1731 1783 1772 4015 1670 3397 3282  976  952 3622 2259  688 4043 3328 1741 4360 5609 1266 2935 1238 5477 1065 3649 4098  889 5480 5106 6029 3242 2021 5331 2067 6084 4602 4568 5339 4438 5876  703  274  521 6154 1639 1011 4200 5271 2901
 5828  393  103 1490 3914 1954 5243 5533 5703 1586  500 6106 4632 2841 5046 1763 3425 1364  144 4961  140 4814 3767 2709 6210 4254   44 1502 4969 2678 5873 2474 3439 5174 2000 3808 4666 4801 4755 4050  188 4427  658 2740   63 5441 1307 2546 6074  898 1867 5750 4267 1778 5159  861 3496  536 1645 4660 1239 3722 4446 4964 1847  710 3873 3928 3661 4451 4653 4380 2065 1291 6021 1785 3428 3114 2976 4469
 4461 1640 2921   96 3410  935 1417 4738 1577 3947 2602 3951 2457  583 2076 5056 1522 1829 2574  918 3387 4841 2803 3795 4387 2509 5940 2431 1719 4506 3705 4230  390 4860 5060 4769 2092 4004 1693 5756  915 5252 1513  848 4153 5491 4384 4763 5845 1102 1897 2103  923 5091 5465 4671 2090 5452 5813  954 1959 1294 1540 2491 6355 5586 1542  770 4727 3458 3684 4040 5286 3868 3001 3093 5058 3699 2355 1922
 2975 1083  457  299 1034 2932 2593 5618 3079 4011 1767 3189 4778 2193 3866 3549 4954 3797 3519 3660 1773 5495 5612 4068 3107 6088 3978 1516 3372 1628 4261 1010 4277 3390 3003 4110  329  787  218 2577 5874 2579  367 5255 1324 4125 2182 6034 3117  421  801 3542  642 1792 6132 6042 6185 2435 2950 3061 1497 5168 2532 2328 3538 5784  245 5869 1665  296 4777  810 5795 3294 4361 1630 5809 5231 4859 5740
 2791 5954 6072 2527 2562 3672 4108 4025 6038 3295 4700 5962 1569 2774   34 2204  679 3334  895 3422 5177 3333  359  231 5805 4928 2488 3012 5884 4655 5531 3381 4619 2595 2059 2707  527 3419 1833 6040 1896 1059  239   18 3100 6362 4855 5117 2519 5004 5424 2809 5075 5858 1300 2231 6146  807 2680  173 1041 2782 3777  476 2214 1601  504 6159 2711 4754 2138 4018 6137 5002 5718 3449 1327  252  693 3415
 5520 5519 5765 2591 4382 4048 2192 5457 5818 2584 1765 1658 2870 2008 1383 5292  454  792 1539 5165 1471 3580 5840 4218 4844 4950 4300 5923 4283 4419 4780  972 5451  461 1012 5524 6395 4942 3961 2278 4373 4729 2600 2587 4556  834 6267 2503 4888 4234 1911 2551  159  251  530  108 3060 2816 1581 3796 2958 5706 3355 4618 3907 4657 1365 1302 3438  673 2964  970  666 5272 2747  940 1463 4275 3755  269
 5959 4436 3577 4695 2135 5774 2786 4580 1258  399 2818 1481 4896 5674 5633 4591 2592 2608 2205 2213 1762 3554 4001 4679  762 1232 1173 5778 2316 2429 6044 4548  582 2504  586 2284 4585 5414  545 3279   28 2520 3950 5305 1151  546 2104  739 1366 1713 1206 1260 2137 4563  637 4336 5050 3989 5506  838 5994 4725 4840 3469 3039 2297 5663 3737 6117 2445 4028 6160 2383  635 5877 4002 2626 5431  233 5028
 5337 4130 6288 5393 4719  131 2400 5625 2201 2810 1908 4443 5279  559 2627 3700 6366 3441 4302  821  543 2548 2293 2965 2143 2523 3933 5623 5935 2885 3590 3173  323   49 1556 2441 4416 1590 1478 4115 3751  908 2428 6035 3178 5788 2433 2594  257 1067 5357 3053 3454 2660 1529    2 2619 2944  614 3794 6303 2886 4508 6352 4990 4960 5671 3924 4280  912 3760 1886  472 1797  360 2082 2243 5886 5760 5941
  575 4496 2368 4846  470 1052 4411 3271 1789  650 4804 3732 5626 1175 6141  996 1912 3913  857 2399 3089 5758 6107    1 4943 5915 4651 3815 4893 1163 3788 3584 4434 6057 2560 4573 1213 1172 6398 6114 3560 2996  570 2081 1893 3890 1379 1421 1465  460 6158 3653 3434 5527 5340 4890 4816 2936 5983 1186 5163 1690 2162 1309 1351 4687 6326 6282 5282 1261 2426  562  854 1545 2710 1775 4132 4765  663 1746
 4510 2301 2150 4760 4515 5867  714 1466 5639 4514  344 2375 5299 6242 4156 3664  267  184 2877 5536 2835 3424 5836 4753  917 6296 3227  524 6156  273 3793 2561 6066 2470 2089  566 6206 5098  937 1219 4272   91 1483  827 2229 5071 3764 5833 3646 3144  556 5585 3101 4494 3686 4242 3486 3038 1729 4052 2115 2261 3919 5745 1314 1989 6016 2131 1537 3311 3772 2753 1179  549 4694 4693 3641   13 6099 1354
 3642 1358 5728 1168 1918  263 4159 4995 2854 6302 5300 4776 4531 1626 3834 2244 5825 2265 2954 2449 5604 2687 1056  488 4525  568 3572 2050 4245  869 2338 5634  718 4369 3993  686 5672 1507 1021 5472 3473 6018 3418  607 1064 3949  705 3629 4031 4825 5328 4073 3151 4143 5222 5868 1363  201 2828 3903 2570 2255 1143 3128 4266   56 4923 1758 5746 3596 4102 2382  371 2411 6192 5921 2704 4958 1356 3138
 4112 2500 4739 1675 3431  664 2727 1317 4424 4376 1598 4640 1827 4362 5960 6004 3696 1503 4904 2730 2864 3386 2729 4273  531  350  493 4271 4263 1849 5335 5570 3044 2745 4209  341 4468 4919 3383 4968 5881 4558 2855 6152  420 1253 4251 3127 1875 2647  347 3931 2767 1637 2387 2179 3213  875 1155  665 1413 3058 4205 3407  617 5026  194 4318 2840 5530 4742 2406 5689 3326 6367 4340 4539 4402 4449 1817
 5409 2024 3380 3937 2493 6118 5903 1209 2155 1484 2623 2956 5564 2069  731  397 3063 5967 5532 6284 1549 1277  909 4462 2671 1625  533 6236 6389 6229 6071 4063 5385 1224 1376 3332  794 5870 5052  892 1519 2790  183 6233 4574  914 4762  667 4551 2267 1689  685 5711  243 3353 4821 3179 4429 5724 1293 2875  717 6358 3459 1286 4352 5492 4848 2990 1939  726 4459  661  632 5680 2384 3838 5415  446 2659
 2684 4630 2566 6085 1053 1183 5417 4008 4176 6222  340  552 1267 1003 1390 2585 1851 3157 4375    4  927 6375 1369 5485 1001 5751 1814 3812 5242 3592 4887 3481 3753 4952 4082  600  902 4714 6316 3209 6255 3886 5268 1815 2776  295 5462 1737 5930 6376  179 1496 4870 2622 1126 2582 1157 1695 4768 6308 6032 3202 5377 1846 5505 2159 1348 4626 5330 2184 1105  215 6221 6153 3247  316 1016 2054 4378  311
 1511 2195 5592 2101 3810 6144 3884 3310 3599   46 3827 1178 5675 1290 3006 2404 3707 3929 5615 1337 2984 1820 3786  407 1597 2356  302 1605 5878 5371 2068 4963 2025 3021 5905 4885 4720  855 6359 4047 2010 6262 5161 1472 5035 1382 1982 5119 1587 2427 6211 4909  767 1672 5943 4849 5269 1755 4798  969 1145   94 6250 1137 5871 2512 1558 1328 5448 6399 4678 2634  414 1523 1647 5205 4501  958  599 3446
  483 4030 6100 3468 4458 1142 6010  172 4920  496  281 2342 4144  930 3723 4519 1879 1068  675 1940 1123 3643   81 2518 1193 5622 3687 3412 5644 5629 3671  254 6330 5911 5020 5333 3497 1555 4126 3201 3745 5942 3658 4509 4498 4313 1414 1454 4521  674 5875 4636 3097 1184 3774 1468 4533 4987  479 5088 1714 4150 3116  128 3893 2614 3637 5737 4861 3091  423 2158  325 4085 2340 4620 6019 3182  418 5450
 2303 5153 4005  768 5946 2443 4547 3887 1517  369  523 3881 2967 5575 2187 4319 4662 3240 2088 3920 6045 3066 1557 2957 1575 6248 5679 5189  866 1475  529 2743 3529  636  109 4764 4344 4282 5731 1508 2466 3510 2952  980 2701 3364 6315 3272 5647 3286 3582 4422 5442 2371  419  939 5121 2853 5693  882 4945 3564 5899 1707  622 1935 5139 4312 2874 1140 1023 6346 2149 3048 5581 2420 1870 2752 4863  502
 5569 5141 4976 6329 5554 2490 2098 3281 3158  219   38  190  117 2983 2880 2172 2478 2610 3801 3219 3800 1394 2682 5150 4357 3871  376 1882 2516 6165 5986 5660 1499 5697 2413 5865 5024 4308 2534 2849  147  719 2254 3502 2215 5086 5214 4099 6280 3624  563 5143 4589  126 2897 4670   42 1904   76 4578  261 3825 1416 2322 1485 2665 1708 6020 3457 3824 5523 5582 4437 3656 3124 3121 2105 4189  812 5449
  758 5444  123    3  888 5723 1420 2837 2604 5670 5290 1579 3578  495 3042  437 5560 6163 6186 5667 2415  475 6136 3882 4642 2028 3574 3420 2510 4232 4711  203 1280 5692 3357  391 5206 2452 5507 1051 5544 3799  806 4274 3470 1132 5904 2288 2744 4414 3625 5258 4882  932  260 2290 4972 1375 4601 3638  486 5732 5605 4441 3102  334 6138  645 4131  506 3350 1342 4106 2557 1515 1464 5686 1972 5891 4198
 6215 6007 2031 4946 3912 3630 1776 4168 4119  310 3725 5819 2409 6204  815 6339 1430  381 1205 6157 5267 2291 1864 6270 1560 1804  900 2796 4222 4193  988 5720  113 3493 5354 1032  974 2147  595 1732 3139 2171 4595 5251 5496 5969 5970 2555  321 3990 4395 2447 3897 2959 5085 5230 3848 4631 3018 2576  863 3972 2075 5787 4265 1047 1231 3354 1367 3945 1161 2141 1842 1388 3615 2177 3084 3131 3998 3141