 1666  839 3937 2421 1672  128 4996 3660 4327 2736 3225 2225  328  318 5289 2828 1397  406  239 6344 5340  123 6362  173 2174 3732 5587 1070 5752 1765 2499 5313 2687 4259 1902 3451 5357 2655 4856 4048 6322 5532 5396 5509 4295 2948 2917 6060 2194 6195 1106 6022 3133 5721 1373  535 5956 4542 3643 1271 5304 2284 1396 4794 2525 6323 2467 6442  700 2857 1112 2758 4444 1402 3114 1201 2927 5173 4692 1854 3236
 2998 4660 4976 2965 3680  741 2905 4068 1516 6046 2849    7  607 2299 5673  899 1095 3787 2017 2667 1140 2947 1181 2896  215 5595 3700 5203 4100 3901 2296 4922 5106 5924 4085 3157 5072 2735 5248 2319 5279  264 2967 5646 4018 6185 1736 2708  531 5845 3433 4339 5984 2026  999 4316 2865 6179  630 6017 4517 4530 1321 2209 4969 3647 5786 6318 3582  807 4929 2532 2979  847  407 3642  335 2254 5291 2621 2074
 3758 3113 4457 5564 3779  170 6400 1590  702 6561 2718 2516 2246 4144  673 6313 5579 5232 6498 5372 6155 1791 1328 3701 3739 4034 1286 1127 2387 5114 3437 5999 5159  213 4469 2258 5386 3911 2568 3712 1823    2 2812 5212 4823  134 2822 1530 3565  641 3490 1175 2569 4330 5889 3446 5551 6160 3694 6150 3051 3430 4063 3784  293 2449  582 1131 2963  146 2410  269 6156   77 6222 5715  971 5258 1973 3521  320
 5050 6242  303 5901 6427 1073  510 5432 4992 1421  272 2455 5562 3835 2908 5897 1334 5679 4981  118 2871 6533 6436 3425 1545 4910 5053 3463 2623  115 2878 4276 2200 3605 1319  139 1829 5513 5772 1744 4615 5753 5381 3153 3530 1564  362 3019 4475  151 1393 5041 1612  314 1258 1117  263 5918 1191 5353 4285  877  496 2641 5944  979 1538 3297 5814 4833 3483 5489 4101 6088  538 4685 6243 2401 2271 1390 6264
 4889 1147 1282 4565  906 6224 2820 4067 6354  708 4365 1323 6537  131 4832  595  383 4181 5764 5029 6364 4120  868 5463 3033 3930 2644 3261 1261 1004 6467 2888 1338 2494 4697 5435 1082 6422 3106 5738 6438 3230 2725 2137 6189 6129 3389 1939  353  986 4413  384 2383 1753 1915 3591 6377 3858 5240 2546  226 3519 2502 5858 4347  466  645 2958  900 3685  533  523 5522   24 2873 1473 5048 4883 3997 5718 6369
  420 4353  786  543 2486  283 1345 3518 1553 4075 3150 6317 3477  163 1170 1015 2250 5974 6191 5733 6399  991 5310 4675 5791 4892 2290   60 5668 1262 4483 5637 4659 4294 1482  156 6361 3315 1597 6365 3125 6154 5171 3098 2214  103 1032 4215 6234  978 5190 3232 1285 4809  254  268 3090  904 1020 3218 4221 4488 4398 4158 5510 5867 4666 3436 6409 4800  454 4663 3040 6127 1487   45 3168 2003 5036 3398 2304
 4713 5626 3778 4192 4468  846 3030 3202  323 1126 1119  518 1093 5602 6030 1634 3390 2876 1468 1031 2524 5274 5776  738 4177 4104 6079 2973 2230 5181  193 3725 3318 2743 5961 3055 5236  418  526 1327 6015 3673 3450 1746  870 5125 3914 3679 1655 5152 2166 4349 2040 4319 1985 5235 2638  394 6499 4492 5089 2014 5419 6347  529 5931 3621 4127 5143 3840 2362 1332 4931  792 1988 2890 5788 4691 2995 1641 3272
 5215  562 2104 2113 2022  400 5429 4782  975  813 5293 3497 5964 4239 6226 4897 6560 5831 2058 5963  921 1432 5768 4694 4038 1066  736 6420 1916 3170 3864  651 1653 2286 5976 1166 2686 4791 5336 1957 3300 3532    9 5033 3905 3924 2665 2450 2719 4229 4711  764 6239 2241 4627 4792 2295 5765  943 4967 2561 4280 6257  624 2153  462 2473 3533  580 1083 3776  732 3583 6023 5613 2674 3197  653 5691 1609 3624
 2681 3234 4030 6065 3097 2733 2170 3590 5946 4749 5801 3219 5617 6145 5430 5176 5621  948 3917  811 5351 1072 5002 1283 5306  787  467 2940  844 1017 2819 6124 3268  540 2100 3682 5501 4111 3284  779 6437 5110  618 3748 2157 2267 6451  524 6376 1456 1302 2785 1027 1326 5234 1343  294 2327 5322  972 3892 3495 4844 3038 4216 4334 2360 3517 1780  342 3762 6343 2610 5767 1203  352 6548 5547 1062 4332 2084
 1235 3274  224  832 4217  996 3957 4293 3742 5174 6172 3850 2495 6386 2941 5553  347 5844 4863 3567 1447  517 2582 5338 6010 2097 4143  800 3916 5324 2800 3825 2801 2368  801 3142  477 5896 2628 5732 3596 6410 1364 2134 3869  274 3761 2711 6113 6379 6259  908 2357 3678 1963 3452  345 4900 4555 2432 1223 5337 1416 2168 4356 1036  201 3557 6147  471 2521  835 5520 4412 5834 6012 3333 1546 5004 4129  637
 1229 4854 1455  875 1579 4374 2713 4016 1534 2509 5895 3540 1371 2071 3476 4701  599 4337 1648 5288 2760 6506 5092 5927 3203 2423 6497 3662 4607 2952 6158 2009 3639 3441 6435 2992 4047 5285 2717 5177 1128 3448  430 2764 5609 3929 3335 1959   98  634 5133  802 2248 4077 1511 2885 5955 3379 5825 2842 3736 4515 3544  150  955  951 1401 5028 4282 5104 2634 4843 3528 3378  586 2671  853 4767 3616 5866 1769
  508 2032 5909 4909 6045 4040 3060 1619 1188 2274 1404  973 3229 4437 1692 3104 5875 2101 6482 4491 4932 5105 4304  923 4275  601 3853 1267 1382  503 4198  145 2075 3283 4235 5588 1569 4451  186 6131 1297 3595 5805 4385  597 1898 3921 2171 4716 3080 6403  149 1021 6286 1762 5760 5899  998 2193 5339 2006 3525  716 4082 6512  110 5680 5300 5953  917 4572 1626 3193 1934 5492 4001  478 6067 5612 5682  650
 3640 6346 5877 3013 4441 5937  672 3716 5017 4435 1097 4187 1895 3003 1098 1218 3372 2035 4008 5635 2607 5406 4209 2156    4 5666 6262 3092 5229 4574 1394 2438  968 6285 6505 5813  926 2554 2797  311  313  561 3549 3899 2600 2038 4431 2783  758 3552 3435   36 3307  505 5128 1924 1995 6396 3253 3824 1510 1894 3799  827 4496 4704 1777  639 5290 4774 3474  326 2340 1855 2595 5500 6194 3401 4128 5690 6423
 6097 5477  491 3632 3158 4815 4808 4837   68 4510 3216 2960 2004 2332 4681 4680  249 6298  850 2476 3993 1280 2630 3340 5859 1661 1989 4930  559 3336 2556 4847 1784 2448 4026  423  569  572 6471  848 4987 4734 5162 6536 1081 4308  337 5990 2240 6070 4638 6157 5708 3908 3407  290 5521  292 6507  981 5985 3695 2985 6050 3860  542 3415 1433 5933 4898  120 2503 1187   15  604 2903  980 2021 5054 6269 4695
 2654 3484 1942 4650  455 3953 5037 5487 1110 3505 1604  161 3182 1629 4970 3075 5778 5925 5093 1783 1368  744  895 2291 4171 4748 3618  982 4625  697 1721 5197 5498 3842 1222 4476 4816 4409  266 3454 5630 4303 3500 2662 6275  849 5387 2375 4768 3059 2202 5517  537 1815 6121 3124 2353 2808 6044 4580 6266 3263 5394 5892   72 2407 2907 6053 5013 4246 1975 3304 5818  137 1864 5058 3023 1335 1014 1287 1007
 4709 1615 4170 5628 4382 5685  626 3355  883 3972 3156 2975 1636 1680 1678 1091 2899 1759  379 6526  820 6389 5252 5227 3980 6064 1962   43 1616 2162 3938 2285 2959 5749 4397 5694 1878 4766 5204 6415 5185 1230 2649 6483 2912 5536 1092 3186 5478 4257 5182 5763 2356 1370  431 5655  228 2229 2164 1690 3933 4489 5499 3091 3456 5192 4916 5525 1303 5222 5328  620  275 4588   95   19 2555 1270    6 4679 3020
 2772  600 2265 5148 3460 3380 2342  746 6169 1291 3245  941  864 3971 4015 2535  299 1388 4735 5543 1488 3545 3129 4073  958 6238 3162 1548 3976 5146 3290 2054  338 5074 4589 3939 4306 3177 2371 2989 6084 1856 3081 3135 1137 6508 2190 4084 5164   38 1572 3255 3134 2466 4163 6218 4522 6167 6302 1250  547 5829 1697 1739 2220 4089 5160 3083 1991 4890 2302 5226 2060 4620 2933 5023 2452 6387 5557  460 4071
 5906 5988 2330 2471 2542 5730 2155 1347 2326 1773 4896 3043 2566 1405 6555 3931 3334 1519 5132 3316  760 5370  521  805 6434 5137 1820 1172 3382 1247  185 5598 4750 3273 1977 6198 2608 6202 2167 6542 6393 1712  905 2737 3100  791 4338  680 4718 2253 5809 5606 4882 3154 4039 2379 5769 1657 4167 3238 5187 1601   80 5073 3475 2880 1537 1941 4586 6240 3949 5995 2317 6047 2428  310 1899 4399  396 2606   75
   18 2417 3266 1264  711 2346 5596  778 6267 2370 3794 4169 2039 4646 2875  666  719 6031 4877 3587 6408 5667 6210 4036 2056 5894 1003 1610 4481  987 6463 4141 4107 2343 4322 5582 4599   28 5861 3706 4023 3024 2127 3995 1862 1412 2929 2637 3795 3077  755 4520  348 3189 1207 1273 1742 3233 4494 1734 4416 5238 4381 1556 1542 5717 5109 1954 5034 5789 4161 3757  959 2313 1341 1818 2770 1890 3915 6320 6465
 1233 6077 3184 2079 1522 4291 1961 1650 1760 2211 3087 6255 5774 2709 5031 3279 5005 4296 2359 5932 1591 1786 1484   90 6417 5410 1419 3675 4674  439  403 5220 5205 3001 2902 4503 4705 3802  938 1901 3443 6212  344 5418 2705 5407 1268 6370 3996 2893 2982 1499 1314  341   34 2706 1539 3646 5824 2514 2538  456  378 4738 2946 3866 2794 3052 3895 1573 5783 6074 6133 3012 6363  646 3536 6558 6479 3913 1313
 5080 2997 4411 2964   66 2920 5129 2572 4281 4263 6310  135 4708 3987 2180 5224 4080 4286 2213 1444  277 5479 6429 2631 5320  902 3327 6120  866 5546 4908 2243 1331 6342 2953   42  389 2740  397 2840 6518 6193 5530 3417 3341 2472 4428 2198 6035 2835  142 4328  237 2574  621 1300 1936 5123 2782  190 4979 1873 5676 2811 4227 4845 3288 4656 2204  107 4852 2413 5415 2341 5567 5926 4824  221 4270 2493  241
 2400 2268 1793 5853 1733 1790  865 6355 5800 6104 5402 3781 3959 3912   53 2390 3808  210 3529 5085 6164 5688 5962 1883 4228  390  743 2682 4977 6304  611  762 2426 3765 4617  840 2309 3241 6491  712 3935   25 3286 2821 3637 5991 3534 1574 2627  172  100 3954 3356 6178 3668 4962 2377 5683  920 5848 4736 3576 4173 3026 1121 1951  247 4426 3952 4606 5254 5597 3499  259  767 6532 4860 5421 3523 1581  121
 6173 4372  434 1720 3598 4653  740 1450 6337  552 4185 5103 3147 3714 4415 4429 3746 2594 2010 2201 2382 4250 5175 2078 1802 4730 3160 3522 3148 1792 5563 4336 5119 6137  414 4545 5470 4924 2044  568  501 2501 4561   67 6486 3963  551 6461  177  197 4600 1670 3496  619 6366 4472 5759 4123 1109 6324 3086 2977 4911 1618  356 1016 4323 3873 1576 2591 3121 4762  281 2322 5458 4135 2435 2823 4799 2273 6290
  188 3440 6207 3538 6391  593 4939 2030 6076 2691 5584  189 5457  355   12 5412 5620 2143  147  219  437 1495 1246 5026 4317 1585 6007  312  411 1675 5441 1467 6211   50 5480  964 3969 2048 6404 6530 2986 1611 6538 6117 5049 2679 2063 4454 1366 3207 2144 3044 5071 5585 6312 5671 1814 1024 4669 6059 4590 5659 1430 2122 2281 3698 4558 4183 2527 3347 1075 6183 5409 3720 2257 5341  724 4242  985 1192  469
 5604 5656 6485 5117 1580 5314   47 4405 3865 3414 2955 6057  230 1333 3434  935 4076 2119 6392 6287 2303 1361 1841 5524 5624 4231 4086 5589 2845 2721 2795 5305 3453  385  782 1491 2474 2934 3014  117  282 4765 3338 3876 4269 2112 3796 3365 6540 5965 2855  544 3278 5277 1843 1413 3008 5482 6454 1701 2596 2974 1848 5437 2106 4033 1479 4518  816 2411 1923  970 3095   64 5550 6551 3383 2629 4913 1761 2361
 3449 5363 2957 5145 4971 5882 3923 2859 2813  435 2445 1059 5444 3600 2656 5552 3239  579 1589 4102 6315 6544 2945 6459 6516  629 4378  152  470 3729  211  851 2199 3503 1781 2389 3607 2131 3750 1922  395 5079 5266 3018  464 5218 4861 4948 4277 1603 4523 6339 5575 1517 3562 4872 1754 3388 2307  502  558 2856 4045 2072 4739 2759 3501  192 1662 5837 1078 1134 5307 6024 4531 1352 1357 1512 6248 5335 5651
 5645 3326 2529 4393 2869 1506 3970 5147   99 1807 3903 5922  373  583 6367 5707 3027 6402 2994  612 5747 4618  126  742  209 1558 2517 4245 5096 4006  749 4998 3992 5873 2409  995  250  208 6260 4388 1173 6514 4947 3163  129 3823 6489 1982 6144 4806 6478 5531 5446  236  780 1278 5827 6277 1263 3438 1872 5262 2589 2172 6182 1329  346 2722 6174 6272 2684 3213  376 6165   86  815 1158 3395  930 5127 5001
 3275 3016 5687 5202 2549 2405 6325  488 6261 6037 3504 2045 6413 1464 1974 2598 2966  664 3191 2160 4237 6153 6314 2352 1168 2510 5566 3927  856 4493 6219 4394  961   59 4903 2152 1349 1874 4582 4359 5200  789 1625 5862 2796  628 3593 3337 1407 1871  445 5346 1240 2689 5675 4649  184 5577  678   87 2465  956 1623  127 2814 3859 5183 4402  174 3063 3975 3867 6146 4905 1281 5140 4789 3918 5189 5869 5686
 1067 1882  937 4288 1955 5431 2033 3797 1709 6213 6086 5490 4098 4461 1055 1559 3244 4665 3889  449 3349 2345  929 2350  707   13 5886  493 1048 3472 5377 3045 5731 3381 6405 6525 6472 4831 4753  112 5770 1149 5816 1145 1647 4240 5246 5131  957 6206 3226 4554 1852 4053 1837  223 3872 4344 4673 1687 5393  692 3302 2508 2324 5978 3073 1932 4010 3482 6360  795 3269 2118 3713 2315  655 1022 4533 4719 4408
  585 3502 2334 3988 2942  674 5483 2585 1994 3130 1256  350 5178 4057 6289 2089 5362 6228   89 4746 1477  393 3145 2769 1068 5884 5115 4920 1933 5388  262 2586 5169 4000 6419 3806 5056 1221 5868 1294 4283 6268  498 5665 2169 5743 2924 2348 1475 2398 1507 1945 6301 1284 6345 3944  261 5241 1422 5157 4616 4007 6357 2208 1658 1391 5494  854 2419 4009  111 3481 1747 5726 6038 1782 1490 4497 2836 4585 2643
 3029  822 4539 2392 4380 3686 1764 3173 1365 6092  887 1389  101 3034 4771  364  541 5450   96 1204 5020 5052 4960 4260 3588 2431 5572 4407   63  860 5443 3572 4724 1458 2968 4390 5865  195 3887 5998 1496 3696 5807 2648 5941  374 2399 3118 1045 2288 2470 2745 2458 4418 5702 3152 5836 4272 6066 6081 1266  983  380 5391 3180 1663 2179 1722 3852  834 6114 5710 1224 5548 5167 2605 4521 6103 5725 3584 2206
 2192 5380 1865 2852 4887 6349 2096 4564 4875 4480  806 2182  522 5716 4968 2109 1893 6252 6458 2249 5456 4255  898 5221 3031 3981 4604 1758 3804 4873 3085 2015  566 2848 2803 5139  255 3271 1699 2597 1649 1566 6251 3608 6476 1063 4728  468 1279 5756 2187 3310 3419 5913 4754 3289 3006 6013  258 4658 6329  202 1745 4760 2726 5997 2210 3196 1005 1715 1030 4474 2519  265 4274 3109  166 6091  861 4712 3870
 6168 2778 6453 5506 5560 3951 1840 1026 4208 1966 3817 2567 6221 2799  339  207 1768   83 4776 2807 4535 3222 5643 5908 3392 2787 4017 4103  141 6359 2132 2723  804 4953 5639  105  371 2609 1094 2909 4894 1100  862 2453 2037  747 2696 5982 6297 1741 5428  130 3770 3444 5091 3813 3508 1257 3237 3491 1395 6105 2557 3119 1039 1358  912 1596 6406 6416 4643 2374 1642 6425 6431 1789 3654 5907 4232 2437 5060
 6276  745 2551 1544 3792 3515  181  632 1563  726 3782 5917 2154 4369 2756 3958  119 2834 4440 3791  688 4509 4634 4723 1096  256 4191  953 5623  818  295 4422 4109 2996 3946 3400 6443 1406 5784 1990  990 3252   41 3455 2442 3681 4247 5903 3037 4131 4940 1552 5967 3185 5920 5309 3554 4482 6487 2216 5273 4688 3964 1885 6327 4635 2110 6049 6293  974 3585  494 2462 3932  405 1144 5503 3708 1436 2765 5411
 4573 3984 5367 2771 1750 2970 5280 1057 1179 2773  159 3107 4630 5650  330 2645 1674  401 1521 3447 5249 4352 3539  377 3551 4609 1799 2900 4612 6225 2949 2418 1337  432 1439 6529 4193 5347 2018 1154  657 3281 1453 2262 5286  812 2895 5447 5616 4648 6335 2275 5180 5453 4593  532 5860 2526  609 5426 3989 1028 4495 5911 1363 6494 6332 2843 2850  720 6309 4027 2618 3458 1225 2490 3294 6052 2562 3721 2537
 2095 5090 3950  417  204 1880 2504 2547 6353  925 4869 4051 2087 4755 1322 3979 3323  596 4062 5016 4318 3402 3920  248  171 2928 1859 4137 2612 1515 6247 3046 5039 5292 4478 3032 4783  183 3999 5863 1740 3651 5570 2269 2380 4584 1637  124 1424 1911 6161 4942 4751  591 4078  463 6308 1277 1469 3768 3672 4864  512 5170 2971  931 2615 4999 5540 1998 6249 5316 2173  560 1454 4941 4212 4044 5401 5395 6549
 2715  360 2748 2420 3684 3728 4938 5045 2485 6204 4244 2701 1355 2824 4514 4532 5888  633 5528 2031  677 3692 6528 3494 5681 3110 2935 1443 3321 2798 2480 2483 1292 2080 2712 4964 1795 4134 5581 1398 5973 1409 4467 2278 1812 4002 2646 1567 1414 5392  340 3159 5840 4547 2430  162 1638 2791 5657 1904 4500 4262 3664  675 1594 5464 4918 1892  879 2695 6307 1504 6515 5593 5046 6288 3934 1757 5698  648 1325
 6480 4804 2750 6186 6001 2007 5773  695 5225 1505 4818 3022 4689 5040 1115 5082  399 5662 1451 4473 3360  903  878  888 6294 4756  349 1418 1339 5754 1960 1772 2301  946  199 4439  271 2660 2802 1940 4485 3943 3212 2553 4990 3000  896 1811 6550 3851 4642 3301 5361 6188 1673 2780  554 1354 4605  289 3788 1089 4596 4432 5556 2012 3665  613 6203 5027 5009 5940 4116 5075 4502 2029 2879 5287 1184 3079 1236
 4043 3884  944 5969 1630 6042  894 6333 5851 1195  138  404 4761 4857 1849 4298 4465 1380  476 2829 4652 4238 1105 5087 2459 3891 4721 3358  515 2185 3217  198 2694    1 4678 1241   62 1199  332 5417 4988 4764 2522 5797 1821 5051  240 4392 6381 6460 2264 4577 2692 1317 2602 6034 3167 2904 6414 4456  616 3820 1980 5919 1735 2642 3849  592 3004  927 5184 6273 5400 4874 2272 4202 1794 4566 3928 4505 5344
  168 2830 2294 3555 2440 3620 5619 1804 1275 2297 4343 3194  836 5130 6109 6421 6080 1069 2042 5879 4715  799 6135  897 1836 3069 4703 4396 3399   39 1155 3364 4878 2515 3386 1163 6142 1910 1176 3041 1568 5893 4880 6535 1656 1850 1724  398 5568 3594 2365 5329  442 5358 4314 3703 4028 3743  910 1253 3144 5929 5485 4188 2238 4963 6295 2672 4037   76 1238 6311 4279 3978 4326 2657 1498  452 6511  940 3710
 2861 1832 3025 5677  278 2884 3313 3669 3174 1411 1541 3215 5983  246 2406 4367 6490 2663  447 3882 3759 4714 4836 3348 6539 5891 5216 1006 1342 2298 1984  841 2416 5935   94  693 3056   52  482 3122 5705 6108 1685  160 1605 2930 3062  671  433 3693 2344 3423 5383 5259 1805 3396  453 2592 4148 5199 1232 3053 5247 6394 5960 5711 5607 4358 4357 5462 3727  962 4122 4386 5819 2276 1446 4297 4891 3325 6087
 1212 2333  327 6008 2318 2752  546 3942 5348 5757  857 4368 3874 1639  885 1360 1726 5445 5571 4511 5243 3702 5460 3749 3270 2395 6233  665 5385 1023 4417  713 1058 3843 1295 4621  143 4793 3556 4364 4360 5239 3211 5120 4313 4759 1435 5327 3789 6063 1046 6163 1064 5433 1385 2922 6235 1198  622 5599 3054  892 4790 2105 3769 3375 3671 1755 4097 2496 3345  359 4912 1427 5943 4165   20 1296 6552 3357 2391
 4490 4868 3717 3881 5484 6071 3330 6229 3161 2280  718 3466 3883 4056 5201 6316 2068 4828 5295 2897 1060 2036 4534 1700 1707  737 4445 3603 6430 3220 5993 6009  825 1156  548 5003   37 1983 1142 1193 2025 4602 4807 6055 2652 2731  965 5261 1627 3812 5938 4021 5042 4376 4548 5762 2533 3733  823  715  874 4312 4851 2536 6254  485 4549   84 3123 1018  871 4562  556 1383 6214 2090   51 4802 5578  682 3258
 1492 5916 2906 2429 1196 5030 3547 4354  114 2147 1378 4729 2381 4984 1420 6085 2936 4895 5455 3801  428 5981 5032 2804 3868 4819 2558 4022 4504 4907 3945 4195 1912 2092 6282 5948  649 5405 6321 3394   61 3571  412 3609 4136 4935 1863 3405  235 1535 1964 5360 4821 2613 1884 3487   11 5782 1704 3826 3805 2543 1116 5660 5647 2755 2114 4933 1077 5881  842 3320  253 4667  721 6095 2921 1180  203 5709 2844
 4780 2347 1570 1392 4138  563 3578  769 2867 4848 2116 5059 5283 6140 2159  457 2099 2053 1254  495 3922 6201 1160 4516 3206 3543 3816 5454 4156 5094 6440 1607  689 4289  924 4220 4222 4737 4841 4626  614 4049 3489 1047 6350 5486 6177 3589 3181 6002 6352 4458 2678  475 2926 3734 1771  788 3659 4559 4079  636 1182  421 6138 3574 5369 3506 5950 4732 2937 3188  116 3611 4020   40 1732 2073 2161 4254 3028
 1472 1598 3925 2636 5438 4846 6439 5629 4066  684 1312 6011 3287  963 1743 2603 5653 5542  663 3223 4139  635 1255 6545  553 1438 3740 6159 4099 1819 2777 5785 6134 6181  520 1689 5511 4817  939 5986 2287 2366 2325 3048 5423 5467 5713 5425 1442 4698 5794 3462 3424 6111 1053 1234 6136 1090 3331 2892 1161 3017 5700  448 1061 3737  652 5144 1888 2669 1353 5070  267 2227  357 6303 2311  567 4329 6292   33
 1037 3165 2792 4453  706 6041 5979 5408 5750 5108 6524 3809 5473 2981  232 4025 4936 3183 5642 4258 2560 2976 5835 3966  182 3926  623 1860 5281 2874 3602 1071 5198 1835 2588 4292 1008 4219 4797 2349 1481 5592 5136   30 3427 6407 2484 1431   55   26   57 6527 6082 2670 1243 4414 1738 5631 1298 2690 4106 6531 3096 3200  429 1084  154 5471 1384 4902 5864 4866 1561 2673 5317 1308 3276  617 2108 5472 1379
 2601 4501 4273 1606 6397 3397 5364 5957  500 5323 2583 4975   71 1035 4592 6450 5113  872 1151  483 1372 1958 2617 1891 1728 1809  287 3514 5603 2102 4781 3513 4340 3674 1965 2697 5257 1012 4124 3833 2177 4655 3205 4035 4118 5821 5878 4785 6305  108  768 3625  890 5799 5308  308 4069 2328  243 2124 1652 4541 1042  511 1001 1766 1711 3667 6300 2376 6390 6466 4598 6398 3291 6250 2098 5302 2469  703 5359
 5695 5195  710 2306 3280  333 5535 1796 5019 3629 2580  763 5158  603 5084 4211 4110 5311 4014 2279 3049 4072 5696 1120 5233 4162 3753 4610 1713 6517 3370 6521 4608 2011 3828 5299  756 1011 1621 2978  381 5440  525 1102  993  514 2247 6231  324 4906 2622 3856 4424 2175 3377 3117 4639 2447 5350 5740 6199 3418 2242 2066 4146 5497 5436 5586  144 1831 1000  408 6383 6373  771 2818 1586 1305  687 3103 4813
 6330 3136 5968  176 2534 1696 5832 6043 1483  212 5172 3606 5699 5242 5318 5389 1775 3354 1437 4537 3116 6541 1628 5356  419 1633 2520 5250 5043 1925 3319 3303 5193 2864  845 4632 1138 4677 1725 6018 1493 1693 3011 5011 2707 6215 4928  351 6128 3962 2766 3064  372   82 4594 2827  519 1938 3814  391 4241  555 1038 5876 2260 6510 5378 3488 1111  777 4331 3082 3406 1415  662 5537 5012 3819 4264 2135 2914
 5949 1703 3240 3469 1508 5303 1216 3510 5097 6388 1330 4252 2195  911 5672 5830 2951 1654 6412 1509 1118 6096 2746 4184 3468 4301 4114  461 6382 5507 2142 4060 1778 4253 4267 3524 6447  506 3960 4379  751 1817  458  499 4004 3570 4899  797  179 3715 2218 3653 4744  175 2506 6102 1532 1972 1667 4651 2252  838 2576  536 5434 6502 5633 4012 4325 5064 4243 5823 2868 4624 3140 6230 2335  291 4206   74 1054
 4637 5594 1845 1219 6378 1403 2577 4268  690 3492 1164 5887 1770 2076 5260 2513 4512 2475  584 5256 3648 3084   65  358 2041 3102 6192 1851 4452 4686 1688 1861 6083 4661 4371  136 2425 2564 1582 5153 2482 5265 4926 4950 2310 5465 4552 5063 2939 1525 3623 1632 3947 6125 5107 3636 2067 4597 2183 4271 1708 2412 4825 3904 4335  178 5061 1918 1274 4032   49 3676 3329 4442 1185  316 5741 5751 1588 3235 6534
 2468 3656 5095 5414 3470  102 6291 1104 1881 5847 5912  942 1631  504 1828 4132 5792  167 4168 1867 5449 1875  858 6143 5404 4460 2140 2300 3861 5488 4917 2961 2604 5321 3777 1269   44 2367 5111 2034 3362 3956 3005 3775 5214 1935 6000 3393 3171 2487 1153 2779 1034 2051 5481 5206 3149 1827 5397 4410 3744 4636 5263 5354 5015 1237  640  686 1189 3764  361 2614 3773 1445 4994 5468 3586 6171 1013 2123 3246
 6093 4944 3146 3699 5057 4225 3408   22 1208 3847 1834 6075 3308 4631 4787 1197 5014 4961 5399  773 5808  257 2024 1051 5352  153 3516 3798 1903 2877 2320  880 2369 1217  852 2984 2222 3800 3259 5022 2531 4888 4105 2749 6241 4477 5122 2117  581  598 5661  698 6098 2972 5416 4733 6319 3821 6236 2962  765 4993 5638 3339  627 1551 4154 3862 3771 2176 3619 1387 4591 1099  676 6509 4266  227 1599 1529 5766
 5674 2575 5714 1767 3214 2451 2266 1202 2189 4042 4091 6553 1993 4567 3718 2632  843 2064 2540 6520  696 3126  608 3353  701 3810  656 4052 4011 1717 3564 3120 2816 3754 3179 4152 4373 3526  497 6543 2163 1309 3879  386 1808 3250 4978 4434  251 1664 1981 6025 4430 3641 5355 6334 4438 4849 4570 2146 4487  229 6033 3793  304 4966 4972 1452 4995 2741 5101 5561 5610 3622  661 4074 6220  907 2925 1887 2461
 5154  329 5512 3577 2023  574 2062 3760 3658 4164 3998 4234  325 1547 2544  242 1107 4700 5461 1002  218  873 1162   32  817 4997  307 3553 3546 5135 5420  322 3403 3509 4108 2234 1143 5970 3089 6426 2810 3420 3875 6244 5822 5883 3815 1466 1148 5555 3968 5345 6475 5088 4213 5422 5846 6048 1907 2539 4486 1660 2139  200 1135 5745 1087  748  750 3902 3047 3350 2149 1408 5271 6139 5230 5342  837 6341 5669
 3579 3457 5880 5600 6016 2969 3138 1348 1356  245 4983 5942 2028 2491 4937 2666 3410   73 2378 3426 1293 1377  831 5068 5186 2980 1643 6232 6027 1949 4770 4029 4003 2826 6270 6115 1533 3391 4203 5228 2954 1613   17 1560  334 3210 5213 5936 2497 1315 1950 1136 3558 3907 2070 2853  989  934 1578  933 1474 3155 4506 5952 3021 4126 4159 2355 3982 4798 1906 5100 4180 6328 6336 3711 1209 6501 1671  867 4991
 1478  260 5126 3628 1465  814 1500 5872 4834 5156 1716 3057 6428  735 5842 1245  824 1727 2507 5608 4867 2511 5211 2130  691 1311 4904 4361  422 2061 3592 5992 4595 4226 3626 1527 5459 4366  705 3208 4757 3541 5188 1555 2314 6348 2518 2762 3461 6166 5798    3 5424 5736 6187 4083 3974 4717 4058 3141 1691  410 4256 5155 2659  317  441 5371 3645 6119  976 6132 5325  683  914  217 3844 6122 1996 1816  354
 4645  366  950 2883 3412 2083 1853 6477 3228 4779  913 4449 2364 1695 4178 5081 2781 3652 3009 2219 5817 5843 3094 5038 3948 4569 6106  288 5987 3644  826  315  104 3580  967 5634   92 3471 5141 1301 2403 1879 4601  155 2763 1429 2259 5179 3262 2776 3078 2825 3465 4720  798 3880 2677 1602  187 5077 4551 6004 5496 1362 2704 5777 3131 4879 5728 1227 4740 3322 3936 2454 3961 3376 6457 4466  774 5569 4050
 4725 3172 1417 1943 1461 4311 5448 2331 6216 5729 4526 4662 5519 6424 1763 3010 6162 4070 4064  884 4224 2626 5332 1531  739 2372 2232 2358 2789 1130  717 1798 2217  960  830 4214 5870 4095 2590  157  922 1210 2136 5168 2292 2886 1593 3195 6141 5996 5244 3834 3254 2806 4788 2584 3112 6375 4321 4726  425 2680 1635 2841 3604 5116   91 1276 2817 3731 5856 4117 6474 1336 1289 4403 3404 6265  668 6196 2336
  863 3306 4059 4772 2860 1686 5515 4300 6274 6200 4858 6148 6441 3965 5138 3428 2129 5301 4175 5810  319 2635 2565 5658 4886  528 3803 6061  331  984 5413  916 4965 4355 5815 3242 4628 4544  140  415 4611 1440 3890 4687 3072  507 4671 2866 4005 4013 2002 5910  216 3204 1930 1514 3839  709 3209 6054 1549 3367  106  642 2624 2815  513 5771 4568 4812 5533 1457  571 4205 1669 2224 1320  424 1694 1927 6190
 4096 3661 4986 2728 4707 3511 1536 5284 4583 3035 3990 2239 1858 6495  954 5958 3249 2481 5573 2693 1101 1719 4641 1830 6253 4822 4157 1729 6227 6036 4041 3601 4375 2664 1624 3324 2854 2661 5644 3384  509 1471 1076 1909 1306 1041 1399   35 6470 5151 1214 2138  644 5684 6116 4810 3036 5121 5663 4450 1165 2805 2640 1459 5627   27  694 1614 3361 1359 3132 2489 3561 5934 2744 1400 4556 2488 6418 5451 1290
 1272 2120 5795  222 3832 2088  487 2918  573 3042 2443 5611 5007 2316 5580 3442 2289 2747 4901 1550 5343 4248 2619 4383 4778 3143 2720 4112  723 4287 5523 5625 1485 5748 6484 5384 3631 1113 3886  594 2103 1774 3550 6500 5330 1801 3871 5790 2851 3726 2339 1213   56 2505 6032 2111 4722 4702 6280 2141 3704 4571 3723 1562 4540  284 3634 5565 1929 4176 4448  576  685 1822 2545  882 5319 4391 1259 1033 5652
 5744 2184 5366 4140 3464 4081 4302 1520 6246 6217  704 3151 2085 3763 1776 3612 4147 4914 2256 5871  988 2055 2363 5641 5885 3986 1681 6110 1194 4346 2402 2559  133 6130  578 6468 2790  918 4921 1986 4835  785 1869 3772 5758 5112 6170 3531 6284  647 2133 4668 1826 1640  113 5854 1052 3486 6073  489 1043 4640 4389  109 1992 4142 3111 4284  205  869 5021 3385  296 1122 3617 4742 5505 6559 2999   85 2872
  402 5298  298 2550 6062 3848 2729 1423 4956 1731 2337 1376 5591 5312 5723 1252 2308 3221 6299 5874 6176 1844 1756 2237 4207  893 4387 4233 5231 5035  306 4061  446 2245 5898  793 6464 4587 4046 4623 1928 3411 1526  472 4420 2305 4952 1434  436 5044 6452 3507 1528 3724 4959 4957 1205 1677 1921 2091 4527 4796 2057 2838 5142 4125 1800  273 3099 2415 6326 1665 6258 3527 5368  252 4218 2188 4840 4024   16
 1497  305  659 1220 3178 6449 4855 5390 3666 1979 2148 2261 5062 3187 2394 5852 5439 5278 1299 1215    8 1088 6205 1684 4443 1870 4579 1866 3413 4838 2889  365 1948 1946 1304 1524 2739  550 2019 4370 4629 5670 3409 5632 3537 6368 4333 2901 6100  781 4758 1682 3015 3312 2441 6338 3888 1676 5267  481 2793 3837 4614 4563    5 5149 5806 5331 5047   97 4773 5217 2323  889 4149 2768 5959 6263 2354 3071 1554
 3076 3766 5841  280 2329 3445 2293 3314 5539  474 3955 1587 1150 2158 2727 4525 5697 6296 4299 3719 3277 3416  670 3650 4351 3977 2338 6107 4182 3311 6006 4647 5376  270 1425 3635 3050 3247 5574 3164 5208 1896 3282 2424 3374 1239 4463 1976 4499 4576 4348 1595   69 1190 1316 1152 5923 3256 1171 4706 5294 4350 3295 5333 4447 3751 1608 5648 1470 2530  479 1086   81 5207  728 3265 5326  776 5219 5276 4786
 5098  191 2881 4093 4550 2767 5664 1123 2121 3709 2414 5793 5781 5640 2282 1080 4519 1489 1460 2757 1374 2434  244 6462  859 6180 3973 2944 3829 1346 6151 5514 4425 6099 6101 3885 1876 2913  790 3940  809 1659 4811  932 6557 3346 4696 5615 5118 3317 2235 5706 5855  969 5508 4087 2734   23 2263 3613  997 5678 3224 6072 1651  225 4315 2724 6237 1249 1953 1779 1375 5024  238 3264 3745  363 4092 3774 1178
 5008 1752 4859  587  775 4945  761 1944 3267 4557 3575 3115 2498 2005 3846 1737 3910 3473 4261 3756 3231 6372 1009 1503  309 2181 5803 4633 3983 6069 1449 4508 3359 1584 3985 1575 5712 3599 3535 2244 3480 5469 5811 4433 4455 5902 2891 5495 3498  426 3689 4820 3070 1978  794 2702 4923  734 1340 1565 3630 1167 3105 3429 4201 3296 3877 1788 5945 4862 6279 5375  643 3752 5349 1577  919  829 5134 2165 3690
 5398 2983 4885 3831 2573 4690 1889 2203 2837 3568 1917 6522 5382 6446 3722 6448 3560 1714 2774 3002 2710 2082 5701 5787  722 3894 3169 2408 3128 5069 3108 1318 6374   58 2698 4664 6090 5166  602  590 6278 4507 4345 1501  336 5253 5502 1502  148  427 2027  730 4341  803 5994 1231 4189   48 4805 3610 5365 5476 2599 4019 3065 1947 3707 2742  753 4985 3127  169 2699 2008 6005 3061 3900  729 3369 2581 4196
 1847 2552 4980 5529 2396 3615 2000 2277  392 3614 4174 1386  440 5838 5466  733  565  727 1169 4265 1748 1133 3493 3068 2943 3841 2444 6547 5163 3730 2386 5654 6496 5618 2283 1025 3790 1157 5977 2212 6503 1085 6029  132 2570   78 5055 5526 3857 2611 2563 4309 5427 2404 1705  534 6014 5538  606 2956 4974 3067 6519 3343 4827 3251 4745 2013 2882 4484 1462 5614 5237 4446 2478 1751 1476 1987  214 6432 4384
  451  375 5812 2270 6481 3663 1065 5491 3941 1177 1310 5971   10 4529 1970 1265 1931  766 2059  757 2150 3818 4546  231 6493 3854 5527 4951 1617   93 2593 2847 3201 4553  669 3670 2931 5442 5719 4498  658 1730 3175 1710 2069 6058   21 1350 3066 4795  300 1571 4055 5191 3520 1480 2887 3838 3344 6513 6306  545 5534 3227 5251 5890 6118 2384  945 4973  725 4925 4423 3368 5802 4130 6456 4230 5921 6283  297
 2016 5605 5734 2676  784  370  206 4884 2809 2226 4982 5804 3994 2236 1381 4031 5828 5194 3459 1868 6445  752 3328 3697 3896 3363 3898 6492 2477 5474 4155 1971 5549 5576 6554 2990 4893 4197 4578 4210 3074 1952  901 1645 2647 2049 2714 2788 3485 5065 5939 1914 1644 2579 4464 2422   88  557  588 1813 5066  936  473 2223 2732 5850 5601 4179 1543 2512 3093 3991 2898 3039 2784 3542 5297 4644 2215 2991 1242
 4204 5334 2231  952  610 5590 5833 1211 4943 4657 5849 6019 2186 4090 2911 1646 2081 5078 5223 3342 5820 3767 1029 1919 2436 4251  459 4479 4462 4305 1040 5541 3811 2571 6039 6021 5689 2126 4710 1999 3139 2115 4865 2703 1557  367 2312 3691 3559  796 6504 1369 5102 5379 3878 1810 2910 4682 1132 2128  886 2870  992 3855 2191 5857 6371 1074  369 1351 3467 4054 4065 4459 5915 4775 1825 1620  881 1428  994
  891 6546 4803 2457 6380 6175 2587 4324 1174  549 5150  855 4436 1833 4670  321  808 2950 4763  388 5067 1426 5826 5516 1956  605 1079 5972 4186 6094 3257  368 3830 3176 3845  158 4160 3906 2858 2653 1886 6473 3058 4166 3863  947 6028 5720 4249 5583 1200 4731 4919 5493 1969 2683 6385 3683 5558 2433 1441 1159 5264   31 4528 1908 3738 5693 1183 4934  699 4989 5755  486 2125 4581 1913  660  783  465 4401
 5622 4427 1540 3260 4684 2351 2987 5245 4524 5018 4814 2427 2492 5951  438 1698 1967  949 2730 6469  828 3780 1244 4172 1838 5270  286 5761 3366 2523 5947 5296 2833 1877 1824  492 2052 4743 4406  570 6089  413 2077  564 2761 3627 3688  194 5545 3581  615 5504 5954 2456  302  575  759 3421 2993 4153 3292 6056 5559 2658 5165 4575 3248   79 4699 1706 2668 5086 3387 5724 4683 6384 3431 4538 4613 1463 2775
  714  731 3439 5373 4419 1523   54 1448 6395 4320 1842  977 3783 2862 1702 6208 4954 2528 5210  577 3919 2001 2675 4801 4560 2197 5269 2107  484 4693 4784 3677 3199 5775 1803 3967 6340 5930 2894 6281  821 4119 5099  387 1668 6197 1049 3569 2832 3836 2915 1900  443 1718 2094 5000 6184 1926 2548  285 1622 4121  276 5275 4871 5196  754 3190 4362 6444 3741  165 3909 2916 6223 4881 5025  180 1103 5989 4513
 3298 3088 3007 3166 1920 4915 6455 1857 3735 4145 5722  876 5905 4094  667 2839 3633 6411 1108 4150 3563 6523 4826 4395 2251 1513  810  915 4839 2500 3285 3512 2086 4404 2938 1186 1056 4471 2439 2145 3101 3243 4853 4769 2321 1997 2463 4151 3352 1307 5475 2753 3371 3478  279 4536 5272 2373 3432 5076 2388 2786 1785 5779 4421 1905 5006 6356  516 2460  444   29 2541 6051 4619 1044 5704  343 6068 1486 5780
 2196 2043 1518 2650 4200 4842 5737 3351  928 1410 6209 2578 4946 3373 2846 4850 6331 2863 3479  125 4927 2221  631 6078 5727 1839 1288 3687 6003 1679 5746 4870 4115 2831 5928 3747 2233 5255  164 5452 5904 5649 1806 2923 3827 1324 1206 3309 1749 5914 1260 1228  301 1139 2446 4194 5124  625 6040 2020 4470 3655 6152 5544 5209 1583 5692 4955  679 5268 2207  638  450 1010 6351 1114 4236   46  527 1125 5966
 1050 5975 1248 3822 5554 3897 6245 2932 2716 2751 2620  196 3198 1367 2651 1968 2685 3422  220 5518 3657  819  416  772 2688 6271 1600 5980 4088 4777  966 4543 5083 2065 4363 3786 6556 4829 3293 1897 6256   70 2228 5403 2255  409  909 1683 2205 6112 6126 1124 5703 5900 4113 6488  234 3638 2700 4290 4958 6149  490 1344 5010 1251 4672  539 5161 6123 5282 1787 5374  122 3192 2625 1723 4741 2093 3807 2988
 2050 4133  681  770 4199 6401 2464 5315 1937 1226 3649 1019   14 2046 3597  480 6026 3573 1141  382 4727 5796 3299 4223 3785 5636 2385 3137 1592 2151  589 2178 2479 3548  654 4342 4307 3566 2047 4876 3305  833 4190 4400 4676 2754 1797 5739 5742 1494 2616 4622 2397 4747 4278 2919 2738 1146  233 6358 4949 4654 4377 6433 1846 3755 1129 4752 6020 4830 4603 3332 2633 5839 3705 2393 5735 4310 3893  530 2639