  690 3824 5816 2364 5278 4629 1795 4994 4532 4785 1292 1064  342 4651 4872 2471  254 5674 1450  822 5123 6442 4520 3975 3405 4225 5641 1525 2836 1545  658 6426 4150 6168  428 6307 2294  811 3533 3899 4528  477 3176 3128  615 6349 1287 4504  562 1783 4833 1820 3155 5035 4429 4568   84 5626 5535 2125 1574  420 5316 4436 1819 4170 2886 6287 3284 3219 6316  659 5520 3770  506 1394 3524 3229 5831 3394 4947 4095
 4597 1120 1618 1240 4624 5297 4192 5712 4772 5423 1344 4930 3300  398 2417 5533  187 1033  713 4311 3052 5374  920 6594 2469 2251 6037 5670 1982 5718 1503 2096 2122 2228 3852  660 5208 2902 3727 4246 5092 2790  881 1935 6018 5457 1392 4714  478  324 4227 1908 1036 4254 3900 3835 5691 1872 5985 4903 1242 1885 6590 6185 5556  821 2624 5805 4636 3600 3139  442 4776 1688 4014 2496 5968 2290 1888 5478 3819 2719
 5209 1267 2937 2833 1482 2856  158 4932 3716 3935  691 2113 6250 1161 4433  422 6056 1914 2686 4753 4413 6245 6579 6460 5915 5184 5024 1680 1244  674  446 2154 2489 6362 4966 6013 2770 2016 1605 3402 6069 4575  807  443 2241 6461 2064 1950 5296 1675 5156 2069 2466 3355 5980 3242 2011  749 6581 3448 3501 2774 2318 4370  760 5561 4523 1895 1362 4707 2545 2559 4273 3919 5623 4767 2965 4955 5680  959  297 3329
 1404 2087 4534 3316 2721 2200 3572  294 2194 5018 5704 1282 4721  985 1712  851 6007  434   43 4457 1560 4355  331  878 4298 4666 6634 4276 3341 6178 3307 4512   38 6189 4358 3661  701 6628 4222 1656 3195  814 5569 5102 5576 5232 6321  555 5434 5943 2380  407  211 4219 6355 4969 2593 2929 3245 4942 4445 1138  873 3201 4393 4831 6687 1258 4980 3423 3433 5236 3044  465 4648 5260 4672 3343  460 4563 2378 1678
 1186 2276   53 6314 2254 4207 4871  168 4124 1685 1909 4652 6028 5588 1058 1642 5084 3172 5325 3877 5843 3263 4894 6680 2138  770  153  281 4692  401 4745 1628 1077 1727 1695 3103 5854 5170 5739 3860 6162 4970 3036 5710 4582 2659 4809 4031 6654 6248 4128 4373 3265 2211 4179  269  871 2420 2531  957 4638  377  978  870 1007 3602 5307 5776 2487 2777 4047 5014 5581 5368  569 5095  578 3386 1073 5330 5653 2961
 1251 2109 1499   95 6380 3099 5114 1595 2969 4641 3996 3800 6377 3213 2785 1537 1084 1654 2914 5005 1682 4988  696 3352 2685 5382 5293 1136   23 1373   49 6372 2609 1703 6595 4838 4023 2893 2381 6562 4766 2801 4733 2601 2191 2148 4096 1052 6598 1303 4643 1942  939  386 5600  591 4249 3125 5620 4822 5541  271 5136 5677 4908 3660 3782 4570  693 2430 6575 1466 4214 5784 5679 5071 1075 4113 1817 2248 5138 5919
 5085 4148 5129  514 4679 4094 1290 1378  214  140  773 2292  937 1857  668 2816 4744 3526 3875  832 6334 2973 3962 5073 1423 1440 3654 3222 5218 6134 2127 2740 3521 2212 3049 3593 4220 5394  266 4542 3124 2741 2565 6519 1983 6171 3305 5221 5021 5130 1562 1105 5858 4067 4514 4088 4627 5830 4983 5031 4843 6091 2080  171 4878 5593 1513 5483  383  190  681 4044 3796 3781  526 3921 4887 4770 3784 2320 2226 6231
  757 5333 1031 3509 1314 4278 1156  940 2807 6310 5326  781 3171 1060    7 4499 3259 2235 5087 2403 6040  624 6011 5332 5902  537 6019 1548 5745 6227   37  345 2673  205 4839 4086  303 4693 6261 3217 1847 2681 3237 1400 5571 5862  670 5108 5463 1877 3157 4698  991 5270 3742 4765 3137 4314 1143 6566 2667 3422 3468 6205 6605  947 2646 1845 5624 1981 4480 4543 3315 1709 1006 4738 6694 2571 4252 1633 1739 6229
 2528 5701 5498 5244  585 2529  783  664 3370 1879 5646 1346 5524 4485 1873 1953   25 1718 5185  319 5551 5228 4084  547 3658 5456 4510  409  867 3111  863 4432  571 5094 3931 2613 6682  639 3653 2030 5428 6354 3150 3845 3904 1657 4343 1100 5029 2506 1315  621 6302 2067 3026 3129  614 6515  279 1032 2677 5476 3276 5252 5340 6576 5321 5705  875 2105 3891 1674 3932 3955 4742 1028 5905 6600 4289 6459 5471 2176
  243 4376 3134 2059 2028  849 5765 1001 4985 4422 4316 3085 5904 2092 5896 4688 4697 4201 4306 6279 5668 5481  737 2293 5870 2350 5912 3738 4027 4234 5257 3569   26 3528 4748 1776 3749  174 3547 5288 5708 2072  645 6166 4330 5552 1860  145  265  751 2514 4424 5730 2843 6555 3035  542 3184 3734   35 1444 2522 1606 4169  184   59 5621 4105 5315 5958 6188 2594 6601 2525 4705 5216  369 5672 2271 1403  183  627
 3951 5002 1523 5214 2619 4683 2610 5755 2539  638 1855 4431 1504 4230 5306 4621 3419 3145 3536 3866 3413 5007 2461  879 3618 6038 1898 6553  954 5219 5942 5226 2570 5890 1300  250  635 4771 2023 5876 6267 5752 2177 4884 2190 1863 6399 4243 6511 3756 4589 5798 2187 5967 1608 2443 1842 2846 3347 5013 1566 3823   77 5070  261 4406 1142 1871 3332    1 5790  403 1625 1535 3714 1814 5996  162 2952 6586 1704 1243
  587 1380  150 3956 3286 4347 5814 1349 2672 5078 5346  685  694 5756  188 3686 5334 3855 6447 5717 5522 4427 4401 6143  315 3144  426 1087 1434 5900 4973 3002 4134 2262 1309 5540 2415 1921 4473 6258 5725 2837 5531  535 2015   72 2044  723 5935 6411 3730 3126 5965 2335 4859  385 6052 2107 3038 2372 2980 4104 4152 1048 5853 1089 5940  962 2008 6061  839 3939  414 5247 6365  595 6503 5860 1990 3703 1467 3396
 1673 6474 3344 5451 3990 2788 2564 6491 4814 3391 4060  388 6201 5246 2562 2691 5542  373 5414 5047 6660 2724  808 2568  125 4103 2648  540 2976   73 3445 1954 5707 4596 1096 3898 2429 2328 3123 1490 1676  602 2611 5923 6417 1510 3029 6023 3353 2158 4154 1389 5345 4522 2658 2043  182 4991 1117 6522 6500 5254 2756 5157 6673 2604 2947 3331  866 5911 4659 2840 1547 4965 4808 4226 2998  363  510 5452 2763  575
 1464 5103 1236 1670 5636  793 2692  165 5255  192 4986 4779 1145 6423 6496 4114 5910 2111 4108 2058 4723 5607 4242 3398 4452 2310 5454  392 5649  201 3630  666 4880 3143 1135 1268  495 5455 4258 3095 1581 4132  884 3096 1301 3982 3983 1866  375 5189  101 5856 4703 6232   39 2912 4551 4244 5403 4212 6561 2555 6436 3577 6257 4769 4537 1742  439 3231 1471 5271 3831 3638 4574 3971 3100 3566 1940 2695   47 6086
 4812  922 3666 5224 1840  445 6544 3162  290  855 3949 6167 5037 2312 1066 5697 2605 3820 4601 3317 1964 4549  977 4268  300 4007 1969 2744  312 4959 5806 2861 5450 5155 2263 6121  295 3846 2048 5459 5897  703 2464 4274  594 6482 6001 6389 5999 4535 6582 5327 1645 1127  779 5507 2640 3607   82 3773 2437 5775 3609 4625 4656   32  170  255  815  852 2910 5769 5309 5284 1582 1808 2383 5248 3119 3083 4792 5121
 5804 5508 4403 1766  381 6705 2088 1111 5187 4664  252 5169  111 5438 3576 2134 5861 2245 6203 2024 6022 2985 2399 5895 2778 2272 1370 2867 1970  967 1621 4409 6047 2146 3594 1428 4640 3777   93 5963 1929 5811 1699  454 3003 1750 2798  405 1505 6312 3627 5080 1603 5526 2207  579 2674 4545 2745 6098 4691 3901 2224 3580 4354 5207 5068 2397 1123 6520 3791 1252 1812  682 2179 5468 4573 3775 3973 5109 3850 5973
 3809 1915 3482 5163  787 2997 3812 6082 3604 2519 4642 3278 3051 1830  721 4623 3848  154   45 6112 5053 2073  267 6138 5516 3523  801 2246  216 4763 1489 2885 4944  311 4098 1248 1904 2375 6717 3920  508 4037 2732 6477 2992 5461 3170 1875 5289 6220 4117 4442 1834 5891 5874 1902   60  734 5530 5406 5612 6122 3735 2311 5079 1500 4156 5547  791 6207 1698 3579 5195 6199 3623 1298 3475 3230  181  622 3008 5045
 5826 3375  763 1619 6113 5341 4069 3426 6154 2163 4394 6676 5834 2688 1989 3040 4206    6  915 3998 2160 6434  423 2126 2006 4158 6527 3178 6693 3021 4797 6106  229  727 6358 5499 5587 1599 4890 4346 3378 4622 2669 5300 1876 6163 1731  933 6315 1366 2971 2730 4471 6328   79  661 2229 4984 6092 2343 1544 4706 1610 3333 1644 6674 1622 6504 1068 2112 1580  941 1724 3889  652 6363  222   81 3570 4312 2000 2874
 3517 1274 4404 2972 1470 6627 4613   31 4675 3968 2454 2166 2962 6420 3695 4166 5237 4556 2943 2239 3112 6487 3829 5412 5353 2301 3127 6422 3551 5050 1767 3610 1572 5470 3492 4774 4301 4830 3718  175  646 6347 6533  121 4101   11 6337 4699 5124 6072  195 5678 5171 4447 1004  992 2321 4731  280  127 1302  130  970 2304  496 5727  126 2005 6691  306 3268 2159 6149 3755 1773 4189 2068 2854 2733 4418 3762 4861
 2599 2687 3299 1880 4958 6128 1754 1197 1202 1167 5253 2332 3406 5855 5421 1573 5689 2395 3248 2197 3592 3314 4057  841 3728 1974  421 1343 6719 5230 6202 2988 2135 3827 3597 3717 6592 3009 6139 6669 3515 4909 6644 5223 3253 6710 3013 3490 5924  647 2071 3280 5372   41  456 5304 4106 2257 2549 5633 3221 2047 5117 2852 5619  372 3136 2298 2215 5149 1567  489 1555 5946 1526  563 1351 4462 1585 2204 5440 2280
 4974 2666 4361 4490 3740  931 1418 2509 4379 6409 2426  576 3319 2025 4689  218 2371 3926 1250 3895 5162 1334 2830 5984 4999 6700 2319 2923 2815 5664 4821 1324 5793 1738 4045 5824 4232  632 1137 5182 1920 6448 2876 1169 5180 5574 3017  511 4253 1867 1354 4660 1000 2053  379 4396 3790 4743 5089 3006 5773 4202 1056 4922 4363 5448 2132 1207 1146  516  264 2945 2452  484 6183 3543 6711 6513 2365 4968 3659 5558
 1046 6352 4824 6223 5688 3461 2282 6237 2192 1183   52 6144 1707 5398  247 2983 3160 4525 3027  948 2018  736 5929 2645 1209 4940 2507 4367  824 4141 5532 5657  908 1991 5328 1212 4215 1131 5198 1180 4667 2250 5951 3897 3244 5849 1170 5272 5875 2407 2338 1976 6063  239 2252 1520 1568 3844 4046 2776 5497  413 3364   76 6191 5200 5737 4918 4304 4533 5512 1043 5190 3732  468 1836 3917 1174 5560 1498 6078 2933
 4653 5383 2711 2683 2859 1405 5931 5267 3797 3843 4911 5335 6065 3811  862 4364 2475 6160 3485  885 1928  828 2230  219  317 6652  557  124 1932   64  361 2494 1050 2424 3323 2699 5836 3991 2587 1851 2504 1016 5528 4851 3306 6186 1345 5396  900  376 5732  554 6096 4818 5077 1408 4799 4065 4832 4694  608 6384 2289 6108 1175 4761 4962 1524 4032 1592 6295 6656 2656 2857 4302 6305 4208 3065 2467 3039 2636 5969
 3942 3961 5709 4035 3121 6547 1779 4900 4905 6718  583 1281 5652  483 4628 6254 2660 1726 6089 6187 2036  103 1913 3069   85 4847 5578 6317 3640 1539 6000 3293 5205 2203 5907 1591  141 3205  968  515  854 5914 4856 6221 4182 6256  238  830 3684 2303 6181 3792 1894 6407 4474 5357 3141 3788 1430 3277 3943 1821 2742  384 5145 4804  776  644 5760 6490 2242  765 1188 5555 1438 4577 1516 2341 1022 1966 3208 3004
 5887 6170 1635 5908 5952  352 1887 2046 5159  636 6497 4076 6402  208 6485 6133 1035 1506 1854 5970 4867 1163 2752 2110 5610 6071 3731 5364 3512  805 5280 5066 3656 1269 3862 2761 5192 1905 2081 1191 1906 5949 1744 4663 5800 3491 1088 2647  475 1211  982 1308 2550 2482 1517 6633 5445 5693  143 1963 5948 2996 1216  451 3724 3350 4075 1532  408 4938  105 6510 5611 5075 2060 1949  360 6476 3269 4085 3980 5871
 1596 4122 3793  249  706 6709 5974 6311 4893 1782 5603 1659 2026 5442 5715 4236 5987 5106  698  911 2330  308    3 3783 5947 1785 1843 4068 1667 5883 4411 4724 2936  715 4412  616  741 1761 4160 2249 2196 2219 2065 2810 5852 5355 4726 1899 3518 3075  471 6681 5645 2913 2644 3120  574  351   36 2116 6286 5305 6300 5405 1632 5656 4924 1829 5416 6068 1217 3883 5788 1752  748 3505 6215 4313 4238 4813  276 4030
 5559 3803 6532 5553  291 4151 4777 5264 3210 3849 5323 1350 2244 5747 5064 2532  395 3045 4530  336 1011 2157 2231   87 2281 3676 5420 4527 3668 5393 2820  364   83 2614 2591 4881 4588  906 5356 6313 6301 1224 2460 2374 4322 4266 6148 5959 6116  916 3079  404  994 1672 1997 1201 5235 3326 2422 6271 6277   21 4241 4402  838 2592 1422  903 4602 2898 2942  199 6292 5152 6255  945 3934  709 6060 5409 3110 5313
 2762 1026 5148 3871 3767  329  705 1420   54 1579 2416 5350 5878 1474 1728 2094 3403 6239  512 4466 4848 6306 3414 1419   50 2751 1333 2817 4863 4492 1457 2932 2291 6468 2474 6044 5489 6650 3393 5572  671 3605 6190  417 4836 3540 4293 4529 5597 3886 5538 6146 6529 1441 5147 3892 6494   99 4013   58 3747 2286 1624 4093 5822 1151 2034 4439 4677  966 4426 4685 2588 6299 2637 2668 3506 3288 1939 2455  268 3922
 6179  633 3882 1868 6440 4476 2620 4555 6303 6646  847 4498 2205 2329 2297  842 1401 6308 5741 4350  833 1664 4073 1040 6638 2862 5744  725 5161 2162 4508  677 5917 6099 6548 6613 3028  756  834 2671 5242 2554 2398 1479 4475 3254 5743 3484 3385  325 6385 4229   90 2694 3169 4070 4416 3092 2431 4840 3446 4654  163 4604 5342 5859  845 2526 1121 4140 1469 1583  566 3234 5807 3474 1285 3337 6658  251 4175  458
  155 2748 5134 1462 3772 2423 2078 1883 1797 4290 4897 5217 3381  226 5514   24 3149 6554  786 5671 5944 3651 4806 2750 3726 5140 2822 3189 6648 3785 2546 2968 1689 4990 1101 5954 5004 4231 2792  119  133 1604 1684 6416 1414 6164 3743 5096 2678 4964 1540 3048 1494 5019  305 3683 3182 1235 1571 2530 1415 2314 1493 4248 6406 4168 1241 5401  344 1291 6030 4665 5615 6524 4791 2359 1185 6114  560 6631 4608 5803
 2834 6361 1057 4144 1459 3223 3255  178 1601  610 1965 6716 5379 4228  232  750  492  680 4269 2456 6351  944 5749 3007 3774 1437 6464 3498 5695 3948 3545 4410 6473 4646 5729 3542 3650  619  374 3697 6545 3865   71 2315 1009 2131 1402 2457 2361 6058 5563 4405 1620 3068 4844 2881 5618 5359 2736 6535 4453 4138   68 4353  687 6247 4458 2500 6429 3986 2789 4673  436 1341 3185 3408 4992 2700 5150 3072 3073 3303
 4146 2074   75 4012  825 6664 2438  503 2693 6394 6612 1910 4800 4017 4126 3556 3612 1638 2597 5714 5201 5046 4002 4478 4996 3970 2185 6262 4607 1837 2631 1369  607 4853 3954 4517 6103 2075 5945 5176  235 1436 1015 1652 1426 1359 4674 3930 1262  827  504 2799  464  402 5518 4125 3188 4181 1476 2753 2477 5748 6368 1356 4275 3662  359 5936 5829 6720 5802  248  744 4407 4546 5402 1551  717 5203 3624 3218 6087
 2302 4109 4317 1607 4178 4052 6443 5193 5276  731 5703 4875  529 1013 5344 4981  160 4357 3664 6064 6428 4277 4111 5233 2664 3190  611   18  818 4576 1214 4009 1311 3894 5281 6444 5777 5673  224 6617  800 3200 3634 3856 2268  774 4505 4435 2966 5074  589 2042 2168 5275  986  561 3273 6323 2193 1198 5796  438 5545 1427 1128  212 3179 3978 5825 5116 6455 6345 3596  431 2626 1772 5443 4915 2181 2445  473 3011
 4221 5763 2705 2236 4882   94  861 2606 4328 1446  348 2446 2440 6340 2548 3842 6386 4184 1257 3046 4451 4190 2698 4680 6193 2316  597 2256 2903 4081 1042 6041 3896 1199 2821 2264 4540  240  738 3098 2921 4713 4326 3104  447 4063 4686 4682 6272  775 3729 3453  355 6683 2170 6714 5684 6526 5385 3022   88 3873 3050 3680 3938  981 2749 4929 1487 5042 5410 6540 3251  412 4415 3965 1861  209 5475 3459 2884 6094
 3779 3047  704  552 1627 4147 5687 3105 4223   80  601 1755 1237 2052  371 5015 2307 1874 4467 2941 5833 4341 3487 5927 5091  393 2326 3628 2038 6161 5625  755 3058 6580  592 1631 1600 4450 3987 5135 2491 6270 3678 2702 2518   65 1815 4950 1485 3562 3588 6318  702 3582 4423 4129 6647 3274 4511 2573 6699 1737 6214 4131 3467 1196 4438 2616 6031 1668 3454 3252   30 2911 6320 1047 6438 4593 6382 3704 2722 5183
 2679  134 2768 3434 6100 4948 5728 5525 1522 4891 3077 1435  761 2167 4954 2017 4917 1384 1937 4936  603 1700  777  343  792 5060 6567  570 5682  418  221 2129 5058 5863  892 5838 4395  927 6182 3709  419 1869 1085 5686 6217 1112 3395 4194 2097 5279 2218 2765 5913 1002 5562 4503 1844  746 1114 5627 6493 1363 6145 4807 3359  462 4976 5586 6400 4720 4972 3417 5505 6083 2851 5602 1768 4167 4443  164 4305 2450
 5133 6603 2373 1245 6298 2013 2145 5197  206 4295 6604 6296 3776 6696 2986 6077 2222  604 6419 3164 3544  263 1732 4097 6115 1800 5093 4434 5338 1827  740 5056 4062  485 3102 2955 1027 4879 6236  665 4842 1277 2987 4021  122 5433 5265  631 1154 3256 2689 4054 6097  951  244 3499 6095 6324 6339 1337  245 4907 5529  684  556 2313 2033 1760 6445 2909 1116  217 2812 4557 5049 2100 3910 5764 1072 6243 5043   42
 6653  669 6722 3513 3325 4507 2449 5546  522 4805 4203 5446 3514 5990  236 5495 1967 1799 5474 1338 1846  780 4618 2331 2993 5294 1388 6338 1556 5012 4337 5643 2764 4092 2214  580 2630 1486 3192 4700 4759  626 2120 1536 4661 4670  742 4325 3368 2317 2639 3311 1118 3177 2908 1793 5515 2956 2704 5757 1203 1107 2238 4916 1570 5609 5299 4008 2392 3243 3464 1246 3861 3418 4712 3814  544 4157 5884 3745 6558 3768
 5348  650 2387 3480 5231 5892 6679 2576  817 3519 2889 4701 2824 1283 2266 4308 3696  320 1612 5832 3874 4336 4892 3496 4725 2535  340 4696 2590 4348 3705  301 4649 2385 5439 3493  507 6036 2959 3649 3799 6051 5659 6341 2612 4055 3972 1746 4762  488 4569 2501 5154 6003  963 1223 6435 1922 2589 5906 3851 2136 4934 4486  432  203 5604 1194 4172 3589 4488 4288  688 5142 5605 4213 2617 3348  227  728  287 1478
 2735 2389 2653 4186 2920 4374 3826  258 4715 2995 6698 1442 3335 5663 5669 1804 3675 6501  138 1463 4895  826 4559 5599 4233 2625 2781 6029  983  802 4920 3425 4239 1069 1809 1229 1286 2581 1519  347 1173 1227 1374 3876 6396 5567 4165 2408 5716 2527 5311 5493 5681  642 3330 2149 3813 1193 1543 3432 1385 6035 4735 2021 2544 6640 1361 3488 3447  494 1521 6645 4796 6147 3469 3281 3397 4845 6686 4209 2786 5582
 2478  548 1671 1881  185   40 1448 5972 4794 2578 5628 2524 5262 3147 5076 2717 1181 5573 1602 2516 4684 5122 2957 2086  581 2055 3000 2384 2517 4795 4391 6218 1108 4177 5349 1865 6630 3472 3733 5408 3571 4390 2863 3673 1063 2463 3863 5141 4460 6397 1275 2684 1238 1696 5926 5993 2476 4257 6662 5177 1083 1961 3766 3527 2164 3655  415 2869 5310 4444 5534 3657 2567 1153 5521 4050 2984 3132 4174  766 4868 3504
 6342 6129  917 2435 3371 5694 4889 6457 5817 5082 6569 5191   12 6629 6021 2839 1253 5511 6387  686  995 1791 3239 1330 3531 6602 4946 5188 6441  868 1542 1745 1347  998 1443 3752 2150 5635 1335 3032  467 1941 4080 1554  278  649 2062 6260 3578 2924 5939  894  179 5436 2459 2927 6152 2729 5062  950 4630  596 2547  739 4610 3699  930 5662 4388 3407 2451 5851 6403 1740 1992 4286  112 1597 5413 6610  573 4828
 2425 1806 5258 1256 4087 2586 2484 6467 5753 2349 6470  925 3321 1461 2649 6238 2247    8 6556 5273 3061 1706 2766 6395 1775 1325  772  692 3761 2448 6661 5570 1565 6076 2182  357 6176 2795  893 2333 5857 5938 6319 5324 2066  699 4420 4090  643 1893 2870 3279 4365 4982 3833 2931 1897 3449 4509  106 6391 1339 3816 2633 3014 4722 6325 3672 3478 5444 3361 2233 3964   96 4603 4592 3887 1390 2118   33 5041 5175
  810 6062 4687 4669  180  714 5458 1849 5376  225 6136 6410 4874 1648  474 4647 2279 5591 5774 2949  667 6723 1079 1219 1778 3631 4931 4421 5274 5158 2806 4294 1734 6211 2327 2899 3107 6073 5360 6495 5422 5837 3590 3989  159 4819 4058 4469 1586  272 3122  961 5598 3180  857 6360 3603 6449 4261 4091 2377  144  370 3614  609  850 4115 2696  882 1701  613 3644 1091 6721 2951 6724 5220 1358 2356 2093 4130 1784
 2353 3094  743 3489    2 4039 2041  472 3309 2919 2953 4392 1917 2325 2963 4279 5415 5812  934 5500 1102 1095  391 4817 4338 4605 1593 4716 1005 1590 5850  172 1823 5245 4191 4515 5467 5629 6507 1034 6242  330 4303 3853 6357 3294 3702  274  769 2964 1059 5431 5601 2082  708 4977 4164 3473 3228 3298 4544 3117 2007 3715 1710  559 3708 4351 1062 6585 3915 6525 5813 5343 5506  943 6475 6034 4256 1041 5404 2367
  380 6322  491 4251 4860 3308 3530 3976 5179 6432 3525 6695 3302  795 6057 1480 3483 4237 6234 3780 4921 2577 6123 1926 2133  856 2828 2566 1416 2140 5647  220 4149 4928 4971 2240 3539  794 1803 1825 4408  662 5320 1313 4059 2723 4185 1753 2453 2878 5637 5666 1512 4571 4639 5731  193 6290 5329  896 4565  356 1190 3647 3451 3420 1234 1206 5312 2345 4728 2270  533 1558 1103 6672 6588 1796 3529 6195 3674 4216
  151 1655 6537 3837 4939 2056  286 4297 1758 3362 3694 4837 2077 5698 3224 1472 1763  275 3698  123 3212 3404 3471  673  790 4727 3622 4717 3552 5107 3354 6713 4899 3392 6222 3559 5435 2809  872  718 2583 4678 6388 3573  213 2643 5886 5308 5847 4171 4464  152 3847 1070 4056 2382 5165 4110 5783 4136 5713 3988 3334 3450 6572 1818 1454 2892 4456 4494  528  754 5419 2978 1481 6107 4461 6326 1985 1189 1994  890
 3374 6074  543   17 2019 4366 3227 5449  173 6043 4910 1080  813 1166 4786 3553  859 1164 2061 4000  368 6512 5437 5761 3878 4927 4904 3652 4327 3933 3266 5864 3629  796 6707 5865 6348 3759 3005  971  935 6070 4783  293 5377 4746 1502 2402  672 6458 6331 4369 3168  974 3665 4078 6197 2095 1306 6369 1998 6269 5661 2225 1289  823 6424 2406 5579 1195 2308 6014  114 1584 2708 1299  980 1221 6104 2916 4578  654
  498 3097 3042 6155 3502 2865 3443 4371 1357 2287 3194 3884 3204 2175 3916 5026 3946  729  253 6381 1952 2084 5650 5131 4967 3438 6140 6463 3822 3909 5592 5336 1187 1200  157 5283 5282  549 5991   66 3945 3401 3841 2209 1271 3257   10 4260 3365 3564 3681 1391 6283 3741 2347  260  518 5898 4155 1743 3084 1639  762 1371 2284 6049 4658 4153 5486 2958 3001 1455 2171 4815 3881 5051 6701 3421 4668 4541 6413  499
 2340 2523 5596 4482 5044 3384 3427 3270 4430 4386  618  115 5000 2813 4644 2085 1564  470 4291 2994 1711 4655 6101 6016 2787 5322 4732 4538 2888 6471 2020  886 6291 3510 3754 3089 3555  910  590 2868 6251 2152 1938 3808 6282  909 4552 6452 2366 5167 2355 4865 1649 4335 3685 6465 6084   91 1458 3721 2690 6685 4199 3520 3264  147 3587  149 3617  656 2063 4470 5057 2728  482  630 1831   57 2309 4949 6263 5617
 4747 5979 1124 1853 2680  905 2782 5723 1020 2615 2172 4681 1232 2202 4741 6488  577 6175 6651  936  641 5261  812 2773 5358  406 1946 6120 4287 3247 5594 3198 3789 5292 2104 1012 4501 2165 1205 3613 6142 4024 5696  953 2542 1429 3807 1651 1557 3240 5337 5868 2935 2907 1692 2376 2510 2654 3839 3598 5565 6624 4331 5719 2180 5229 4309 5086  453 3794 6430 3435 5631 1377 3928  350 2433 6066 3074 2775 2860  712
 6184 3818 6284 4768 5845  302 4584  928 5503  299  517 1598 4034 3795 3339 6622 3830  764 2925 6401  745 1749 4827 2223 1140 4001 1833 4040 6153 1687  683  623 3153 5386 2954  876 2720 1951 1839 4449  902 5554 2418  999 6454 6085 6039  625 6204 4344 3893 5767 4454 6174 5977 1892 5387 3923 2950 2232  804 3691  298 5010 2703  984 4606 3864 5036 2844 1930 5549 3346 2421 2169 5389 4784 1577 3080 4300 2979  716
 1611 5509 6105 2206 6616 1475 4547 5797 4217 3146 2117 3158 3151  396 1747 2877 4710 1178 1473 6469 2538 1453 3963 4789 2657 1650 4612 3550 1629 6042  584 4399 5736 6671 2709 2780 5568 5575 3064  304 2481 5711  191 3291 2829 3568 1019 4662 4272 4299 1265 3646 5371  972 3271 2726 4751  231 1646  323 2710 2351 5487  987 4650 5303  843 6264 6670 2198 1735 3601 3522 2098 5801 3431 6376 1789 3167 1923 5566 3950
 2558 2405 3641 3736 1681 4519 4259 6551 2299 3324 4616 5786 5548 1569 4585 3424 6584 3043 4271 4195 1018 5634 2635 4850 6297   61 2368 1623 1984 5994 2797 2470 3967 1609 3290 5690 5877 6032 3458 5033 5204 4952 2285 5971 6481 1247  230 4963 1757 5740 4637  955 1312 6433 3748 1841 5964 1295  657 4781  509 5642 1903 3462  461 4142 6539 5821 3108  334 3152  177 2676  586   56 1328  389 2444 4615 2926 1956 1765
 6378 4006  964 1104 1786 1365 6518 6483 5146 1798 2495 2783  444 2759 4265 1260 3595 6390 6046 4935 1626 5955 3608 4919 1805 5238 4400 2508 4854 6534 6131 2622 2982 6466 1916 1719 3415 4816 6224 5616   15 2596 2188 3235 4657 3163 6088 4250 3979 4372 6093 2106 1132 6425 3700 3621 2537 5112 1661 2090  803 1933  534 4135 4123 3340  700 4018 1134  564 3567  530 1945 5909 4349 2465  108 4026 3367 1663 2441 1177
 3481 1986 5211 4960 6543 1259 2848  747 6546 2123 1264 5241 3455 1919 4590 3787 2663 1977 3879 1575 1824 3211 1781 4756 5835 1714 6055 4127  550 5301 2396 1425 3070  457 2650 1406 5411 3372 4886 1828 6150  837 3535 6010 6606 6244 2838  246  976  341 3619 4360 6609  946 6437 2139 1810  358 3067 2520 4082 6626 3016 2278 5492 4255 3366 1722 3503 1691 5630 4036 4912 1456 2725  450 6024 6213 1065  598 6329 6499
  759 1396 6216 3034 4997 5243 3062 3870 2300 3336 1729 2999 1044 6486 6583 1716 5882 1433 3297 2101 5988 4210 5194 4778 2492 3760 3025 4709  679 3885 6597 1697 3786 2641  198 1382 1113 2712 4775 6398 2579  887 5178 2595 2940 4159 2960 2010   34 3534 1508 3086 6309 4028 4019 3196 1496 4953 4564 3960 2337 5613 5424    9  990 2897 5234 4247 5099 2627 5675 3312 5181  137 2887 1890 3561 3575 1263   27 6462 5781
 3908 2989 2715 1838 2174 6404 6293 3999  599 4553 1492  929 4913 3186 4925   14 4739 5734 5295 2103  118 1756 5501 4038 6252 3888 6623 3615 3953 1297 4951 6335 1110 4750 4446 5365 3639 6663 3292  732 2210 2632 6655 2336 2502 2277 3416 4841 1226 4595 1014   48 5392 2738 2948 3202   28 4757 3667 4378 3379 6542 5432 1549 1008 3719 3140 3537 1677  758 1149 2536 6006 4465 5595  354 2274 2288 2027 1144 6607 2551
 5700  539 5733 5956  256 3320 6564 4632 2393  829 3538  394 5206 5160 6570 3056 5069 4345 6618  109 2147 4484 3532 2220 6364 4267 1327 2905 6619  259 1322 6050 6228 6288 6375  558  399 2217 2161 1367 6075 1319 5016  720 1911 1353  349 5658 2352 3907 2029 1541 4926 2485 3388 4481 3116 1452 4825 4496  919 5268 4053 2974 1294 4003  136 3101 3285 4118 2746 5100 1412 5491 4323 2841 3345 1393 6637 5550 2237 1024
 6421 6196 1379 5589 2718 2273 5263 6053 1852 5608 2039 3902 2151 3710 2890 1340 2574 5466 4397 1971 3410  913 1348 4702 5317 1527  310 5453 5519 3764 5172 2051 3924 2670  102 2253  640 2655 6266  273 1329  104 3207 5789 4945 1944 3019 2275  531 3688 6704 4500  965 5314 6668 4264 4998 5978 5866  767 5105 3342  883 2227  895 2128 3690 1957 6126 3941 4479  487 4902  689 6173 3191 1665 5120 5818 2121 4099 1771
 2199 2490 5361 2802  898 2342 2156 3465  321 2208  695 6509 3055  809 1331 1832 2769 6451 6587 3682 2582 1588 6456 5513 1488 5388 2847 6521 5097 3310 2183 5397 2358 1550  877 5885 1641 6327  433 4139 5702 4240 3439 4180 1762 3739 3159 3452 5139 2022 3109 3912 2155 1788 4197 2243 3024  565 5063  481 5941 5318 6356 5580  835 5363 4368  282  730 2661 1368 5899  752 4074 4010 4472  958 4978 3744 6531 5417 3175
 4633 1230 1039 1468 4043  502 2189 1126 3981 4536 4787  527 2560 5724  167 6048 3737 6563 5488 6530 5065 2001 4740 1147 5494 5496 1017 5844  710 2259 5925 6484 3906 6249 1439  430 2369 5751 4320 5286 4077 3549  338 5111 5655 1342 2512 4671 3214 3959 2600  938 6194 5982 3723   29  223   16 3187 2306 6172 5639  973 1713 4072 3173 6137 5227  411 2346 2428 4862 2557 6715 1748 5799 1912 3383  899 5791  148 1184
  382 1495 6177 4119 5557 1139 3289 3635 2967 4885 1501  788 3037   89 6643 5544 1208 6536 4933  924 2598 6405 2858 1372 2970 6517 4835 4334   67 2928 4281 3722 5256 3918 2002 4888 2324 5249 3560 3854 4580 1947 4380 1662   13 3142 3133 4051 2362 3832 2323 3611 3053 5032 4245 4459 6621 5667 2473 2483   74 4598 3746 4196 5380 3441 5186 2040 1683 4187  735 3805 6265 2493 1266 5250  724 2628 4993 1891 3161  128
 2946 2618 4730  634  367 1705 1158 5510 1424 5125 5110 2541  215 2675 2261 6332 2894 4071 5771 4857 1975 4711 5447 1176 6210 5930 4064 1160 6450 1774 6684 3508  113 6371 6366 3041  156 5815 1421 4798 3193 3349 6498 5222   51  410 1936  135  400 3944  719 5166 1816 2472 5366 1320 5055 4631 4600 2835 4183 3409 6573 2864 3399  778 6712 4548 1326 3994 6198 1708 2401 2503 1884 2707 1907 5872 5023 4004 2386 2114
 4173 2054 4852 2767 4829 4516 4292 2779 1826 6109 1280  318 4455 3825 5425 5795 4695  651  194 3626 5407 5484  378  853 2629  678  588 1162  932  284  620 4560 4493 1996 4937 1097 3296 4048 4834 5039 4518 2296 5953 2089 6666 2638 5928 6118 3166 5277 3262  926 5173 1862 3115  831 3081 3692 4321 4956  427 1360 5067 6219 3209 4635 4758 4513 5640 5038 6453 4204  314 4285 6081 2083 3632  207 4448 1376 2363 1769
 3574 2706 3477 6289 2004 3387 4941 3913 1460 6102 4736 2804 3687 3977 1045 2354 5128 5331  233 1381 2427 6280 1179 6697  200 1061  840 4145 3997 1552 6158 2412 5772 5008 2050 2409 3558 5240 2880 6005 2305 4489 2037 1856 5362   22 4995  425 3148 3751 6274  806 1614  914 5137 5115 3720  582 4877 6012 4318 2413 1076 1959 1278 5632 1764  771 5302 6033 6593 6111 3670 2793 5083 3463   62 1589 2260 1927 5583 4205
 5429 3082 3283 3985 2390 4562 4296  435 4801 3836 1995 1410  166 2901 2873 4198 3969 3636 3671 2360 2823  891  969 4315  733 2108 1150  918 2944 6574 3015 5430 6659 3012 3706 3400 5354 2977 5638 2234 2534 4224 2883 5472 6304 2727 6514 4849  455 5367 4463 6059 4218 2144 5462 5585   86 5918 1553  142 4491 4385 4041 5028 4979 2344 2731 3272  332 6620  880 5746 2031 1787  129 3753 4579 1129 6492 3620 1054 1215
 3806 1273 1432  989 1528 4005 1511 2603 6505 1125 3087  675 4737 4729 3106 2754 2379  519  605 3606 5504 4550 4011 5785 2009 3616 2875  874 6678 2556 1759 1383 5654  952 5168 2513  653 5054 5738 4375 1777 2479 6427 4581 1968 3328 4083 5052 2608 6165 6414 6568 5113   46  923 3023 4116 2195 5020 1249 1534  836 6577 1835 5118 1666 3411 2434 5212 1213 3030 4282 6025 5285  536 4419 5537 2045 6615 6523  486 5290
 1276 3138 3565 5143 3181 1694 1122 3033  416 3840 4846 3771 1051 3479 1037 5517 6151 4521 3216 5126 2404 6233 4487  257 6026 6353  864 4634 4561 5001  237 1255 6565  390 2173 2915 5441  366  532 5699 4873  197 1399 2143 5989 2825 1086  789 6117 2357 2808 1538 2713 1225 1613 5787 4599 6625 3282 4356 6268 6560 3586 5564 1563 1647 1317 1848 6502    4 4359 2939 1025 4749 3154 3583 2283 4876 5132 4188 5590 5151
 6080  897  628 5706 5839 6508 6246 4645 5692 5395   69 3304 2818 6209 4898  204 5794  538  339 1239 4943 6479 4790 2665  234 5921 6608 3689  326 1220 4468  337 2904 4864 1693 4586 1029 4283 3643 5225  362 2552 4193  186 5998 5104 6156 2934 1332 5922  768 4869 6641 2213 5651 5523   92 4112  228 5976 4033 3914 4614 5577 3131 1741 2642 6665 1157 1988 1182 1078 3470  889 4324  285 1533 3993 1686 6225  322 1509
 3295 3466 5287 3859 5920 5006 4975 2102 3927 3054 6132 4620  441 4342 4719 3974 6480 5480  975 1094 2221 1864 2543 2432 2697  466 6557 5527 1634 4107  546 3599 5040  912 4802 2436  397 5426 4989  513 1030 3165 2879 2414 2701 4594 1413 5539  600 2142 1092 5213 1307 3725 2505 6472  784  722 5894 3389  606 2099 6206 5473 5961 3250 1159 2049 5266  501 6632 1375 6344  100 3220 3351 6276 4906 4760 4362 2714 3679
 5202 1109 5485 5869 3360 5319  120 3867 1165 3358 5750 4914  697 4755 3838 3174 2468 5025 1987 2651 6688 1546 5390  525 1514 1133 5685 3071 2755 4384 5090 3817 3711 1071 3476 6285 3078 6192 6708 4079 1870 1859 2602 3197 2737 3322  523 3868 3713 4896 2981 5823 2003 3440 1901 6141 1792 5210 6657 4497  463 1141 3249 1397 4495 1192 5269 1943 1978 4502 4029 3707 3020  449 5893 5981 4211 1918  888 1310  429 2918
 6541 3828 4626 5754  387 5030 1010  858 3246  202 5848 6045 4855 3428 6379 5291  289 1130 5490 1398 1669 1272 4617 3113  907 1483 2871 2400 6333 3625 6159 5827 2130  869 5867 1451 2540 2186 4531 5676 2866 4381 3693 5846  798 1962 1630 3563 2216 2585 5933  816 2803  497 2388 6017 6392 3677 3238 2419 4280 4957 5903 5427 1067 5502 5992 1636   20 3984 3363 5841  469 5780  541   98 2794 1210 2930 4414 3437 5199
 2269 5059 2734 5932 2855 5648 1386 3258 2572 2922 1305  476 5469 6702 3232  176 5762 1715 4754 1204 1445   70 6373  819 2682 3890 3995 5962 3712 3911 5759 1924 3802 4120 2662 1279 3412  270  612  846 1559 6431 1889 3516 1218 3834 2819 3857  648 3495  437 2442 3958 2057 4089  459 2906 5997 1721 6294 5881 2498 5464 4734 6370 5391 6009 2739 6614 6677 3442 3369 5779 3135  262 5153 3357 6259 1387 1099 4417 3088
 2334 4566 2480 4333 2032 4428 3507 6180  313 1038 3758 5879 6330 2975 6054 6589 2784 3261 1431 4377 4042 5726 4704 3226 3815 5660 3992 2814 2882 4987 3757 2796 1531 2201 4811 5937 2772  568  551  785 2845 6367 2580 2743 6636 3642 5088 3430 6578 2800 3557 3260 1023 5174 2805  993 2391 1973 5011 4524 1293 4121 1296 3429 1643 4016  328 2832 1955 5808  307 3225 4102 4387 2521 3183 5381 1960  797 1231 1801 4483
  189 6689 5960 4284 6067 1465 2295 5950 3460  949 4782 2747 4477  131 1813 6240 5720 4591 4788 6412 6004 3947 3203 3858 1364  169 1878 1822 6408  524 2462 6230 6415 2891 4708 4137 1106 4389 3377 6275 5164 2458 6667 1304 1972 2607 1751 1702 2184 3554 5792 2255 3457 6350 1261  553  593 1561  196 4398  210 6549 3494  161 6110 1098 2652 5375 5003 3937  292 2091 4826 2153 1640 4437 6675  860 5840 3444 2791  132
 6635 3585 5606 1993 4100  782 1807 2267 5934  960 2339 4883 3548 3966 2035 5766 1790 6611 1615 1587 1679 1074 3456 6559 6538  288 6550 2896  452 3093 2410 6119 2850 1886  241 2394 2990 3031  711 5119 6008 4020  707  979 4340 3018 4609 2499 3637 5584  629 5373 1882 1082 3936 6226 3821  283  296 3872 4163 1491 6639  505 4923 3059 1578 6200 3233 4764 3804 2621 1228 5842 1934 5722 4161 4583 4506 6090 3114 4619
 3199 3798   19 3091 6027 3633 3236 2575 5477 5027  424 2439 6642 3356 2115  327 4176 6506 1999 1447 3313 1323 3118 2561 4961 1155 4676 3301 2178  655 1270 5819 3327 2515 6343 3669 3903  116 5061  117 1316  865 4752 5614 3275 3076 6374 5782 4901  676 5778 2079 3156 5400 3373 4611 4572 2634 4810 4332 4440 2070 4025 5239  753 6281 2486 6649 5048 2124 3267 5966 1417 1484 3905 2348 4200 1576 1736 1900 1081 5460
 4143 2569  799 3584  921 3511  139 2014 5995 4690 1233 5809 4382 6135 3952 3436 5735 1931 1658 6692 3645 4262 4319  493 2119 6439 2872 6157 5482 2771 3206 1352  726 1518 3929 6235 5399 6446 2826 1717 6346 6336  545 1858   78 1720  663 1284 5215 2370 2553 3382 5370 1053 6208 4587 5251 1497  617  901 4780 4352 1115  567 5022 3318 5127 3486  316 6478 4066 6418 2533 2827 3380 2584   97 5768 4235 3241 5622 1318
 1529 5144 1637 1730 2760 1395 5101  988 4307 5098 2447 5418 5901 6169 1616 3338    5 6690  480 5543 1925 5347 1254 3546 6359 1780  844  904 3810  440   55 1811 5758 2076  521 6571 6002 6528 4718  333 1288 5880 5742 2141 4061 1119 5828 4793 6079 3060 1021 2563 1617 5196 1449 4558  107 4049 2811 2842 1321 5259 3066 5644 5034 3541 2497 5873 6591 5465  242 2991 1148 5810 3390 2623 1409 3957 2265 6127 5378 2012
 5770 4383 4441 5369 6703 3778 6278  335 1055 6125 4425 2511 4858  500  277  637 1336 5479 2938 3063 1168  365 6020 1690 1770   44 4773 2831 4015 6253 1733 2917 6552 6596 1979 5665 1407 2758 3130 2488  942 6130 1090 2895  346 1507 5916 3925 4310  448 4526 5536 6516 4339 3750 5017 4270  146 4820  996 1850 1948  490  309 3701 2849 5721 1896 3591 3581 3880 6124 3090  353 5820 1958 5888 3376 2322 4329 5986 4823
 3648 3869 6241 1355 4866 3663 3500 5298 6393 6273 3057 5889 1411 1530 4162  997 1725 5957 5081 1723 1980  479 1594  572 4539 6015 1653 3765 5683 1172 6212  520 2137 1477 3801  956  848 2757 5975 1171 6383 1152 1794 6706 3763 1660  820 3010 4022 5072 4803 5009 1222 6599 2853 2258 5351 3769 4133 1802 1093 2411 1515 4567 5983 5352  110 3215 2900   63 5339 1049 2716 4870 6489 5384 3287 4554 1003 4263 3940 3497