 2628 1268 5584  605 3195 2904 4407 3590 4463 5828 5452 5615 5083 3755 2224 5892 1990 2750 4627 6157 1551 3881 5104  639 4219 6800 5336 6882 6226 6039 5397 5784 4993 2706 1202 2829 4459 2522 1808 2710 4606  618  924 4212 2184 4415 5938 5176 1400 4931 4084  333 1969 3270 1710 6550 2532 1627 2350 3367 1725 4751 2811 1401  241  100 4337 4258 5209 3417 3565  103  928 2596 5341 2401 2734  389 2730 6727 4536  670 3665
 5407   13 5848 4083 5430 3210  679 4992 6514   12 5934  254 4572 1966 5983 1486 4286 2987 2035 2376 5269 2332   59 2812 6318  579 4481 6850 1229  900 6131 3373  731 3114 3929  531 6016 4690 4368 3140 6775 6874  495 5367 2097 2495  440 1153 2781 4009 3604 5802 2449 6805 1017 3249 5831  193 3894 1797 6551 6552  964 6782 1014 3013 5410  499 4064 5373 4398 5003 3753  998 4821  201 6456 2445 2869 4504 3982 1074 3163
 4895 1769 4164 3377 4101  104   45 1107 5404 5570 4537  986 4818  276 6662 2929 1620 3826  597  338 2088 3172 6694 4949 2390 6636 2113 5432   71 2685 1611 3871 5855 4466  256 4511 2508 5060 6540 3655 2990 3317 4294 4147 5661 5876 3358 1126 5445 1554  845 6116  859 6588 4622  854  750 1219 5756 1746 6677 6290 6035 6566 4003 5073 6609 5280  129  403 1921 3694 6070  646 4189 3750 1675 4543 4036  247 4237 3527 1524
 1388 5338 2071 6526 6562 2051 2675  748  190 1822 5710 5895  230 5508 1758  406 5308 3213 4341 6741  509 4467 6703 2618  831 3917 5285 1593 3539 4331 6256 3008 5716 4797 2372  446 2553  269 4118 2716  887 3710 1806  573 1499 4477 6749 5999 4188 1624 4783 1132 3408 2451 6880 6529 3015 3879 5023 3509  684 6500  697 2939 1807 2506 1902 1179 2239 2271 4080 5238 5032 2516 4890 3533 3682 1790 6868 6304 2888 4333 5411
 6330 4630 6798 5139  476 3748 4170 2092 1055 4041 1275 5694  892 3888 1357 6081 2714 2540  417 5161  423 4621 6198 1239 5266 1222  817 4740 3231 4239  316 3569 3321 4516 5936 6210 4697   93 4994 3914 5762 6418 2279 5384  396 4192 3868 6168 2404 6659 5562  652 2984 1805 4468 2533 1148 2419 5785 6584  489 4868  439  768 6499 4845 1623 2130 3724 4406 3407 5740 6604 2032 5271 3050 1876 4744 2578  342 3629  583  758
 3654 6569 6725 6674 1470 5902 4051 2815 3695 1249 5542 1370 4893 2286 2754 3887 6202 1090 3190 2759 6372 3323 3212  240 4290  372 1461 2976 1166 4360  653 1390 2994 1362 5234 1315 2664 5917 4059 6739 4900 4843 2182 4975 5763 1959 4443 3943 6405 1919 2459 5827 4575 4244 6097 2364 2726  574 5977 4588  321 1338 3179 2234 6107 1538 6058 5989 4659 2992 2339 1098 5157 5220  715 5582 2599 4139 1649 1260 1102  800 2221
  268 6244 4657 5829 1735 1385 5309 3780 2656 1243 3866 5428 5031 1520 6096 3915 5678   85 3012 2729 5832 6870 2365 1449  390 3396 5206 6071 6109 5354 5089 3643  364 4194  723 3751 6878  782 6047  285 1863 2223  806 4792 5456 1114 5251 6750 2641 3017 3316 3521 1834 3598 5835  317 3130 3768 5187 2504 5279 4928 5842 2691 5950 4898 2200 1299  175 1638 4809 6191  561  266 2439 3960 3774 2181  369 6350 1780 1407 4761
 1110 4847  876 2784 2655  792 5342 3428 3596 4668 5859 5300  378 6735 3476 1206 1402 1424 4245 4866 5780 5751 1320 3538 5413 1723  349  441 5500   40 4287 3405 2447 1574  811 5348 5022  206 6479 3436  962 5928 4913 2969 6385 3506 6533  888 1063 4765 6066 6817 2598 4052 5811 4399 6074 4183 3248  504 1752  461  640 5143 3778  980 1504 3554 2964 5933 2085 5942 2303 6415 2044 5970 1572 4308  909 6309 3619 4243 3984
 3294 2866 5409 2544  385 3429 4292 6164 5668 3875  459 5174 2942 4717 4604 3558 1514  357 3267 1472 1987 1952 2875 4874 2076 2289  214 3256 2087 4769 6213 1318 6238 2794 2319 2767 6195 2453 6647 6072 4024 4277 2357 6177 1197 3519  651 3287 3650 2361 5852 5058 2862 2863 1464 1592 4374 5111 6777 4493 4997 1537 2653 3851 5771 6351 4553 5636 4780 6801 2842 1327  183 6616  853 2860 1276 1550 4963 4877 1286  536 2505
 5536  711  764 1585 2814 2259  449 4364 4076 5421 4942  742 4395 2751  813 4730 6259 6374  589 3816 3666 2355 1842 6179 1093 6863  901 6162 5053 6887 2154 2320 5721  465 3764 6477 4158 2906 4850 6232 1122 1872 1864 1150 5165  832 1438 5625 5868 6730 6083   44 5178 1924  938 4384 3996 3128 2077 2783 6108  849 1149 3510 6676  160 6305 4784 3010 4885 4252 2045 3496 6045 5066  708 2782 5146 2696 2945 1073 3575 3031
 5657 4974 1428 1836 4418 1835   28 5325 1356 3118 4579 4703 5203 6364 5444 2160 2468 5727 3567 5894 3067 3365 2283 6606 5159 1818 4397 5035 2523 2894 5294 2378 4652 6688 4738 2183  452 3540 3968  353 1406 6849 1568 5414 6404 2758 3838  558 2252  955 1352 4692 5847 5523 1103 1781 2831 3258 4094 3236  963 3505   70 6853 4044 5544 5944 2908 1386 5723 1368 6139 1582 3176 4142 3422 1376 2772 3446 1933 3800  218 2425
 4439  187 3649 2887  705 4444 1129  232 1348 5070 4822 2737 6718 1226 4198 6315 6183 4133 5833 2040 4102 3000 3980 3802  234   47  664 4127 1274 1878 4027 4925 6430  993 1590 6089 2960 2530 5412 5853  578 6608 3387 4153  751 6090 2301 6293 2424 5758   11 5324 1039 2972 6138 6769 4238 1255  647 5302 4432 4386 5127 5112 1680 6453   95 3631 5497  837 2276 6311 4526 1972 5949 4453 3151 3138 1573 1230 2003 2524 5329
 4473 3829  309    5 1575 5514 5193  864 3535 1136 5720 3049 5124 6619 2442 2625 4816 6704 2550 4187 1502 1992 3717 1929 1859 3403 3542 1512 2882 3668  433 6573 1731 3541 5860 5975 2015 5843 5198 1135   90 4097 5050 1847 5451 4182  134 1395 1466 2978  596 3678 3005 3263 3152 5224 6687 1843 1659 5797 3136 4242 2346 2845 2406 4494 4654 4952  142 2678 5351 2883 6171 4685 3852 3127 4405  833 5663 5255 4221 5778 5643
  485 1309 6328 2926 2476 4157 5030 2016 3348 5295  727 2756 6214 4082 4525 5095  830 4830 2701 4739 1398 5205 3450 6118  905 3322   60 2648 1116 6852 5725 1218 3966 3747 4839  554 2341 1795 1324 5553  328 6790 5968 5018 3484  435 4298 3709 2589 3251 5177 3298 1701 2621 3218 5216 4054 1282   24  931 5587 5142 3145 4007 2245 2996 3452  144 3048 5019 6010 4077 1578 6648 4469 1060 5686 6497 4953 2147  673 6077 5878
 1647  226  976 2864 3763 4372 6190 2605 3942 4501 4028 1598 2957  428 4001 4522 5466 2690 1531  632  557  984 4837 6144 4518 1997 5046  908 4637 5440 4663  834 3045 1855 4715 6413 3574 4424 1079 5687 6022 3754 4231  123 6417 6716 1621 4100 6804 5328 3133 5464 5640 2472 2687  367 3609  766 3306 3340 5658 4215 6389 5922   35 5754 4461  716 2017  521  713 4723 6665 5258 5260 2817 3572 2470 3243 3458 2046  358 3468
 4645  173 6709 6026 3395 2662 4725 1656 4909 5821 1337 3485  566 1522 6511 4864 1443  654 6785 2300 2226 6702 2752 4742 5538 3626 3897  812 1532 2317 2171 5773  857 6767 3677  312 5140 2632  236 5105 6463 3342  346  228 6133 2985 1930 2426 3097 4046 6112 5858 2512 3228 6429 3930 4002 5378 4859 1904 2611 2963 3504 1051 5753 6410 6518 1295 4548 1291  997 6522 3803 4403 1305 4125 2881 3616 3289 2889   53 3121  777
 2053 5327 3355 6222 4855 1518 3846 2663 3275  355 4607  208 2148 1029 2576 3771 3303 4285  669 3442 4355 3404 4154 5551 1977 6310 6766 3892 4514 1988 3578 2145 3109 4070 6509 3483 6879 4087 2443 4280 4679 6059 5912 1403 4508 1865 2614 2281 5100  612 2126  211 2727 6046 1290 6338 6065 6257 1244 3628  529  332  137 2500 4955  250 1749 1312 4441 5981 6166 5317 3437 3003 5438 5027 3621 6024 4039 3660  455 2638  958
 5405 6556 4915 5315 1331 6537 2588 6284 3023 5235  443 1788 6747  464 1457 1015 1304 1858 3198  425 2575 5261 1564 2400 6362 4032 3821 3139 4486 1456 3220 1764 5690  106  851 5676  966 5133 5118 6331 4412 5194  474 3967 1146 3457 4351 5253 2915 5649 2297 1430 6363 4823 5906 6100 3850 3828 2674 3040 4016 2809 6291 2165 4785  880 6028 6445 3148 1957 6426  868 3644  761 3612  702 2565  408 4430 1896 1974 6646  511
 2646 2135 5038 5558 6829  162 2322 5195 3282  402 4819 1691 6645 2916 5623 1156 3977 6199 2947 4610 4363 5347 1280 2647  747 1926 5875  304  814  615 4148 4263 3371 6858 4626 2381 2244 3113 4544  638 2049 5704 3648 5289 3388 6005 3338 2953  643 3237 4408 1673 1201 2187 4891 3789 6587  136 5297  842 3673 5502  195 1501 2584 3161 5081 6628 5182 4426 1979 1068  401 5471 4625 6731 4698 6815 2386 4581 4072 3004  650
 4519 5291 1317 4959 5007  943  622 6085 2435 2078 3986 3444 3406 3235 5788 5379  985 5646 4944 2340 3832 5735 2995 1177 3494 5605 6823 5069  719 3416 1882 4555  239 2966 5766 4580 1658 1154 5298 3663 1373 1431 6821 2190 2981 3021  848 1523 4348 4611 3467 2018 3103 6715  907 2287  735 5096 1363 4774  637 4617 5013 5374 4824 4970 3219 6671 1914  916 4227 6382 3091  877   94 5730  721 2416 1776 6370 6424  765 6260
  826 6481 1487  541 4596 6281 2616 1267 1277 6521 4496  738 5287  823 2850 6076 5079 5290 1011 2539 6340 1825 4540 3720 2321 6652 1941 2299 5817 5059 3727 5834 1613 4233 1606 3739 5192  862 1734   42  429 3463 3957 2855 5915 4427 1699  759 1382   73 5619 2026 6248 4058 5738 4653 6173   10  470 4932 6545 1877 4271 2047 2501 5937 6141 4056 5612 6495 4310 1326 4435 1536 1365 5321 2161 2235 3586 1162 5395 5398 2159
 4520 6349 3703 3357 6534 1545  740 5247 3783 2466 1937 4529  625 3474 5420 1765 6075 6690 6487 1544 4425  219 4293 3051    1 4442 3776 1143 6073 5675 1196 6053 6618  380  244 2592 6684 5242 3297 6441 2177 1314 4126 1903 6180 4912 3143 1012 6855 3672 1615   88 3903 1744 2761 2079 5728  549   86 5419 5391 5755 2484 5822 1810 5595 6361 4456  913 1410 2762 5344 2414 2733 5084 1193 3893 4712 2547 5837   63  659  796
 1964 5431 3154 4006 5577  861  827 1416 5181  714 3018 5152   76 6486 4146 3085 1471 1018 5387 2639 6360 2203 4914 2073 3633 1321 5781 2150 5679 2557 3946 3111 1772 1604 4411 5141 6283 3266 3453 4112 5498 4889 5786  882 3594 1254 6786 2136 3034 3719 6724 4872 5960 3272 1755 4400  788  157 6780 4057 4857 6596 3062 6184 2349 1279  610 5264 1335 1253  562 2867 4762 3214  974 3473 1985 1158 6789 1570 2415 5764 5891
  522 5624 3902 2152 4402  576 6469 1101 1839 5908 2075 1754 4683 4609 1708 2250 2090 5943 4375 3194 5305 3276  572  858 5167 6720 1619 2474 5956  981 2127 2374 4049  970 2593 4854 1751 4541 6764 4409 3513  698 3119 6062 1119 1694 2101 3523 4535 6050 1252 4004 6506 4674 2004 4664 6710 6600 4438   29 3707 5768 5034  505 1608 6630 6294 4935 4214  180 1618 5115 4594 2193 5555   92 6846 2793  739 4640 1963 3339 1742
 1676 1583  289  192 3925  108 4450 2191 1285 4710   14 4999 6391 1629 2827  752 6312 3459 1668 1492 2561  953 1577 5288 4232 1458 6714 1081 2132 6192 5633 5323 5113 3165   78 2627 5473 3364 4111 2534 4991  174 5488 2492 4894  524 3779 2081 4393 4136 3745 4827 5539  377 4235 6462   18 5884 3899  473 6275 3561 4693 3107 6009 4706 4532 4342 2897 4163 2986 6713 2840 5380 5556 5417 1152 3167 3630 5200  110 5978 5549
 5208 2009 3544 3886 5361 4972  977 4946 2786 4379 2909 2362 3613  636 4643 5702 2974 1535 4862 2170 5156 1198 1909 3761 6532 6419 4939 3240 4143  956 2746 1940 4017 5304 2679 3795 4858  534 2930 2125 4906 1089 5116 2865 2082 6217 5530 4199 2091 5091 6243 5609 2519 6194 2143 3869 1741 5263 5068 6335 2194  352 3811 4029 4836 1168 3327 5442 2968 1703 2483 3847  662 1478  821 5377 3414 2358 2837 1231 5148 2128 1496
 5920 1657 4228 4846 2488 1214 5339 6454 1584 3261  482 2326 2768 2633 2854 1862 5179 6203 6668 5596 4985 1164 5472 3651 2934  649 2380 6029 4048 1384  925 1381 4545  661 2022 3006  756 5423 5051  117 5137 3293 5134 6471 2797 6032 3378 4521 3284 2693 2140 3069  601 4878 2067 3043 6354 1437  847 3951 4719 5495 1477 6577 4202 2220 1442 3588 5468 1419 1281 2694 3735 5893 4750 3801 1870 2513  300 6431 5849 5966 2973
 4834 1469 5865 5229 1134 5769  122  978 1095 1208 1500 5233 6460 1813 5932 1498 2711  588 1791 2962 6122 1521 1607 6237 5616 5250 1204 1367 2110 3418 5747 6484 5245 4567 6717 2353  763 6395 2825 5749  371 3197 4015  989 3878  801 1569 5507 3979  674 4936 6625 1852 4272 6434 2382 3529 3286 2677 6627 2060 4682 6505 3461 2910 4747 6578  258 1213 5458 1420 2763 1195 5589 1660 1441 4350 5913  432 3714 3234 5546 3718
 5733 4804 2195 5533 5638 5953 4981 5602  238  290 4602  297 6273 3582 2444 3652 3908 2037 3262 3978 5314 6120 5455 3095 3937 1493 3638 3086 2209 1479 3641 6465 3328  587  992 4433 3562 3329 1115 5794 4340 6231 5560 3183   58  729 6158 5080 4113  870 3749 3335  418  181 3090 1412 2744 1771 5818 1916 3191 2932 6601 4524 5223 6490 1031 6783 1174 2268  741 5525 2288 3073 5270  951 4554 2952 3129  804 5441 4546 1614
 2699 2330 2345 1922   91 5399  724 1786 5163 5774 3530 5215 3928  510 5939 5201 3170 3160 2577 2830 3848 5283 6547 6402 2612 2280 2785 6117 2597 3934 1683 6160 4616 5748 6148 2412  281 2673    9 1954  995 4288 4743 6003 1768 2667 5071 6388 5002 2552 3498 4873  111 3224 1684 6267 1005 3737 1220 2243 5537 2204 6229 6037 6285 4595 3135 3773 1508  308  220 5973 1801   64 3038 5603 1297 2631  535 5898 4734 6200 2609
 2013 3988 5954 6719 5635 1662 6342  753 6245 2537 4234 6450  253 4716  444  163  265 2541 6300 6182 3207 4811 5513 2080 6513 3556 3171 2186  399 5559 1212 3860 5117  147  728 2977 5783 4329 2570 6871 1054 2174  348 5952 4756 1927  386 4920 2011 1970 6802 5631 2717 3325 2347 1455 1183 5924 4733  896   16 4782 2788 2164 5121 5240 5791 2219 2041 2671 5340   49 3999 3011 4429 2119    2 4086 6759 2800 6737 5401 3874
 6169 3740 3653 4570 3053 6121  613 6599 3155 5126 5170 6127 4247 5980 2137 2478 2950 5333 2586  539 2839 4038 2108 5076 4905 3083 4484 1476 2890 1104 5641 1045 6570 5125 4066  693 6796 1728 1216 2787 5674 3965 2582 1885 3084 6854  598 3901 2933 6250 2681 4162 3064   52 3472 2583 1027 4249 5232 2475  586 5510 6255  350 5055 5365 4776  874 1671 2192 2029 2836 5905 1651 6357 3786  154  930 4533 3927 1377 4205  872
  885  757 4334  481 1263  513 6048 4631 4476 3993  802 6480 6316 5715 4382 1897 5810 2392 4449 5714 1826 1700 3954 4564 1241 4011 2558 3711 4226  233  793  237 2102 1460 5590 6865 4592 6565 5929 2943  520 1296 2111 4088 2946 6437 3470 5634 6114 1548 5565 5360 5666 5065 2334 5457 5597 4960  475 1853  967  816 5349 4472 6886 1435  991  736 6560 3381 3809 2608 3708  866 6129 2134 6842 3855 3555  209 1109 5021 1563
 1689 4807   99 5381  437 4161 5147 2601  500  548 1169 3853 4062 4328  912 6087  803 4903 3813 5326 3209 5107  528 4181  339 4318 1920 5293 6653 4410 6778 4120 1841 4266 5262 3042 1411 4662 6844 5299 4135 6247 5628 5693 5424 6531  672 4841 5226 6366 4465 3863  222  468 3014 3610 3175 5739  263 2921  706 1463 1313  795 1130 4945 5355 1632 3939  551 6458 2526 4735 3310  224 2477 4168 4278 1417 5528 6752 3046  575
 3056 4315 4929 5800 6530  555 3439 3500 6105 6082 3285 1599  623 1353 4951 3606 2168 5620  275 1351 4860 3553 2461  918 6356 4470 6672 6433 5067  255 5311 2230 1097 6119 1942 4605  121 4010 5090 6666 6007 2595 1687 5610 1848 1759 1108 6033  261 6567  303 4558 3229  875 6111 1641 5479 2511 6612 2755 3989 6757 3696 4376 3854  628 2607 2971 6491 1264 4388 2155  373 5001 4528  421 6794 1792  952 1065 1678 1245 3983
  663  699 6262 1652 6656 4145 1955 6178 2989  305 1035 4452 5901 5009 4726 1888  642 1588  381 3205 1625  660 3732  893 3029 5008 6337 2153 2518 5237 4634 6799 3891 6379 2795 3024 4344 1350  680 5056 6839 2920 1360 3823 4917  929 6014 1270 6021 5320 4437 4390 1875 5580  462 6754 5830 3447 6642 2848 1002 6153 6686 4995 1066  150 1509 2360 1971 5692 2338 4482 6539 1228 5851 1682  242 5622 3257 3972 2396 3223 1366
 2109 1526 3706 1634 4562 6472 1200 2580  707 1450 3137  770 6528 4753 4223 6542 6406 1823  131 5186 2422 5689 1586  343 3557 6549 3896 5033  595 3486 2636 2211 6475 5151 1080 3587 6327 1830  306  167 4752 4768 3762  436 4361  772 2799 3192 6020 5793 2116  365 4316 1308 6241 5775 3185 5909 5972  902 3528 2659 5575 2261 5782 1194 5482 2274 4210  125 3271 3397 5199 1037 6113 5986 6699 3933 2555 3250 3489 2892 3909
 5574 3964 3584 6541 1911 6517  207 4336  532 5363 3156 3441 3178 5207 3593 6634 5371 5941 6422 6006 6368 4534  818 4718 4796 6099 3072 2702 3182 4979 1043 1105 6772 4401 1950 2377 2008 5306  335 2070 4081 1560 2063  152 4366 2834 1874  530 3279 6806 2356  527 2569 1939 1905 5102 3478 4947 6412 1172  484 5454 3246 5899 2610    4  883  138 5776 6276 2336  666 1774 3482 5386 6299 1850 2747  609 5669  780 3291 6211
 6838 6224  366 5864 1679 4766 4134   21 3615 5772 6392 2899 3669 3691 3618 2098 2891 4262 6165 5210 5547 3916 5284 4117 5123 3041 6689 5158 2672 6272  331  383 5310 4987 5869 6042 3862 1004 4220 6365 5483 4352   65 1796 1040 1817 4185 1127   20 6313 6594 3987  805 4702 1034 2207  148 4699 2948 4897 3864 1709 2418 4512 1894 3132  518 1094 5026 5601 1387 1026 2997 3423 2844 2742 1141 2384 2983 1729 3746 2485 2695
 6242  119 4728 4810 4608 3840   97 3260 1211 6579 3255 1076  815 4095 3545 2640 2821 4296 1396 6478 5992 4208 3870  657 1272 1234  894 3728 1167 6230    8 2337 2723 4314 4092 6064 1369 6856 5189 5621 3734  580 4131 2202 3701 4911 1070  774 3591 1207 4196 6740 2924 6444 1566 5995 1488 6516 3981 3312 5637 3491 4887 3974 5957 1984 1413 1408 5994 1359 5838 5664 6147 6140 3781 1883 1246 2525 4448 5617 1832  582 1329
 3098 3722 2265 3033 5153  229 2262  164 5422 2689 3385 4307 5435 1637 3427 2847  935 5976 1505 2587 2167 6355 2398 1180 4658 6297 1432 6639 5190 2318 3233  785 1170 6031 1884  223 3680 2212 1397 3081 6223 4754 3841 4886 3162   19 3290 2819 2267 6673 3815  634 5812 5512 1908 5883 6833 5075 6235 1748 4321 1235 1306 5914 5476 6658 1980 6452 2669 1182 4680  203 5131 3566 1067 6215 2452 1702 6161 1820 5744 2838 3366
 4789 5856 2487 3690 3254 1610 2527 5713 3898  235  841 6488 5927 1077  456 6770 4937 6875 5364 1561 2253 3804 3577 2006 6877   15 3770 5578 6400 4178 2531 5052 5222 1998 1266 1999  559 5593 2027 1084  287 5489 4968  873 2373 6261 1644 1490 4941 2210 2351 6629 3791 5011 5967  843 2284 5318 3662 1503 6296 2146 6825 3867 6251 6346  130 1900  272 3147 1783 5736   34 1777 3913 6751 2645 2650 3784 3907 4986  906 1844
 2062 3992 6832  565 3639 6822 3007  957 2878 3799 1125 4781  988 3384 4324 5520 6012 6485 3349  112 6329 3392 3016   69 5448  165 5358 4156 2294 3910 4727 3495 2007 4623   23  667 3697 4274 3956 2163 5213  678 1465 1064 5798 6369 2724 3835   84 4722 2790 2118 4507 6451 2238  114 5485 6307 5576 2833 5935 4186 6207  330 5376 1549 5246  797 3595  779 5779 5729 2542 4705 1720 5566 1730 2323 4394 5644 4018  526 2486
 5106 4312  898 1468 3360 5042 5742  213 3058 3480 6319 1021 3326 5573  556 3425 2911  376 6018 4303 6258 1932 5673 5795 2310 2248 5792 3945 4615 6568 5726  577 1670 4040 4844 1023 1913 4964 2620 5418  552 4132 3865 3938 1565 4962 5227 3576 3203 6132  205  424 4349  749  681  975 3636 1867 2722 1100 3061 5459 4445 6384 3760 6185 4881 6156 2391 4598 4365 4327  709 6208 2180 4404 1553  182 4559 3921 1995 2802 3112
 5515 3873 2480 1053 6266 5175 3955 5840 4005 4840 6292 1083 1529 3259 5806 1756 5330 5120 5406 2179 4701 3105 2568 6049 6745 3307 2917 3585  105  294 2581 4000 3796 4721 2658  819 6873 5316 1361 1144 4852 6390 4144 3911 4343  990 5049 3379 4191 4026  564  969  683 3122 6468 6826 5608 1292  231 4177 4387  274 5040 2141 1474 2698 2753 1355   51 5923 2770  127  965  344 1580 4856 3777 6592 2138 5526 2428 5382 4732
 5734 5563 1147 5480 4137 5705 2861 6536 4123 2566  641  783 5724 5588 1953 5790 2798 6692 3729 2012 1815 5366  397 3268 1447 1527 3157 3374 2975 2388 6163  675 2680 4778  139 1345 5662 6810 4217 1354 5722 5370 5703 5020 1609   77 2460 5680 6234 5385 1814 4413 1185 4574 3247  159  919 3337  799 6282  340 1821 4257 3134 1383 2456 4700 5499 6595 6155 5416  686 4313 2005 4074  563 6449 3579 1139 3515 4267 2804 1697
 4171 3292 6597 4033 2851 6721  478 4624 3217 3743 3831 6885 3451 2623 2574  776 2877  720 5154 2240 6776 2142 2231 2305 4392 5873  407 2868 3738 2066 4201 2841  477 3469 1828 5028  318 5665 2367 4820  971 4773 1494 4648 2131 4317 3537 6088  791 2536 4457 1032 1399 3671 6706 3602 4813 1631 4851 6660 3752 4172 1140 6728 3723 2642  393 6512 5296  745 3688  519 3794 3376 4938 5501 5903 4423 5627 5228  507 2156  394
 2937 4812 2498 3475 1654 3362 5496 5870 6145 5598 1543 4767 4736 2872 4416 6435 4165 5481  550 3196  445 5823 5343  422 4179 6128  809 4369 5971 6816 2914 3060 3827 4746 6723 1085 3353 2603  543 5098 4502 3449 2249 5286  336 2232  696 3637   79  273  655 2315 6753  608  603  295 1851  293 6386 5904 6582 6239 1946 1414 3375 2431 4696 6324 3225 2311 2405 3487 5276  948  311 4013 4755 3398 1088 4090 4644 4704 5606
  633  368 1092  949 5796 2469 5219 5712 4709 6598 3858 2776 2068 6027 6408 5097 3599 3876 3994 3912 4475 5881 1446 3288 1840  676 1635 4586 1044 2172 5745  517 6679 6525 1745  400 6322 4023 4250 5585 4998 1294 3991 3009 2938 3617 6622 3726 5844  252 5212 3940 5449 5335  592    6 3742 2175 1721 5109 6617 2649 2503  585 2269 1024  852  194 2880 4377 2967 3334 6104 1996 5541 2403 5434 3054   56 3402 6590 6084 1454
 4160 1696 2229 6353 3184 2114 4261 3632 6142 3687 3918 3664  191  734 6377 6824 1892 1816 2665 3440 5550 4085 5931 5632  442 5443 4686 2736 6631  606  453 5907 1133 1557  426 3238 4649 4798 6270  115 6079 2188 5272  405 3211 5362 5993 2409 6205 1159 1307 2263 4421 2025 2482 6352 5545  188 2704 2100  668  560 5188 3549 4206  546 1513 1000 5359 5925 3926 2884 1886 4174  865 2564 5958 5586 6744 4724 4791 4978 1404
 3123 5613 1973 3456 5919  840  282 6621 2023 1203 5484 3415 1517  118 3369  781 4269 3253 4660 5857 1189 6837 2106 6535 4251 3563 4940 2849 3481 2769  251 6038 5132 6086 1779 3413 4585  599 1251 3144 2225 1319 4527 4614 3684 3120 4167 5672 5257 2502  914  879 4381 4551 2302 2543 3807  567 1935  176 6693 3386 2059 6504  508 1087 4345 5911  132 5607 5866 3741 6172 4838 1643 3055 5312 4672 6126 3712 3074 3552 4224
 3215 4523 3704    7 1298 5506 4447 4934 1439 3239 5029 1145 2856 3517 3319 4619 3101 2033 5303 6263 2876 5910 5478  398  325 2886 6859 1650 4067 3153 4802 1763 1510 1394 5765 4835 4492  178 4772 1038 5114 3713  313 1640 2792 6201 6543 5645 2766 2571 2572  846 5005 1596 3330 1215  516 3890 6057 5804 5996   37 4745 6492 2535 4584 3227 4996 3935 2835 2594 5987 1798 5017 3805  480 6663 3581 2517 3199 3592 1121 4422
 2668 1495 6862 5695 6326  600 3492 4071 4573 2928 3299 1595 6610 6591 5698 2617 4638 1340 6036  808 1096 1645 5846 2644 4550 4833 3692 6348 6768  450 4075 3277 3963 6649 6482 4563  326  420 3221  279 4488  249 4771 1113 2481 4309 5699 4689 2810 1082  685 5301 2853 1042 3092 6051 2324 5087  324 2925 1339 2055 5509 1949 2036 2944 6094 3037 6605  490  910 3347 1917 5248 3857 1722   68 3063 4671 2991 5136 5249 5254
 5461 1713 5191 2266 2257 4141 4480 4197 4918 1155 2084 4757 5572 5088 6015 2923 4253 6771 2222 4661  807  488  314 3766  954 6396 3580  354 4922 5564  172 2870 2901 2189 4311 6218 2796 5094 2342  212 1409 5036 4632 1881 4673 3166 2579  959 2927 3508 4597 5845 3834  267 5885  145 3356 2039 6264 6398 3368  291 4793 5221 5010 6557 2652 2042 5946 6781  259  415 4849 1391 2264 3700  825 2213 3516 5274 2935 4591 5267
  341 1525  537 6187 4967 5172 6682  999 4676 2619 6847 6000 1833 6308 3318 1893 1003 6080 2285 3409 3547 5600 2295 3882  447 6411 1062 1918 3080  387 3399 2857 3931  264 2778 1006  431  284 4025 6700 2050 4414 2429 6661 6765 6726 2823 5202  496 6643 6851 5567  133 5677 2352 5988  168 3125 2214 6359 1052   48 4569 5155 3305 1325 3820 2741 5874 4282 4711 1205 3361 2820  593 2739 3226 6763 6432  179 3920 3059 5128
 2961 4485 4204 4089 3877 4200 3611 3076 6734 4971 6343 2643 1612 3810 2771  523 3744 4069 2562 4880 5839  972 3057 4956  363 2554 1910 4801 3096 2979 5000 6008 3605 1740 1273 5683 5369 6803 1142 2940 3201 4577 4320 5707 1753 4515 1157  950 6019 2260 6151 6697 6787   89 6589 2052  286 1022  760  246  323 2816 4681 1033 2393 6742 4497  109 2780 6268 3543 6845 2328  506 4943 4571  939  960 3445 4509 4612 1346 5353
 2196 6736 1151 2038 6820  413 1283 5940 5815 4483 1845 2325  692 4114 4557 3131 5039 2387 3975 2493  262 2858 4907 2176 1165 6632 6442 6301 6670 5611 4129 6421 1332 3315 4373  466 1009 1379 3460 6061 4420 1846 4150 5453 3093 5004 2395 1190  923 1481 4276 1794 5648 4047 6181 2740 4322 6011 4060 3798 5655 3872 1375  140  835 6515  245 5062 3962 1727 1602 1138 4499 3756  347 4281 4295 2304 5819 2389 4808  101 5974
 4708 3117  169 3273  712 4230 4650 6375 2719 4319 6367 6779 5168 4489   67 3880 2912 1224  361  839  395  836 2464 5180 4505 1597 4538 1737  315 2247 3883 4128 2316 3394 1978 5534 4882 5543 4678 2458 4460   38 4988 5820 6436 6125 3716 4304 2859 3333 5757  771 6344 3514 3232 4354 5110 1217 3571 6269  141 6501 1240 5681 3812 2410 2774 1704 5647 3995 4969  591 2370 5492 3141 3245 1587  434 4371  614 4670 3645 5717
 1567  540 6861 3622 1664  319 2242 4688 6189   30  379 6830 4517 1655   74 2450  773 6130 1693 6228 4923 3241 2999 1287 2099 5281  794  491 1923 5429 2703 3464 6664 2086 2626 5337 3733  345 6023 1284 4896 6705 1236  280 4869 6459 5346 2335 3389 3693 6067 3620 5659 3189 3948 4899 4078 6797 1757 3313 6176 4108 2296  616 5138 3822 1534 3522 2683 4436 4236 4037 5887 6265 3685  196 3856 6287 2120  498 3314 5639 1866
 3949 3536 6812 4628 2822 1426 6732 6884 3721 4022 6378 2173 4093 3836 2054 3265 4629  146 3448  926  512   75   26 2919 5660 2421 4359 5700 3503  248 1227 6792 6221 3047 5183 6793  604 3410 4795 5282 4865 1030 6558  671 2093 2697 2764 1931 5265 4729  732  718 1800  225 5552 3187   72 2233 1378 2313 2713 5048 3020 5225 2069 1120 2292 4031 6691 5750 1176 5951 4863 3027 6371 4330 6544 3833 6399  899 1333 3354 4826
 5503 4061 4175  410 2185 1247 6611 6017 1733 3432 6252 6253  789 5259 2602 1901 3412  762 4471 4989 3028 6464  881 3124 1667 6306 1824   98 2900 3075 4213 2993 5872 2707 1389  717 4152 6314 3507 4297 1448 3658 3309 3861 4474 1793 1681 1868 3164 2019 2103  602 6321 4275 4720 3681 5965 6883 4338 3520 6278 1256  156  933 2058 4122 1343 1311 2270 5368 2104 3370 2254 6581 5415 3659 6170 6383 2922 5150 3614 5889   54
 1380 5979 6439 1677 6060 3066 4910 1069 5350 1265  327 6091  457  128 2454 4620  483 5629 5521 5568 3806  430 2871 6559 3025 5322 1491 1288 3782 2590 2629 2115 2998 5511 6409 4347   32 5569 5841  356 5164 2368 2885 4961 5470 1716 5463 3102 2246 6848 5241 6167 5813  322  996 5041 1685 6555 5930 2606 3568 4391  722  568 3969 6651 5465 3106  270  469  200  113  283 1695 6448 5505 3603 5948 6813 1581 4362 1358 2824
 2043 3532 3661 1819 2490 2949 4976 1072 6746 1975 2538 4760 2622 6498 1497 4675 2440  351 5711 6819 4892 1559 4635  611 4666 2394  186 2331 2826 2615 2446 5460 6585 6420 1341 4299 5522 6002 1558 2879 3465   83 2563 5493 3698  927 3455 6056 3431  302 4714  360 6508 2775  968 5599 3765 1898 3689 3560 4578 6496 5400 2720 1869 5614  472 4763 2363 5816 6698 1983 1278 6152 5352  627 4229 1540 4600 1191 1533 2777 6174
 3443 3110   80 3424 4073 4098 6641 3278 5057 5231 5024 4106 4115 3208   61 6867 5044 1690 5618 3345 4613 3607 5331 1445 3180 3973 6414 5998 3108 5670  362  904 3656  199 1371 2457 2333  871  983 1891   41 3971 4020 2661 5805 6527 4966 6607 3359 3767 2959 3842 4434 5688 6336  915 3169 3264 1767 5770 1019 1178 3550  292 4012 4104 1562  221 1482 5656   62 1516 3252 3150 4665 4777 3087 5916 6025 5239  227 4270 4926
 6483 1747   39  917 2413 2970 5991 2121  278 1981 3438 5651  460 1374 2499 1519 4389 6376 5490 1928 5230 5945 4965 4775 5867 2955 2123 3421 3531 4560 3793  947 5955 5731 6063   96 1628 2178 1837 1001 5086  202 2471 6427  644 3332  571 3104  197 5862 2169 3524 2208 4618 5961   82 2779 6678  945 5789 3683   27 4193 4124 1112  198 5103 6637 5357 1163 5743 6246 6580 6440 1880 5591 6149 6811 3919 3274 4346 1057 2988
 1879 6733 1630 1633 1991 2907 4582 3634 5877 6510 1507 4759 5064 1956 5099  570 4490 3200 1046 2895 5467 3601 4552 5540 4353 4014  204 5518 5474 4451 4035 1459 5491 2216 5918 6044 5037 2312 1965  645 6204 3435 5886 1962 4065 2745 4034 4417 5475  458 3730 5169 2014 2818 2215 3077  414 6134  630  210 1542  733 1775 3736 1137 1571 6466 5667 5701 4568 2314 4669  569  979 1642 6835  895 4464 4068 4332 3100 1712 6110
 3905 5101 3597 2958 4211 2344 1636 5015 4794 2383 1075 4825 2479 4636 5719  463 4479 3230  177 3923 6640 6137 1328 5732 2954   87 4099 2491 6216 5962 1061 4254 6711 1453 3390  820 1986 4749 1547 4019 1936 1579 2521 3022 2293 4246 1738 2715 4256  166 4667 6602 2773  216 2129 5871 4646 3844 5144 5425 3534 5402 4800 1511 1124  987  658 2556 1330 3065 2654 5969 6473 1804 1732 4867 6493 1425 6325 2559 6523 4954 4815
 4549 2397 6289 5061 4121  621  329 2624  921 1750 4428 6476 4879 5535  493 6576 1209 4096 5696 1117 5092  497 6254 1890 4982 1173 2684 6836 1934 5334 1718 2489  688 2765 3301 5426  120 1049  215 6574  542   31 2725 1393 3204 3674 1221 5890 6298 5439  514  798 5653 4155 2545 2385 6624 6503 5160 1515 1648 3462  553 4576 3997 3608 6341 6124 3657 3280 1071 5880 6277 6489   25 6564 3244 6638 1187 5882 2166 6271  538
 2896 1269  726 6078  298 6188 4487  451 1223 3845 2117 5394 2462 1078 5594 1233 3281 2074 3320 5211  438 6644 5803 6423 3411   36 3922 1665 2291 5760 6467 5896  471  467  151  973 4814 2520 3146 2634 1829 5396 6507 6069 6857 3900 6760 3895 2105 1161 1961 3518  374 3950  944 1423 4948 2228 5171 5671 4151 6827 1047 3715 2705    3  391 4383 2089 2709 5307 5708 1188 2982 5135 5085 6068 3019 6455 1616 5826 5527 6175
 2941 1760  824 1784  767 5006 3430 6212 6095 4980 5218 3382  590  359  260 3647 3699 3391 6323 4209 2094 5196 4642 3884 1739 4842 6101 4216 5519  886 5204 5486  382 3383 1976 3904 4116 3686 3173 1803 1967 3947   46 5691 3635 3454 2613  691 1947 2290 3466 5825 4779 6043 2151 1743 3026 1915 6136 5236 4919 2278 4639 5836 1259  682 6795 3646 4176 6623 4166 3830  942 5077 1440 2162  860 3792 2217 4888 4284 6457 1257
 4265 2432 3839 6655  754 6103 6394  107 6613 6593 6225  725 2528 2852 2551  607 4787 4829  544 2139 5684 1323 6809 4603 4707 6407 6866 6683 5863  486  271  158 1773 1639 5814 2666 5571 3924 3168 5063 5959 3142 3193 4079 1622 5149 4786 3030 4478 3039 6339 3959 1271 4055  320  703 1692  448 6841 1489 3001 4195 3350 3526 6881 6288  411 4713 6712 1849 5072 1050 2399 1994 3052  149 1322 6729  525  161 4091  619 1232
 6888 5313 5626 4063 2149 4770 6193 4367 3304 1546  217 1811 4741 4119 3849 5185 6864 2832 4832  515  775 2433 2682 2369 4731 2024  189 2065 2122 4950 6494 6762 4454 3785 6520 1480 4861 6860  116 1475 2112 1421 2201 4109 4902  375 5093 2874 5531 4305 4684 2635  677 2965 6196 6538 6755  936 2064 2760 1344  135 5130 1310 1347 2718 4370  946 2548 5697 5273 3222 6834 1556  594 2083 2805 6279 3502 5787 1799 2157 3035
  687 1184 2420  982 2272 1812  494 2585 4260 5268 1210 1787 4045 6743 1938 4651 6675  427 5654 3088  810  744 5469 6387 6708  631 2573 1669 4255 1789 3324 3990 2497 2688 6093 4149 1334 2843   81 2273 6373 5256 6685 4803 2124 5583 4140 2546 2218 1506 2732 6615 4589 2515 5047 2712 4446 6447 3068 4908 5277 3559 4539 6818 5926 3625 1123 6603 3859  416 4531 6403 5447 1539 2473 1714  487 5129 3044 1160 4043 2980 2438
 1555 6233 5278 4264 1603 5850 1887 4641 1258 6209 4633 3002  503 5524  922 1462 1452 1336  337   50 4547 4806 1717 4924 3036 4876  695 2030 1672 6416 4904 4883 1785 3343 6620 1663 4958 5388 6446  584  940 3296 6695 3419 2308  626 5561 5408 2567  786   57  124 5985 3670 5709 6443 5217 5043 3758 5737  961 3642 4848 1605 1705 4788 1945 2692 2408 3477  384 3344 6054 3843 4302 5642 6773 2095  296 4357 4301 3094 6738
 3426  412 1056 5554 3985 5389 4053 3818 2348 2107 3759  850 3627 4853 4656 1433 5516 2465 6397 6680 1111 3380 4419 1968 4107 1025 2034 2676 4222 4930 2298 6055 1827 6332 1099 5345 2496   33 4799 3116  897 4933 4385 3202  920  890 1086 5879 4103 1895 2455 5375 6828 5078 4565 4289 2417 1528 2660 1715 3490 2708 2803 6889 3889 6563  937 6554 4805 2366 4396 2031 4240 4983  126 3623 6524  334  102 3573 3497 4506 6240
 2002 4105 6876 1248 4173 6249 3757 3817 3624 1181 4503 2903 1427 6295 1467 1541 4440  790 2743 5162 4556 3372 3932 3032 2010 2549 6470 3564 3311   66 5356 2738 1856 2918 5685 5807 5517  547 5074 1653 6654  392 4300 3769  889 5579 2467 4356  277 5319 2329 3181  257 6227 2354  784 6756 2637 4870 5122 6401  545 2936 1436 3824 3341 4021 2133  492  884 6040 2591  828 1010 6519 6220 5809 4203 5450 3640 2072 5897 2808
  171 4593 3819 1303 5900 3788 2686 1091 4462 5824 3115 3206 1434 4180 3976 5604 2902 1175 1661 6013 3676 5752 3331 5197 6784 1237 4561 4225  769  755 4358 6701   55 5746 5244 6159 3186 2001 5854 5529 1688 2630 4916  648 5252 4378 6004 1589  143  299  581 3400 3936  479 2893 4110 1766 5014 1422 1020 4871 5963 2789  288 1302 2951 6135 5082 6633 3216 5759 1041 4268 6150 1944 1925 1907 1415 6197  185 3283 6286 6154
 2898 6814 2728 5145 5292 2427 3970 2256 1530 3790 5275 4458 1601 1761 2434 6317 1600 6206 4431 1861 4647  994 4159 1724 1007 6143 4008  635 3336 5921 6872 2873 1418 1485 6758 2510  934 6219 3401 5799 2806 1342 2735 5054 1301  620 4737  867 5650 4184 6561 3825 2463 5214 1626 6831 2258 6236  941 5383 1736 6280 6030 1666 2227 2000 2749 1912 3499 4248 6333 2307  891  932 1948  170 6106  243 3511 5718 6474  184 4500
 3300 5777 2251 2236 2791 1899  704 3079 3149 6546  454 1854 1860 3471 4764 3393  838 3420 3952 2028 1192  911 5433 3174 3667 1405 6302 4566 4259 6146 4990 6626 3242 3434 5557 2158 2604 1429 5436 6380 4687 5390 3488 4691 1576 3302 3071  701 2402 2430 1646 2801 2813 2529 5548 2061  624  869 4283  710 1186 1960 1552 2651 5767 5808 6669 5403 1106 5861 6381 1048 1372 3941 3953 1857 5119 2448 6575 6843 6123 6334 3679
 3998 5997 5477 3885  656 3775 6320 1762  822  501 4977  155 4599  409  502 6586  310 2931  778 1951 2096 2020 6707 5532 2757 1483  903 4973 1242 4875 3433  856 3099 6614 2721  665 3675 5332 4326 6115 3797 3787 3589  689 1118 4510 2282 1058 2327 4030 5184 5741 1594 3308 4323 1199 1711 5173  533 6186 4339 5504 6774 1028 1392 1889 3070  844 6791 6696 6347 5012 5392 6869 2306 6001 3158 4513 3089 2846 2913 4655 6553
 3906  153 2205 3548 5801 5888 4498 3177 5990  787 1698 2198 2657 2956 6635 3837 4957 1873 5706 5982 1364 3363 1591 5652 4748  370 2807 3346 2905 4530 4694 2700  829 1707 4758 5630 6358 6788 4190 3725 1831 4831 2199 1958 3772  700 2255 2436 4587 3512 2828 4273 2731 5446 2375 1770 1906 2670 2748 4590 4491 2197  404  730 5372  419 3493 2507 3295 6667 5045 4695 3078 5947 1225 4279 1993 3814 3525 3188 4984 5393 3269
 3082 2600  737 1128 5437 6345 2056 1674 1706 1473 6034 3126 5592 1809 3351 4042   43 4306 2359 6098 1451 1008   22 1059 1686 4169 3159 2560 6748 2144 2509 1131 1989 2241 6681 6461 1871 2048 5494 3551 3600 4921 1171 1349 6650 1316 5427 5166 6502 4241 4380  690 4677 6808 2237 4583 1013 6548 2437 6052 5016 4050   17 6807 5581 3961 6571 4601 1289 1250 2514 4335 4207 6840 6438  307 1719  629  617 2309 4817 6428 4884
 6722 1726 4927 1943 1300 4790 6102 3570  855 4828 1261 2277 4901 6303 5487 1016 5964 3702 1838 1293  746 3705 2206 1238 4291 4325 6657  388 2021 2343 3583 2371 1782 3352 2411 6425 1982 4542  863  694 4455 3479 2423 5025 2057 4138 6761 4130 4495 5243 2494 2275 3546 1444 5462 1484 5984 4218 2379 1262 2407 2441 1778 1802  301 6583  743 6274 3958 6041 5108 1036 3944 1617 6393 3731 5682 5761 3808  878 6092 3501 6572