 2116 4110 1416 6379  828 2342 6756  665 5798 6918 5796  723  119 4986 1934 6497  413 5865 5125 1212  860 3246 6229 2674  168 1253 4403 4773 1309 1025 2221 3563 4692 5398 2866 3613  887 5619 4077  815 3994 1826 6724 4084 6215  458 4947 5821 3426 5088 1718 4718 1806 5843 2486 6516 4767 2794 6696 5310  225 3685 2253 6343 2858 2233 4585 1241 2995 5939 6814 1759 1330  118 6573 6760 6588 6671  392 3182    2  825 5606 2491
 5056 4159  871 4550 2316 6950 2373 5240  110 4989 5987 3906 2821 6447 5635 6191 5848 5444 4512 1213 2487 4660 5700 1514 3747  142  450 6167 2957 6484 4418  379 4641  116  107  493 2752 1381 3203 3923 5492 3401 1094 5756 4943 1024 4073 4898 6093 2483  337 3111 2770 1402 5572 6616 6281 4685 1187 4315 5109 4398  217  474  265 2091 5384 4235 5613 4963   37 3004 2046 1813 6619 4619 3822 6415 3299 4353 2164 4603 4335  644
 5143 1407 6912 1803 6842 4841 4789 5765 6807 4910  540 3814 2218 5931  925 6132 2303 1017 3320 3279  417 6640 2954   68 7037 4369 5073    8 1614 6962 3419 6744 3895   18 2474 3996 6673 2013 2691 3888  581 5008   97 3181 5565 3949  485 6510  169  671  902 3554 2926 5591 1486 6334 5117 2867 4368 2163 5816  613 2087 6690 5670 1763 4688 2791 1762 4650 1347 3919 4467 6895 1644 4010  895 4275 4370 3560 1109 4726 4835 2637
 6074 1239 1334 2194 4973 4801 3734 5061  460 6548 6219 2606 3211 5080 5045 5963 4197 6453 4623 3099 3875 1184 3834 3746 6939 1729 3056 5662 5039  517 3660   52 1458 5547  157  359 2157 1724 3218 5282 5745 6408 2882 3100  631 5064 6444 6274 4921  468 4690 6515  145 2649 1917 3663 1694 2288 6296 2560 2368 5257 5440 3998 2837 6862 4470 4432 3178 2850 1877 2211  676 4148  897  530 4920 5414 5413   16 1799 2725 5331 2282
 4584  996 6574 3780  479 3562 3552 4135 2975 4813  698 1454 5188  393 3794 3217 1382 2974 6127 5610 1865  249 2016 4670 1220 4808 4712 5969 6790 1124 4919 2733 4442 4605  800 2677 6603  848 6174 1848  306 5834 1100 2566 4941  769 3639 1166 2065 6122 5219 3593 2998 5825 4721  400 3286 2807 3561 5287 5166 3630 5165  245 5012 5194 4463 1886 5101 4027 2216 4912 6823 3329 3573 4569 5800 4441 5226 4262 2256 3904  133 3497
 5663  488 4895 5369 6299  105 4174 2234 1068 3152 4034 2950 6998 4246 2079 6617 3811 3837 4332 1911 2362 3383 6746  304 5846 2228 3030 5888 5355 1380 5776 4215 3829 6221 5516 2665 6106 2568 3001  490 6456  957 6088 1193 6779  792 6087 4399 4698 6021 2709 6615 2126 5529 2313 6898 1882 6364 3179 1299 5742 4722 5296 6955  394  939 1966  480 1210 2145 1835 2618 1675 3495  411 4360 1895 3594 3337 2141 1592 3114 2497  426
 2136 3522 3815  748 1489 1807 3080 7027  293 5717 6677 4479 1589 3934 3508 1739 6983 3947 1828 4078 5478 5992 1384 5404 5294 3586 5342 3536 1087 3498 3920 6686 4819  635  459 1801 5978  791 2040 6098 6283 1321  385 4388 2076 3192 5724 3896 5026 4528 6719 2003 1951 3421 1319  454 6000 3174  435 2673 3215 4117  966 3868 2598 4444 7052 1899 2446 1655 6999 2663 4239 3447 1832 1378 3364 6518 5732 3108 6285 5579  255 5543
  981 4361 3067  965   93 6329 3715  558 1652  725 5596 1267 3222 4393 1549 2878 3732 3872 1007 7040 2258 2929 6687 5070 3500 5958 3346 2727 1307 4544  504 1116 6665 5110 6231  853 1572 1845 5027 3852  909 5840 6250 2425 6300 3059 4340 1817  770 5705 2029 5530 4206 3314 1084 6987 4295 1609 1831 1056 1533  772 3695 3259 6238 6622 5131 2630 6966 3542 4666 2517 5157 6001 5759 6944 1786 1231 5556 1119 4532  762 5659 6858
 1946 5875 6947  185 6869 1805 4997 2481 4516 1988 2650 1750 3956 1226 2721 4046 5164 4548 6047 2041 6502 2077 6612 5567 3810 6297 2496 1138 5937 1571 2890 5949 1132 6464 5915 2323   27 3468 6797 5442 5335 4094 2736 4390 3655 4308   34 5196 1173 1844  885 5345 1705 3332 4063 3782 2269 4540 2911 3010 3362 6144 2625 1332 4297  419 5488 6815 5113 2473  275 4481 1874 1338 2261 1326 3077  232 4228 6885 4261 3863 1627 3819
 1325 1369  248  944 6494  627 1457 4438 3493 5824 5808 4092 4664 5063 2458 2873 1196  250 6737 5741 2773 3072 1202 3469 4578 2074 2641 2237 7036 6794 5738 5708 5285 4697 2675 5719 2683 1624 5970 1021 4552 1223 1993 6184 1702 3202  260  180 6401 3378 4452 1181 2729 3754 1961 3668 4109 3848 2071 6471 4972 1560 7054 2419 5479 6566  486 4792 3756  442 6630  273 6181 3050 3000 4549 2784 1690 6562 2503 1699 6857 3858 3816
 4737 6275 1279  478 4099 2961 4079 4284 6901 6781  616  403 6216  128 5583 4788 1374 2962 5262  750  829 5371 6635 1556 5311 1022 2991 6336 4607 2128 3207 3558 3386 3047 3707 5665 6041 1575 5688 1399 6526 3492  638 4158 2227 6327 1858 5636 5876 4150 6878 5485  425 3321 3398  663  389 2498 1315 1023 6692 7009 5427 1266  192 3703 2693 1513 6522 1822 6855 1095 6090 4715 4884 3024 1871 6783 4965  728 2358  334 3304 2251
  940 1778  930 5614 6232   31 1927 4805 6883 4843  476 5760 3636 3361 2644 7006 3507 1474  383 1910 3048 3700 4527 2066 4831 1150 1630 5852 4376 2659 5951 3368 4188 7003 2611 2900 2338 6695 6843 6601 1580 5707 1417 6752 1888 3409 5986 1956  994 1164 4794  436 6628 4082 4849 2250  746 6908 1958 4224 1343 6676  398 2841 6595 1219 3549 2416 1647 6882 4567 1073 4194 4456  742 1521 6498  831 1311 5990 5408  849 5468 5715
 1685 1660 6581 4893 4164 3509 4055 5359 6541 3729 5573 1449 2490 2248 2156 3121  431 6325 2739 6519 4311 2552 1211 1171 7025 2327 3340 2099 7029 1304 1825 2442 3150 5615 2920 1746 7022 4707 3135 1669 3953 2058 6773 4211   22 3825 2298 2100 4031 1198 5107 6313 6736 5275 7033 5794 3609 6197 3084 1921  300 1503 5587 1938 1998 4022 4848 2272 5339 2057 1703 4380 2812 1710 3596 3620 2381 1679   82 4681 4397 5264 3146 3714
 6568 4509 4510 5874 5881 4859 2921  634  315 5999  470 5041 1419 1228 6774 1563 3661 5812 6130 3288 4478 1354 3110 6556 5482 6763 2804 1531  830 1089 4638 3654 5608  360   72  659 6233 1131 5238 7042 3711 1410 5506  277 4757  730 1726 5855 3370 1261 6458  804 2600  186  893 3992 6025 5714 3933 3777 5348 2271 6004 4104 1618  151  234 6289 2494 2672 2110 5844 1425 6952 2386 6153 2584  319 3670 5421 2223 6114 6558 4377
 2346 6166 3938 6356 6495 6644 1677 1656 4678 4185 4800  367 2512 2460 5450 3971 1216 1001 2158 6921  561 6778  412 5460 4713 1175 2506 3942  954 4371 3999 7021  605 4233 4002 2219 3683 3959  858 5420 4115 6349 5034 1785 1035 1075 1269 1939 2372 3129 5542 4328  712 1908   56 2267 3198 3051 2847 2314 5697 5861 6634 5276 4244 1385    6 6468 3289 1658 4725 4674 4755 4220   58 5560 6225 1174 5859 2927 5639 6150 4391 3326
 6176  515   88 6922  777 5880 2652 5247 1101 4916  827 6134  514 4096 6682 6792  740 4822 5900 5755  347  610 5929  380 3519 1484 3107 5630 6266 6430 3657 1586 4006 1492  525 1445 6460 6292 3718 5780 1054  340 1686 4400 2376 3516 3449  568  343 1649 5814  325 3480  905 4944 4357 5872 1430 6880 5283 6375  856 3014 5955 5277 3393 3172 6291 6965  656 2135 6152 1945 5195 3647 4417  661 4545 3720 6733  584 4341  990 5505
 2939 2771 3537 1821 3463 4630 4250 6341 6234 3653 6249 5068 2160 2457 3897 6580 3482 3939 1317 6303 5513 1437 1336 4474 2229 1525 1217 6188 3479 3316 3762  222  778 5935 1948 3617   83 1853 1142 6832 2021 2790 5837 5462  670 4064 4836 6961 6125 2895 3319 5832 1182 4229 1940 1429 3200 3946 5936 1730  785 6246 3302 5499 5322 2254  757 6951 1716 3614  868 6813  946 1019 5750 2055 6425 4218 2508 2623 5037 6077 2059 1169
 1914 3220 3771 4590 3922 4523 1986 2718 4976 1797 5463 5162 1952  335 3859 2848 2391 2901 3764 5236 4923 4087 6877 4881 6651 4271 2017 5091 6029 4649  547 2232 5913 1995 2406 1979 4644 5141 7030 1468 7004  594 6866 1433  733 3702 6474 6451 3465 4477 4857 4513 4526 4100 1201 3005 5372 5642 3058 5684  851  959 3031 7012 2043  590 3505 1633 3392 2586 4648 5921 1628 2264 2199  160   63 2339 4232  754 5592 6136  714  826
 6335 1719 4817 6585  774 1333 7053 2908  976 1617 6264 1125 5043 2960 4960 1078  735 5203 1401  181 5208 1038  156 6593  502 3065 3861 2257 5520 4033 2793 1053 5242 4091 3721 7014 1793 4026  484 6251 3138 1779  824 5186 4862  977 5769 2152 6378 5213 3219 4929 3142  256 6503 4269 1400 1742 1537 4975  717 3185 2580 5111 3871 5235 4615 5991 3191 6963 2923 2082 4088 3980 5504 3954 2255 4372 3322 4636 6210 5577   17 5997
 3544 5422 4617 1264 1133  243 3350 1743  854 3148   42 5445 2102 6239  506 2608 2597 3759 5869 4317 1099 2493 3524 6399 3369 2154 3037 4252 1885 6429 2704 5461 4440 1672  708  327 4375 4053 2687  775 5053 1284 5313 1607 6743  836 2344 2610 4260 2169  438 6218 3887  229 5681 3464  689 3003 6286 4506 4873 5360 6639 4575 6915 2915 3523 5466 3518 4971 5455 4746 4098 5180 3131 5627 6107 6226  736 5185 1781 2081 6142 3879
  535  336 4958 2001 4131 5349 6729 5250 4312 4936 1149 2626 2894 7056 4291 6102 4855 6323 5187  576 4178 5757 6545 1250 1352 6718 1523 4856 6822 4433 6636  270 2605 1123 6853 2436 2803 3970 1272 2924 6620 6082 4807  357 3390 3963 1723 1301 4515 2643  220 2479 4850 5778 2168 5299  645 6338  366 2522 3229 1509 4952 5641 3850 2562  310 2564 4899 6985  339 5297  816 5904  166 5366 1488 6509  956 2432  559 1651 3278 5144
 1541 1508 6193   61 4396 2645   95 3126 5344 1683 6700 5177 3167 1573 4245 5535 3328 5055 5746 2788 1158 3743 4423 6220  473 5293 1859 3367 1204 1003 6045 6100 3940 5829 5793 2056 1515 2224 2574 3917 2459 4579 4888 2050 5082 6675 2366 6699 2585 4824 2767 2019 3420 2592 7011 5207 1390 2397 5047 5266 2053 1276  691 1855 1415 2401 3619 4897 4554 5370  233 6440 6648 4658 5774 4766 6989  896 2146  721 1937  541 5896 2653
 2666 5137 4846  496 1681 6697 6916 1393 4016 7028 2062 6417 2861 2382 3443 2398 1014 4742 2434 1147 4272 6213 4436  949 3311 2526 4826  900  806 6618 1568 3578 2578 3694 2495 6632 5025 1418  167  622 5274 3297 1342 6068 1989 2334 2554 5767 2090 1579 6371 5580 1518 1103 4454 1528 1790 5878 6799  580 6754 4102 3204  682 6476 6940 4784 2528   84 4219 4759  882 6015 6046 5428 4462 4301 3799 6412 1206 6110 1894 4287  715
 4065 2692 1861 6892 2815 1045 6826 4500 2543 3625  405 3435 6011 4924 4191 3057  617  928 3375 4998 5946 3456  692 5703 5076 1620 5866 3117 7017 3159 4190 1638 3769 3365 4248 1800 5632 1059 5199 1318  240 5271 4392 4588 6820 3265 6212 3826 1659 2484 4243 1155 4061 2615 2151 4482 3921 1720 1043 2388 4134 4294 2976 5434 3187 5889  795 3283 2877 4671  251  153 4902  720 5067 3534 1840 6607 2811 5787 1243 5424 4739 6565
 1046 3792 4480 4018 6172 4557 5598  149  330   23 3862 1889 6411 6561 3136 2166 3068 4618 4364 4379 4814 4583 4461 4769 1170  912 3835 5571 2567 5489 5054  820 5092  533 4988 6019 3165 6044 3389 4720  140 3473 1890 6036 4051 4113 2930 2451 1236 2462 1654 6865 1197 5425 5046 4710 5739 3749 4157  472  187 2631 5267 1581 6204 2399 5540 2449 5924 4982 5885 1192  176  630 5850 2052 4730 2117 2942 3731 4812 3788 3504 1411
 3292  793 6290 6435 4922 2104 4909 1863 2688 3481 6314 1185 5000 1168  599  132 1030 2311 3884 6055 5471 1629 6722 6899 6735 3533 2839 5474 6345 4679 2540 5771 6393 2028 3301 2120 3376 5625 2209 5509 3735 1600 6119  182 4172 2983  297 5953 5763  672 5601 3604 4484 1639 3234 1290  961 5260 4352 2889 2609 5594 4355 2977  583  982 6052 2153 1049 4212 3294 5512 1595 4068 3965 4926 3296  549 6056 1323 1925 1424 4696 4756
 6745 3813 5694 2558 2123 3501 1776 6500 1625 4530  369 1992 4740 2044  216   74 4984  557 1896 3281 1903 4842  865 5984 6663 5253 6667 5532 5517 6206 2089 3543  399 1668 4288 6715 1066 6389 6627 5163 6241 3817 2009 3477 2870 2932 4373 5584 5674 1691  443  201 6977 1405 6472 6770 4342  773 5483 3470 5150 6149  555 1191 3356 5268 5898 2351 2842 3085 2860 2374 2222 1394 4735  345 5340 1090  416 3696 5892 6935  499 1350
 7016 1599 5653 2485 5167 4305 1260 4201 1688 7041 4089 1674 2475 5472 3502 3351 2751 3908 3642 1221 2203 3541  975 6870  150 5156 5920 6108 6557  531 2230  694 3441 2278 3040 1288 4435  164 5441  923 1534 4345 5270 4222 3877 5423 2627 5044 5550 1110 2180 3284 1941 5227 1353 1775 4025 2025 6701 3840 3830 6255 6071   78 1529 6555 6007 2492 2078 3066 2183 3103 1751 2776 5803 6126 5514 4300 2840 6394   48 6936 3950  911
 4964   70 4517 6517 6604 1112 6709 1083 5078 4935 1756  866 5038 6243 3916 1478 6890 3478 1408 3582 3271 6340 6837 5374 5657  553  284 5648 2174  648  601 1680 5304 4978 3857 6992 5312 1977  424 4338 4230 4741 4192 5599  931 2576 1248  964 3060 6748 1029  542 6139 1472 6821 1971 5465 1282 2667 2763 5903 5389 5447 4105 6442 3439 2045 1930 3818 2820 3900 1275 3823 2124 5328 2594 3109 6033 2695 3646   85  532  215 6764
 3597 4415 5210 6207 4538 1747 1968 2613 5726  312 5941 2014 3667 3983 6059 5085 4285 6889 4108 1802 2648 5433  796 1905  863 6991 4167 1044 1111 3651 4412  208 2476 5701 6333 1642  120 6739 3177 5957 2290 5126  341 5685 4719 3455 5933 4680 2287 3909 1230 1063 5357 1246 6148 2710 5640 1459 3312 1771 6511 2273  135 1477   67 3252 2614 3712 6859 1298 4598  585 4085 6552 6072 4052 3417 2130 4609  929 6888 3232  523 6623
 2699 6800 1162 2572 4331  651 6183 2910 6013 1645 3471   91 5621 4083 2210 5290 4655  586 3990 6180 1258 2015 3898 4508 3254 5762 7020  200 6881 1235 1500 1738 5324  230 6086 1749 2732 6091 4257 6534 5761 2072 1606 1753 4282 5593 4993 4934  864 5709 3090 2713 2461 2707 6337  550 2571 5554 6970  993 3274 6284 4485 3170 5396 3096  729 6896 2885 1011 1436 1975 5062 4325 1495 1395 1619 2553 4711 1047 5361 4951 1963 6347
 3641 4041 6846 3241 1920 1482   75 4616 3243 6370 5518 1506 3422 6437 3262  888 2030 5087 2114 4394 4036  614 5288 4093 5716 2965 5119 6003  684 3379 6372  899 3800  513 1455 6833 6492 1994 4214 2711 2535 5914 1291 2115 6018 2559  751 4037 5624 2275 5380 2510 6054 5051 6083 2295 3733 1370  879 3411 3049 3928 5830 4451  421 6871 1612 2402 3436 5337 2011 1037 5338 4662 6723  855 1076 1809 2547 5682 4223 2173 5699 2024
  766  158 1637 1901 5409 3525 1538 2444 1302 2067 1310 1972 6710  704 4914 3796 4242 5817 4199 3901 5395 5511  109 2746 3387  921 5015 3081 2963  278  573 6650 1292 5356 5777 4752 5607 3359 3086 2996 5950 5727 7007 4499  974 2880 4195 4247 2472 3738 6875 4221 4225 5211 4348 1665 4264   38 6787 4854 6450   49 5182  364 6664 2792 3854 1876 4296 6986 1389 6600 3912  756 1582 1329 4622 2101 2440 6406 5005 1727 6791 1878
 6520 3095 6990 5077  481  131 2620 3665 3581 2408 3591 1847 5891 1373 3282 3574 4086 4866 2582 3673 5805 7010 2031 5106  779 3595 5552 3467 3602 5245  395 5775 3722 1990 4833 5728 2423 3797 1483 2754 1130 1303 7024 6931  608 5058 5845  609 3273 6105 2359 3399 4453 1409 5586 5561 5309 3588 6505  789 2131 2277 4395 5320  211 4204 2134 5490 2595 2208 1626 3932 6945 2430 3960 5209 3611 6151  876 1190  713  349 2389 4779
 4286 4266 1085 4625 5735 2989 1242 7048 2226 2049 3034 2758 5459 3007 5678 4103 4189 2640 4448 4551 3461 1300 2371  467 1259 3184 4015 4634  916 3532  353 5938 5446 6240 4600 4729 4511 2822 2281 6980  323 5789 5683 5401  344 5557 3592  428 3315 5993 5813 6594 6185   45 5637 2177  214  695 1412 3097  979 6633 3967 3770 2730 2844 3116 2740 3483 4145 5330 3249 2514 6097 1118 3867 3914 1621 4405 6397  253 2979  511 6981
 4610 6711 5302 3568  943 1795 2350 2997 4574 1936 5405 6120 2384 2682 1632  755 6203 2181 6035 4196 4263  482  469 2945 1117 1850 2246  768 3529 3406 4883 1135 6610 5628 6359 3742 6473 6538 6363 4908  266 4128 5093  942 1115 5491 2299 6688 1422 4955 4421 4797 3599 5451  662 1955 2575 2383 6804 6789  624 4782  892 2708 6173 3285 3076 1547 4576 5566 5713 1548 6438 1431 4460 1570 2694  477 3798 1224 5537 5172 2855 2320
 2519 6512 3318 2759 4608 5842 4374 2835 2020 5457 1734 6155 1866 6827 6381  978  543 1810   19 1061 6259 5827 4488 4776 1512 5069 3677 4804 1114 2037 2829 1262 5032 1297   30 2241 6319 3974 6652  100 6486 6613 5118 6964 1915 6974 6318 2583 3708 5072 2377 1285 3162 6348  494 6061 2951 4054   41 6115 2405 3678 1344 1244 2093  129 4581 1804 1265 2236 5838 2534 2098 4723 4717 6775 5305 2984 2478 5819  382  587 4097 5722
 6532 6894 3020 2925 2315 1880 3697  951 2869 6224 2539  314 4447 3245 6549  483 5870 1540  111 6434 1427 3878 2903 3269  446 3363 5383  212 1391 4490 1550 6267 1356 2489 1837 5453 3589 5295 4289 6006 2188 3931 5772 4531 3175 3307 1733 4983 6419 5284  971 4775 5021 5006 1251 6971 5146 6192  850 6903 3758 2307 6141 7047 1526 4621 3002 3693 2190 4870  464  699 2172 4426 1249 3309 1070 6726 4336 1967 5153 5871 1159  497
  870 3587 6589 4495 5475 4356  406 1794 3866 2545 5894 6095 4654 5279 6236 6702 6465 4137 3022 1916 3496 1294   25 1293 3231   12 1887 2337 6089 3454  621 2240 3083 2007 4307 3385  790 4966  567 5181 3583  247 2542 5105 6605 5810 2922 4677 1700 3291 5696 3927   32 3201 2783 6431 4612  121   20 2816 5576 1440 3640 6570 1033 5016 6449 2469 2737  179 6031 1064 6830 5042 3656 6839 5152 1611 3343 3836 6758 4761 3275 2318
 1009 6043 4387 4056  758 2765 1768 1172  891 4894  602 6679 3147 2354  980 6694 6307  433 4487 3918 3905 4705 2836  239  697 6608 6547 4319 1505  456 5095 2429   11 4142 1864  422 1464 4005 4907 5910 2617 4180    5 2471 1222 5486 6681 3736 3659 4890 4932 3425 4071 5983 6544 4925 1588 6766 4691 6373  739  898 3925 2245 2918 1128 6751 3313 5367 3029 3535   77 5229 6092  639 4738 3012 5905 5948 6112 2336 2774 5770 4259
 6523 6819 4611  869 4153 7018 6020 1965 6257 2661 4176 5928  641 3381 6727 5533 2624 2912 2764 4572 3634 2450 4524   71  188 4918 1616 2132 6704 3052 1156 2150 3208 3123 4642 4913 1584  823 1036  562 4785  832 4736  329 6802 6598  238  727 6732  798  388  743 4562 5912 1650 1151 6344 6825 6418 2862 5788 2604 1027  463 4494 2008 4827 1904 1923 5934 3503 3272 6138 3802 4333 6988 1745   92 1765 2331 6410 5232 6010 5729
  299 6008 2326 5749 1039 6414 4518 1215 2387 2949 1767 4553  355 4595 6244 2859 5497 2395 6131 1760 4948 4256 1516 1788 2070 5246 6887  643  295  437 4475 2541 4750 1931 3013 3679 3948 6426 5831 6413 6753 6730 5799 4798  877  813 1676 1912 4639 4277 5410 1725 5748 6914 2589 1764 3806  148 4816 5385  108 2268 6943 1048 2297 7049 1312 1129 5525  744 3221 2317 5327 4990 2319 6423  276 5698 6024 4657  997 6817 1255  918
 3143 3423 1987 1830 2561 1452 4887 5184 1020 6592 2301 1034 4303  544 6217 6767 2196 2026 1811 5895   47 5982 1271 6661 1957 2789 5673 1893 5079 5407 6683 4938 6448  664 2144 2893 1229 5265 1798 4629 6407 6638 6959 3334 6352 6301 3621 4313 6178  154  138  948 4930 3487  268 5809  226 5940 4133 3684 1728 1277 2856 6039 5764 2689 2441 6117 5415 4580  130 5961 1057 1773 1770   73  114 5197 1363 5669 5033 3585 6691  629
 2899 4029  633 6953 1280 6624 3140 5737  960 6812 5718 4389  298  947 2621  332 5130 2868 4633 4160 2937 5154 2204 5609 4464 6265 6387 6277 1678 1349 6693 3682 3570 2705 1808 5179 6591 1365 6579  988 2601 3134 4074 5272 5654  821  363  418 5704 1143  290 4047 3160 5736 1922 3466 3889 6765 4661 2940 7044 1077 3410 4309 4410   14 6946  805 2738  414 6165 4497 4040 2262 1367 4599 3074 5048  410  223 3962 6064  607 5202
 5797 3141  685 3784 4733 3869  498  195 5347 1574 4791 6625 7039 4981 4928 6782 3347 2953 4258 3768 2638 6351  439 3011 6101 1256 2291 4381 3550 5281 5149 1536 6040 5801 3089 7034 1769 2647 3855  732 4465 6897 4593  173 2563  161 4347  969 1465 2668 3244 6050  509  636 6445 3062 3710  521 2741 6403 4796 5216  857 2768 2719 6026 4491 6917 2415 2777 3413 4906 6342 2656 6749  985 4123 3706  455 4560  846 2569  738 1696
 6182 1913 5802 4329 1462 1375 4203  520 5585 5791 5286 4227 1434 3485  722 3122 3648 5333 4937  711 1026 1376 2109  654 3342 2936 5052 6390 2302 2084 2706 6929  881 5155 4184 5160 1522 1377 5252 5215 1539  760 5996   94 3213  802 4413 1328 6164 5702 6361  801 3952 4624  937 6714 3442 3166  445 3930 4427 2418 5373 6835 4521 2570 2772 2697 2778 6023 3838 3433 5382 1752 4844 2349 5956 6242 2433 6689 2670 5581 4208  501
 3153 2845  718 6836 2035 2137 4765 3216 4828 1091 1823 2548 5966 3194 2760 4591 5680 1731  396 1816 4669 6674 5190 2982 6057 5651 5030 1564 4702 6017 2602 3287 2244 1157 4414 6360 3911 5183 1897 6713 5142 4446   98 4672  578  552 5595  408 3358  194 4090 4727 2956 4127 6311  867 6477 5945 5081 6586 5116 4274 1551 2286 1999  592 2300  883 6121  178 4409  163 1851  172 4931 3652 5743 4059 1697 3846 5887 2305 4845 6891
 6436 2907 2274 1711 6469 5925 5316 2352 3687 4940 1018 3786 5995 6795 6358 1713 3926 5661 3199 4535 2881 2871 4652 2322  324 1684 2671 1161 3966 5582 6780 2321    4 3015 5858 4156 5261 1305 4344 2599 5178 2106 4354  696 3400 3444 4949 6527 4238 3538 3450  852 4695 5671  623 2363 3330  667 2529 1692 6304 1460 2532 4323 6910 4163 4631 1006 3164 3845 4749 6420  859  589 2502  262 1784 1883 1396 4851 7002 5977 5541 1179
 3171 4744 5102 6222 1918 5965 1605 2934 6571  668  374 4743 1079  451  986 6146  351 1601 2335 6798 3266 4187 5147 2813 1924 1358 1234 6884 4961  162 5097 6316 6738  308 3372 3607 6202 6062 6602  261 6228 2400 5306 6260 1722 3686 6968 2420 4502 6205 1670 1812 1870 2409 4154 5558 1827 1005 1052 5655 5469 3474 3403  113 1335 3176 2047 2800 5145 4050 3741 5140 2805 5193 1469 5862 3310 6873 4358 2832 2587 2348 1397 4493
  808 2010 2088 3865 4546 5135 6893 4687  342 6621 5031 5018 2538 1510 1717 4070 5823 3517 6376 3883 4049 3196  362 4962 2955 6847 2122 2806 6658 5779 3238 3610 2524 6937 5170   46 4210 6076 3236 3616 3104 1167 5158 4565 2042  914 6656  112  660  305 3691 1981 6490 5217 3828  716 6143 4541 2531 6920 3391 4587 1487 6085 2817 1862 5574  177  207 3545 1188 1546  759 6171  992 6380 5563  875 6811 1974  841 5622 2678 3644
 3434 2964 4385 6793 6546 4877 6670 4753 3890 2121 1423 4021  309 1134 2140 5975 6949 6717  934 4321 3042 1141  522 3027 5650 5612 6784 3339 4132  321 2952 4318 4651  286  231   64 2105 2185 1364 1263 5314 5507 3727 5346 6655  653 2728 4832   57 1097 2289 2200 5386 3779 4179 4386 1561  402 4466 1815 6530 4270 2424  862 3139 2717 5028  375 6058 6194 5786 6154 6455 4320 5452  818 2755 3188 2129 4903 2669 5364 3603 5477
  204  189 2968 5784 2220 6539 3662  701 1273 5481 6805 6569 5258 2887 1857 2849 5493 5879 1074 2654 6324 4542 3789 4334 2681 3773  861 4439 3553 2824 3087 4645 6129 2795 4559  936 2356 3839  269 2332 1088 1860  680 6933 4048 1480 3709 3414 4571 5919 4830 6831 4120 6330 5402 7055 3675 1252 3737  734 3277 2702 5007 1207 3977  377 3943 5241 5781 4763 3327 4114 6310 5922 1818 1438 2027  655 6785  647 2735 2437 1493 4330
 3428 3256 1082 1562 2345 3270 6809 6642 2113 2898 5323 6659 5502 4483 2523  124 2504 6302  910 3336 3757 2655 1324 1194 5675 4140 1031 3824 3161 4384 5677 3458 1387 4825 3046 6354 6928 2456  945 3130 3569 1479 2202  560  917 5321  322 2048 2080 3728 6022 3546 3643 1909 6321 1441 4069 2766 2857 4896 2742 1195 4643 3151 5263 4787 4471 6684 7051 3290 5049 4507 5303 5575 4596 4290 2874 2993 6279  632 2639 4281 3650  331
  669 1496 5120 3515 2378 5807  679 5725 1706 3645 6195 4337  241 5259  516 1010 1355   79 4304 6099 5523 2854 3849 3511 6506 1108 1640  350 6187  702 2723 4449 3514 4777 3674 5204 3740 3053  606 2149 1062 6666 5254 1475 1322 4030 1942 4043 3373 4564 3357 2283 2703 1846 4112 1648 6028 4292 4129 1086 6365 3681 2370 6559  536 4472 5108 5860 3494 5645 6777 1058 6467 4970 6295 6567 6305  935 1933 4732 2428 4950 5971 1447
 1842 2159 1002 1205 5239 6388 3751  709 5071 2467 5023 3257 1448 6198 4116  788 6637 5692 6081 5332 3973  193 6540 3664 1636 5020  397  591 4420  288  745 1634  444 2775 6116 6972 3776 2657 5343  505 1392 4858 4694 3856 3913 2722 5994 5351 2743 6740 4700 6582 6424 1404 1662   96 5292 1608 6507 5476 5354 2828 6034 3559 2852 4170 2712 1774 5551 2685 4023 5564 3886 2635 1386  771 6762 6462 5602   28  919  526 3338 2865
 3666 4646  924 5690 5388 3805  292 3601 5456 4771 5256 4891 3701 6938 5029 3197 3183 2985  838 3253 2179 4111 4809 3440 3989 1997 1281  615 1833 2225 3017 4007 2904 6852 3638 4314    1 3303 1507 3753 6649 1104 1757 4892 4350 6466 3936 4125  799 2238 5643  642 5024 5300 1176 6750 6979 3853 2875  495 1766 3787 6247 4829 5448 5329  840  563  283 5544 6934 6491  537  686 2155 4062 2118 1435 3730 5792 2294 1148 5269 6769
 4668 2690  764 5315 1761 1351 2178 2827 5847 5853 5600  822 2642  534 3145 3344 3396  678 1949 5882 2928 5555 1953 4724  920 1466 5524 4728 3600 6067  381 5944 5066 6975 3462   33  833 4604 3827 6597 2919 6084  453 5363 6078 2407 1530 6828 1906 1852 3969  784 4141 3972 4362 6005    3 1072 4811 4162  236 2012 4714 5646 5086 3801 6009 6276 1631 1732 4995 6705 1485 1208 6978 4900 5868 1098 5449 1834 2094 6551 3395 1557
 6590 1527 4606   69 1782 3168 3964 6874 1814 5980 1225 3575 1013 6070 6768 3902 1015  279 5974 1254 5998  564  106 5711 1565 6452 2896 3038 2329 3713 4647 6306 6073 6158 2933 4994 5617  803 6731 1200 3580  492 2814 3225 5224  551 6840 6994 6175 6720 3598 5528 1121 5480 1884 5473 6287 5569 3499  202 1189 6851 2325 3250 2825 2213 4060 2470  391  368 4138 3671 1028 2263 1041 2324 2215  991 6080 3156 5011 4627 4240 3128
 6396 3206 6103 5205 4144  311 6374 5820 4979  604 3025 2734 5979 1257 5804 1152 5443 4401 2463 3608 6069 1306 2103 3063 2591 3240 5406 3026 4793 7013 6808  603 1463 4182 4072 6270  348  577 5545 3333 2445 1055  244 6967 4818 5754  677 2092 5649  372 1368 3860 5768 1643 1080 6416  190 1701 5220  205 2596 1604 1105 1976 5962 6227 2340 6872 6315 4901 4522 4363 5036 2511 5589  600 1587 4885   21 3556 2938 3899 4020 4626
 1671 6706 2581 4656 5403 7019 2973 4683 5040  346 5883  731 3180 3979 5899 1178 6235 1238 6200 2343 3394 2360 5411 4009 4810 6294 1929 6253  206 5926 3704 4253 2142 2369 2884 3360 5954 1051 5864 1978 1698   51 1646 4383 4886 6377  448 1900 5123 6761  646 2946 2958 1950 5225 4045 3101 6042 2501 5484 2138 5500  889 6489 4731 6433 5278 4701 1735 1357 1532 1501 1490 3726 6560 3021 2785 1596 2426  287 2530 2427  787 6209
 3115 5634 2843 4106  908 1339 1707   89 4957 4539 5381 5723 7045 3377  626 4251 4602 3785  913  529 5676 2296 6984 4004 7005 4273 4969   65 3763 5009 5378 3431  147 3127 4136 3576  441 5886 4860   81 4514 5169 1398 5884 3649 6350 6911 1113 5930 6245  103 2801 5501 1754 1498 4879 4837 1473 4339 4872  191 2970  289 6463 3995 2550 6643 1969 2833  487  640 7031  657  737 3672 4322 4566 2390 5611 1432 3669 5128 5835 2518
  843 1836  415 4169 1591 3635 3418 2969 5139   13 3564 6886 6014 2365 2357 5916  565  475 1283 3384 5968 6263 6941 4003 5319   59 6816  710  595 6876 2393  141 3045 4762 2312 5689 5001 6145 4501 2780 1140  894 6446 6268 3380 2978 3698 2632 6496 6404  235 2411 4682 4959 1597 6137 3705 2731 2276 5664 6657 3761  972 1270 2646 6531 6906 6037 2819  588 1872 6157 3018 5909  143 4781 4422 1414 2392 1137 2187 1139 4868 6879
 1146 5806 5136 5693 4570 6189 2175 5790 3155 3627 3626 6493 5658 3874 6755 6575 2994 6900 4283 1524 4326 1641 4594  574 1820 3371 6357 1341 2197 3491 3280 1577 6834 5010 5906  213 5075  666 4871 6432 1576 2851 4241 2361 3033 3633 1661 3261 1199 1481 2198 2684 2588 6326 5214 2906 4876 6309  901  102 6382 6079 5923 2892 1247 4039 1693 4863   99 2201  354 3069 1869  196 1932 3547 2629 3774 5326 3233 2747 2309 4864 4181
 5857 6312 2680  409 2914 3760 1991 1371 6395 4316 3124  983 3408 5633 2802 3366 5534  361 5877 2453 6470 1278 2023  906 5828 1709 5467 5325   35 3717 4768  539 2971 5856 4706 1891   44 4416 3133 6716 4996 2947 1345  159 6599 5782 5783 4378 4954  258 3528 2944   55  927 3820 1838 2527 4489 5435 3755 4933 6867 1667 1715 4699 7046 2414 2744 3120 6856 4880 2413  221 1126 7038 1032 5818 6123 4799 4349 6032 1666 3520 1453
  452 7026 3521 1366 4568 4207 4299 5952 2809 2112   53 1497 1456  307 6927 6113  674 5430 2823  117 6322 1545 5631 5626 6629 5198 1583 3036 6948 6320 3079 4927 2171 6803  371 6525 3209 5562 2306  237 4953 6662 2231 2347 4351  628  338 4402 2612  538 6861 6065  430 4013 5393  271 4632  274 1569 7043 2786 4760  970 6170 5019 2184 5192 2270 3092 3512 5849 3551 4637 3438 1286  786  407 4406 4147 2796 6439 4107 4786 2454
 2931 4823 2513  938  466 1519  503 5103 5988 1320 1613  753  652 6049  432 4450 6298 4302 2651 6508 5375 1154 6398 4293 3997 2864 2292 4956  658 1867  280 3975 6428 6163  447 5127 3555 3448 4267 3190 3821 6367 1346 5863 2967 3612 1841 6535  681 3489 2193 6339  320  706 5132  139 3255 6366 6596  878 3073 6514 2593 5960  835 4853 3006 4496 6860 5985  782 4237 4547 5148 3864 2679 2176 2404 3032 5623 5365 6576 5368 1426
  115 3915 6614 3355 6355  807 6478 6536 1268  809 3690 3903 1954 1664 6543 3935 6400 6002 5212 3258 3144  675 3882  834 6924 2060 4592 4455  136 3119  700 6282 2544 4193 1517 3460 2443 6757 2909 3071 3158 5174 5691 4520 2465 1060 1983 2761 2745  491 6742 4980 4867 2724 6405 1736 1792 6488 1555 3833 3724 2966 3445  303  693 6124 1443 5334 6631  904 4476 1092  989 6957 2439 2259 5191 3767 1973 6641 6721  688  958 6996
 4236 6016 2509  170  907 5667 2304 6904 5795 3766 4431 2990 6332  572 3486 3331 3149 6051  281 2831 5173 1829  264 3510  508 5431 6208 3490 5291  890 4366 6075  844 3239 6759  252 2385 1892  155 3295 4428 3812 1657 1737 6230 6703 2422 2902  524  842 2660 5022 2897 6190 2455 4486  313 3775 5822 4265 1593 3405 1107  612 4231   60 5527 6838 1843 5546 3567  471 4561 6863 6864 6521 3605 2096 4161 5352 6609 3680 5515 3041
 5394 4359  352 5656 6528 1177 2628  611  817  810 5590 2810 7023 5387 1714 2004 5721 3688   80 4276  171 4168 2085 2367 2988 6772 3944 2000 3628 5171 4473 1186 1578 6252 5151 3023 4640 3125 1712 4974 2189 3606 6583 5785  812 4343 5660 2068 1476 3540 2073 4904 4130 6537 2417 3157 4001  973 5458 6848 6487 4324 6258 1635   40 2537  765  926  356 4165 2787 5553  571 6685 6909 1755 4171 6707 6584 6199 5644  429 2285   29
 5851 2165 1511 4917  814  126 4820 1824 1856 6369 2265 3968 1943 3341  998 5890 5647 2005 1777 3808 1316 7032 4268  995 4734 4080 6196 5255  316 6201 3804 4038  950 3224 6741 3624 3453 5867 5065 4861 5731  780 4684 5083 3892 6829 1610 3035 4035 3016 4505  254 3981 6930 2686 1314 2364 1331 3961 2260 1442 4217 3019 6422 5618 2590  845 1881 5161 4875 5568 6063 2607 3214 2036 3941 3476 1461  545 2192 4019 2515 6698 3793
 5947 1819 4703 1598 3397 4492 6328 6168 2410 1102  962 5494 2520 5243 4709 1741  420 4457 2756 5416 6654 3276 2781 3044 6480  328  423 3847 4601 2139 3308 6457 4758  963 4255 2662 4869 6587 5090 3748 5350 6550 5733 3323 3841 4676 3699 2818 5752 3054 6958 6459 3571  197 6660 3881 3539 2182  198 4543 5089 1327  146  301 3807 5159 2551 2006 5379 6128  687 3008 3831 2063 6280  915 2500  386 5638 2555 3118 1287  932  365
 4367  767 3317 2505 4558 7050 3374 3976 3629 2464 5911 6712 1439 2022 3873 3475 1590 4905 4458 2943 2826 4802 3803 6647  548 4628 6479 6841 3268 3488 3513 2341 4537 1704 3293 5826  625 3772  569  512 1413  122  291  618 3193 2119 4967 2797 3984 6923 4419 1902  987 4754 5510 6973 5668 5377  227 4613 4146 6383 4118 3745 3795  703 6513 5578  554 2310  199 5747 3565  953 3088 4437 6109 4298  183 4177 4589 3986 5908 1096
 5902 3790  257 6053 5918 5943 3009 5531 3324 4042 2421 3102 6645 5927    7 5391 2243 3154 2069 1594 2161 6907 4534 1796 2054 6942 5629  593 6646 3260 3557 5604 3459 4942 5353   26  259 6919 4586  747 4708 2328 5280 1873 6391 5057 1274 4653 5417 3842 3880  527 5168 1787 4889 2941 3958 2107 3106  984  174  683  922 1740 4200  637 2032   76  507 6786 4795 2664  582  884 5538 5222 5013 6140 6273 5231 2018 3632 3407 4772
 4597 4663 5508 5059 5298 4425 3945 3451 6147 1450 2064  673 2125 5973 3692  967 6849 1065 5470  819 2148 3982  596 4202 2696 4017 1783 4209 3078 6402 5672 1985 2380 3716 1245 5498 6096 1144 4838 2033 6810 3844  210 3446 2714 4175 3676 1907 4852 3349 2577 3723 6483  137  952 3267 1127 4278 2698 2798  752 4121  749 6954 6788 6409  941  134 5248 5122 5981 4012 4686 6104 4066 1203 2034 2412 1340 1218 4911 3929 6611 5686
  741 5967 1502 2556 3112 1050 3876 4783 2913 1012 5114 5397 3531 4874 2808 3618 2212 2753 2002  390 6012 6133 5084 6844 2206 4011 2846 2353 5603 5099 5753 5251 5616  282 5972 2293   90  794 4028 4946 2549 2715 5138  776 6854 1615 6237 1748 5836 6027  401 2876 1653 4408 4327 1016 5249 4673 5437 6272 6926 2516 5376 6288 2452 2468 4198 4459  690 1959 3457   36 1535 1042 2480 1000  566 6956 4533 5221 5841 2083 4008 3070
 5536 2235 5730  267 1875  724  440 6030 2499 6353 5201 4992 1868 2355 2619   24 3506 6678 5620  219 3064 3744 2186 3388 5893 5244 1233  246 1122 3354 1446 4747 4693 5074 3791 1372 4155 5495  955 5917 5666 2748  125 4151 3572    9  518 4675 4620 1559 3098 3851 5464 5050 4780 4573 5308 4076 5124 2075 3891  317 6669 1289 4977 3924 2634 4067  999 4122 5362 3402 6261 5695  886 3061 5964 5526 5115 6902 2375 2726 4306 2992
 1780  597  123 1232 3725   87 5399 6038 5341 5336 4183 2039 3432 4865 1928  763 5112 2916 3132 6211 3306 2095 3752 4382 4205 1960 1721 4014 5176  874 5839 6223 6362 1504 5412 3251 3382 6386 5098  546  726 2167 3082 2403 2986 2853 7015  461 1313 7001 6997 5989 5100 6262  272  880 3615 1622 1360 6385   10 2658 5175 6111 1980 4803 1227 2799 5129 6454 5096 6801 1962 3228  294 6976  705 6160 3548 1214 4882 1982 5418 3566
 3910 3169 3055 4878 3264 5317  101 5307 2830 1663 5121 3195 2051 3484 4519 6572 2488 4404 4430 5720 6577  203 3987 3189 4024 4774  781 1682 4081 1602  556 3325 1348  620 4057 3298 1153 2247 4806 4704 1421 4468 4424 2249 4745 4915 6806 2127 2879 6668  462 3781 4991  224 1673 3590 3843 3988 6747 4556 2917 6461 4529 2565 4173 6868 6728  370 2108  184 3622 4445 2676 2999 1295 6960 3300 1296 4945 4939 4101 4614  318 6932
 5734 4840 7008 4999 5901 3870 6308 2838 1558 1337 3584 2701 3429 2086 2616  373 3430 3637 6850  707 1491 5605 5432  209 2438 6048 5223 4504   39 5438 5539 1180 2252 2987 5907 5390 3235 1451 4310   43 2195 5426 6392 3658 2935 6254  761 6482 4469 5233 5854  847  144 6672 2972 6118 2170 5301 4407 3237 2280  570 5133 1471 2477 3227  619 7035 3137 2205 3783 3427  384 2891 2521 2038 2147 1308 1898 4058 3437 5766 4770 5758
 2888 4987 5454 2435 2782 2333  358  218 5436 3424 2396 3091 2379 1944 2749  649 6179 3242 3689 6796 1008 1403 5873  326 1744  263 3230 3163 2330 2636 5035 6177 1567 3978 1406 2279 5549 4443 1554 6485 1996 2239 2394  873 4563 6331 2716 3809 2207 5652 4280 6734 4149 5815 6925 3093 5706 6214 2883  165 1209 1839 1689 3043 6993  872 1970 6384 3113   62 6156 6982 4582 4815 4249 3212 5751 4968 5289 6293 4659 3105 4985 1552
 3028  387 4764 1004 3075 4689 4790 2757  404  285 1585 6135 5522 4119 3173 2111 5004  510 5206 5588 1772 5218 6346 6725 4525 2700 1240 3472 6533 5003 3530 2266 1093 6317 3223 2981 5134 3210 1926 5358 1183 6499 1603  500 1067 5017 6680 2448  104 6094 4124 3750 1163 2447 2573 6501 3739 5228  783 5014  175 2143 4346 2507 6159 1494 1542 4778  296 6060 3957 6653 6969 6771 1069 5400 4152 5060 2133 5942 1081 3353 1136 3993
 4665 6529 5932  839 3894 1789 3623 1383 6443 4186 2162 4213 1544  333 4498 2482  837  575 2622 1623 5234 6475 2863 6441 3348 5597  650 5273 4751 1420 4075 2948 3719 4166 1695 5189 4821  933 3579 2905 6271 2980 4411  376 3305 5429 5503 4254  427 2886 1388 6578 2720 2097 4234   66  519 3955  811 1145 6368 1237 5318 3345 4226 1362 6563 5419 6269 4143 6421 4847 5392 2431 4434 2191 2557 6161 2536 5519 5237 1361 3404 4044
 2214 6708 4536 4126 2959 6913 4667  457 4000  228   15 2579 5104 5521 1499 6248 1444 6278 5679 5773 1758 2872 3452 6554 3991 2533 2750 1879 2762 4429 5959 5570 3885 2308 3631 5712 3985 3335   86 3412  719 3893 1984 1947 1379 3526 2217 3352 5687 3415 6256 3094 4748  434 1428  127 2284 6169 2603 1791 3247 6524 4716 5496 1359 6606 3577 6776 5976   50 2061 1120 6818 4834 2779 1708 5548 1854 3416  378 6553 4139 2769 3226
 3039 1543  465 1919 1467 4577 1040 5559 6542 2525 3765 5811 6504 1849 1106 1566  489 3263 4032 1470  797 6995 6564  598 2466 4216 1964 6626  528 5740 1687 6845 3186 1071 4635 6905 3951 5094 1160 6066 1553 3937 3527 5487 3778 1935 3832 5439 3248 4365 5710 3205 4555 2633  449  579 3907 6186 2834 5002 5744 4095 5200 5230  903 7000  152 6824 6427 4279 2242 1165 5897   54 5833 4839 4503 6481 2546  242 1520  302  968 6162