  208 4613 5768 3259 5801 1960 4521 5135 5115 2813 2231 5830 1265 6790 6482 4845 2937 2861 1949  960 1995 3579 4172 6226 1430 3431 1334 6861 2995 2624 3986 6162 4069 4712 2668  894  373 3158 2068 5918 7065 6993 6419 3696 5964 5240 5915 2719 1802 3918 4435 6927 1621 2963 4089 2029 7153 6288 6311 3373 3039 1640 2445  235 1080 3370 2267 1571  427 2454 6724 2208 2100 5949 3805 6902 3736  305 1447 3437 3725  155 5267 2515 1384
 5666 5518  904 5238 2862 4819 1326 2097 5639 6560 3172 2933 1355 2734 1368 4932 6036 2745 4917 5541 1084 4133 4933 1344 3783 2034 3488  791 3352 6387  881 2206 1010 6776 3173  512 1520 6971 2996  157 2194 2682 5045 6736 5633  194 1015 4331 5622 5080 1902 4528 2814 5761 2637 4494 4319 2431 4264 1013 4867 3657 2119 2826 6283 6652 2476 1317 1533 2026 1956 1122 5361 2915  418 6379 5760 4991 1901 4796 7223 7182 7124 5958 3675
 2575 4027 3623 3990 2788  509 1669 6252 6445 4355 4323 1462 2175  670 1426 5558 6459 7112 5175 1624 3927 5400 3007 6975 5536 4749  460 4761 6822 2987 6328 6156 1965 3762 1177 2387  831 4665  953 2858 2102 1997 1366 2498 3886 2997 2966 4024 4872 1587 1633 2385 4173 2311 5451 3798 1321 3038 7083    1 6299 3266 1109 1202 1862 5486 6796 1082 6543 1702 1449 4777 6857 2784 6134 6200 4353 5986 5011  205 4095 4386 1665 6099 4345
 2938 4566 3773 3390 3750 6825 5898 3415 3899 6462 5525 1723 2959 7086 3307 5467 2212 6068 1474  432 2457 6049 7138 5204  258 2265 5298  975 5248 1935  413 6768 2687 5991 1791 5253 4238 5586  471 4605 4923 5320  214 5591 6120 5039 2159 4247 1258 2455 1446  295 1884 3227 4638 6599 2256 1340 2622 5005 5383 7029 3614 4019 1448 6218 4568 5542 5582 1538 4959  619 1201 2564  978 1847 1580  184 5780 5036 2561 7166 2866   91 2295
 2563 4820 1788 1586 2486 6123  248 3702 2171 3884 5767 2233 4056 6997 3895 4321 2673 3132  833 4813 5534 3920 6204 1849 5931 4397 3011 3186 2589 5471 6931 3457 2557  559 4423  849 7007 5419 3073 5456  878  540 3225 2060 1207 2280 6485 7217 2126 4732 7045 6843 1517 1143  855 6775 6081 3467  880 2249 2839 4586 4375 5438 5242 3536 6112 2323   49 2015  433  834  842 5607 2925 5387 2761 6084 4158 6142 6108 4875  210 4503 2202
 5180  979 5334 3954 1216 5825 5933  918 2016 1466  267 7126 3101 6924 5469 2976 3951  695 3771  763 3188  467  661 4454  126  308 3171 4067 5751 3354 6400 6582 4303 1945 4163 6838 6864 4420 4097 6447 3368 7037 6338  480 7139  967 3546 5435 6539   78  402 4901 3849 5543 4399 5177 2191 3728 1347 5577 6569  626 4900 6962 1916 2935 3082 3459  875 3707 4207 5865  785 4105  755   14 4880 5755 6565 1690  335 3587  711 3815 5494
 2314 6382 4026 2011 2003 5422 5515 5016 4989  249 2243 2825 3688 2573 3645 4557 3840 4573  781 6842 3444 6644 5787  388 4935 7170 6687 3113 2766 1779 5265 1273  605 1806  986 7057 6012 5579 3262  284 2142 4559  731 4096 5031 6043  328 4245 4810 1167 4790 2103  949 6427 4541 2600 6256 2346 1302 3532 4402 7150 6910 1876 5425 2842  596  669 3756 2671 6507 5468 1644 5363 4999 6278 3787   15 4944  381  104 4038 5850 4398  698
 2588 3362 3396 2623 6498 4920  446  130 6101 1002 6519 6696 3571 6279 5795 6933 6348 1346  382 5190  525 2865 4154 4966 1445 5492 5883 6246 6449 6277 5119 4028 4246  268   26 1501 2414 4752 6953  440 1851  909 3904 1484 1328 5939 2460  615 6236 2537 6906 2160 3527  866 2934 4403 6473 1440 1217 5950 2066 3932 4487 1603 5722 4382  321 7080 5106   33 6812 4763 6067 1237 2618 1443  671  124 5168 5028 6594 2628 1043 4267 6597
 6890 2832 6121 1042 1584 1380 5390 1120  686    8 6977 1734 5402 6998 2413 3317 1731 2609 2999 2580 4082 6695 1198 3447 1390 5778 4800  593 2383 2727 3636 4509 3695  505 7104 2605   70 2884 2725  900 5920  608 5021 4002 4773 5379  180 2449 6904 5117 4774  607 6895 5647 1526 7188 4270 4992  828 3090   40 6187 5878 3890 5426 1880  504 1975 7185 5729 6778 6692  991 6371 3791  222 5283 3279 7183 2432 2226 2074 3663 5063 6654
 6841 4984  699 3149 4647 1428 6983 4775 2437 1051 4046 1793 2478 3969 3044 5523 1807 1634 1679 7220 4183 1782 2253  657 1744 2889 6169 2639 5244 6738 5116  144 2150 5698 2516  912 6749 4836 6580  784 4596 4130  499 5790 2240 7175 5241 4955  297 6591 5393 4025 2840 3693  806  856 6792 2502 3684 7195 7000 5444 3957 5299 2421 5581 5714 2793 3680 3010 2978 1306 3900 6131  135 3538 2680  872 3868 6882 4273 2139 1164 1455 1615
 6915 5982 6855 1811 6887 4020 2080 4006 5734 1810 2288 1059   50 3876 6115 6430 6829   44 6572 1479 5465 1006 3115 5619 4686 2405 5153 6310 1069 1504 4066   87 2644  940 2028 1435 2057 1222  296 5943 1124 2071 6439 7040 4839 6948 4833 2742 6435 2098 3059  237 3602 4383 3052 6249 2949 3110 3671 3723 5360 6786 4890 4879 1608 4653 6850  276 5972 4553 3131 1178 5922  821  347 2932 3451  250 3000 5926 6393 6661 1822 2606  342
 4709 4941 3816 7142 4438 4645 2427  850  902  379  438 4254 4223 4088  146 2030 2930 2782  642 4877 4085 5810 2109 2859 1853 2299 4111 3482 6651 2867 4107 6903 6023 3976 4244 4287 2124 1636 6237 6140 5736  819 1532 2969  554 1691 5597 4562 6811 3382  910 1882 4218 4379 5512 1475 3028 6255 5660 5669 4516 2535 1576 5155 5611 5007 1954 1508 4167 3264 3738 1643 5079 6230 1267 5700 2417 6853 2984  163 1087 4451 4550 4778 5769
 1968 5600 4731 2504 2808 6212 7218 1271 1465 4675 4061 3275 4650 7140 6863 2374 5124 1596 7193 1359 2094 1639 4348 2521 6909 5100 3439 4929 1231 6545 3851 6787  715 1195 3593 2683 1369 3498 6309 1238 6178 5353 2520 2350 4480 6384  121  142 6836 4549 2183 3867 5609 2556 3698 2283 1653 6087 3631 4905 1651 4936 6628 1241 5546 3582 6876 4590 3213 3206 5530 2290  795  572 2375  787 2831  771 6856 1240 4229 3562 2717 1676 1940
 6566 4140 4643  723 1725  552 6574  813 4998 6152 1292 4497  354 4822 3408 6117 4908 1957 4441 5136 7001 5027 5559 3747  493 6021 3192 1183 2493 6898 1814 1747 2919 4793  823 5571  529 5723 3524 1768 5196 1157 6093 3921 6448 2847 4821 2456 5928 5092 5980 2965 5357 3590 3161 3678 4881 2785  119   21 6446 2595    2 5960 5312 4754  625 3819 4708 5174 6629 4615 1242 1686 6647 1496 3626 3662 1291 3893  117 4776 1102 2706 3083
 6401 5395 5997 6285 6705  281 3699 6524 4683 1903 5018  802  911 5012 5154 4575 4931 2181 3065 6136 3269 4921 6453 1868 4165 4641 7189 6729  257  814 3256  485  994  337 5019  392 4074 2207  824 7026 1534 5099 3070 2948 1555  692 1262 3016 4750  234 6905 1170 5966 6362 6756 1618 7184 4858 1095 2492 3883 6388 3331  585 6157 6663 1909  825 3506 1982 3822 4225 2487 3272  843 1778 6600 7067 4635 4894 2259 3075  100 1932 5743
 4853 4607 4593 4609 2232 5705 4352 1363 2407 6806 6244 4976 1211 1135 5803  396 3811 6956 3624 7173 3915 3504  532 3406 7008 1922 5206 1541 6892 5888 5069 1528 5929 1561 4333 7055  186 7022 5589 5532 6180 1697 2316  341 1227 5741 6329 4315  539 1750 7133 3190 4870 5900 3558 5565 5142 3308 2093  643 2104 2737 4444 5585 6233 1381 4032   80 5202 1946 2882  992 4610  201 3326 1999   98 3013 1228 6158 5049 1661 2956   72  805
 1032 3346 7169 6758 3485 3917 6072 2353 2559 4283 1356 2014 1931 5210 5365 2902 5149 5973 1031 4956 4220 5557  971 4481 5302 5279  497  808 7180 2781 3551 6308 4730 3316 4102 6874 3643 2553 5843 4978 1354 6389  630 5742  139  740 3359  838 2627 5086 5548 1035 3987   60 2362 4308 2570  178 5504 3518 3102 3480 1266  274 3903 5809  172  706 5103  778 6573 6646 3799 3911 3722 4687 6846 7224 4883 2854 2802 1540 4231 5433 1552
  206 5169 6438 2815 4987 6725 1219 4507 3765 6147 4134 1895  683 3817 4462  578 6032 6711  858 6708 2696 1089 1017 6481  114 7174 2885 4995 1039 3088 6819  461 6263 1801 5754 5834 1592 2893  841 1908 3937 5144 1072 6618 1741 3894 6189 6815 4424 2526 2652  886 2341 1883 5485 6533 7105 1403 2574 5488 5655 6281 5696  255 2947 1185 5971  930  906 3053 4523  488 2204 7130 6048 4429 1650 6698 3456 2076 1800 1243 5137  853 5181
  236 5874 5294 4062  204 6999  508 6635 2555 1213  407 2472 1495 2261  112   20 2552 3287 1582  410 6089 4145 3026 5916 3124 1850 2837 4662 5623 6802 2805 4690 3612 1160 5601 2483 6197 1714 1780 3566  601 5305 7035 1859 2425 5604 1869 2173 1888 2312 6484 6095 6177  535  271  777 2704 5037 3084 2994 4785 7144 5626 7176 6343 3517 1418 5009 5848 6421 2811 3490 2063 2056 6868 6337 4060 3426 5260  944 3501 6532 4591 5892 4898
 1911 5258 2364 4711 6759 4535 5552 6407 6772 3343 1275 4628 6335  458  563 2786 1158 4135 6515 5782  160  368 1419 3251 6966 2140 3184 6757  707 2880 1610 6378 3748  727 5195 1833 6192 3852 1823 6486 6588 6606 4738 1899 3176 1937  185 1386 3380 5122 4947 6380  837 3845 1152 5001  536 2401 6771 1648  958 2878 1510 3821 3539 7165   36 5979 2054 1295 6700 5375  754 6951 4310  224 6561 1816 2031 3064 3281 3371 5695 5472 6807
 3589 4012 5251  693  749 4657 7168 4844 3080 4865 6922 3356 5347 5853 4116 6693 1870 3355 1776 4305 4235 1887 3474 2517 4852 5905 3283 2423 1406 4266 6798 1897 6392 2942 2004 2953 4075 6381 1490 3238 3638 1310 1136   24 1722 5060 5043 3855 6630 2464  851 6589 1628 5121 6770 3653 2633  892  927  942 1494  959 6690 4160 6709  583 4588 4846  644  682 5750 6092 1766  970 3162 5628 5323 5104  466 1086 6622 5952 5442 5166 1414
 1758  955 4291 3074 6955 5897 3231 3404 4268 6290 4927 2466  640 2473 1264 4691 6368 3208 7043 1400 2613 3711 3170 5514 2450  312 4249 4779 3278 5867 1594 3700 2775 3410 2523 3385 6534 2619 6396 4280 7197 2451 5616 3470 5976 3812 1577 5648  533 5498 6830 1335 6625 4106 4112 1667 7091 1070 1781 3424 4463 5566  531 1438 5068 1081 1139 2795 1052 6636 4912 6849 1248  501 3481 4194  468  344 3330 6219 2458 2467 6443 3372 3469
 1865 5625 2675  484 5603 6563 1408 5032 4489 5404 3060  588 4203 4895 2643 2532 3914  523 1924 3922 3630 1488 6541 2828 3290 5868 5901  211 7028 1057  451 5431 4132 6514 5613 5459 2663 5475  908 5482 5237 1599 2640 3409  721 6912 1005 3364 2876 2941  289 4512 5851 2665  786 1785 5133 2354 7015 2391 2477  301 7049 1225 6000 6950 5197  349 6245 2830 5522 6041 4806 6280 3574 1531 3305 3054 3332 4390 1337 1625 5343 2377 5158
 6143  102 1223 3737 1630 5346 7005  860 2621 2118 3621 6503 6469 5107 4068 5495 5500 1018 4619 6456 3341 5823  511  845 4530 2676 3182   41 2821 5324 5744 4968 6603 4759  507 1301 4666  618 3155  395 3420 4849 3801 4534 3128 3473 3379  443 3072  652 2850 6497 3611 4988 4815 3837 3681 1726 5975 5249 6765 3137 6259 4389 1131 1585 6029  408  982 7009  232  965 3267 2475 5074 6133 1944 5706 7023 7172 5113   13    7 3175 5681
  545 5161 5521 6176 1578 6320 5282 5134 4368 1090 1142 2489 5319  502 5808 4407   93 3154 4164 2678 1522 1154  215 2931 6704 3795 3193 3724 3033 5738 1226 6537 6270 4177 2849 2182 5840 1964 4047 1834 5035 7200 6044 2776  774 5384 2186 1416 6431 4427 3670 4336 1315 5820 6239 1175 4439 6799 5191 3782 2033 6428 3573 1703 1026  366 7199 5968 2211 3739  983  371 2816 1362 4479 4744 3183 7090 5130 2435  348  316 4206 4474 6617
 1951  622 3029 6315 5052 4065 3250 6150 3254 2892 1875 2036 5093 6016 4285 4077 1695 5385 3177 1941 4888 1342 4753 3061 3715 4595 5380 6510 5337 4542 1485 6107 6122 5396 3557 5861 1269 5508 3093 4334 3210 7077 2977   52 4814  426 1967 7155 5527 1330 2906 1550 5405 3349 1789 3395  475 3979  587 4702 3391 3035 6404 5303  241 6038 2236 3625 5833 1507 1837   23 1832 4043 1825 4906 3535  311 7056 5239 2002 3338   55 6292 5511
 3664 2428 6965  897 4295  852 5310  404  140  701 1174  191 6941 2448   65 6814 3913 2021 5663 4241  238 5574 4685 7221 5704 1716 6702 6655   58 3313 2434  246 6616 1657 3034 1919 3509 2617 2729 5992 5725 1442 2730 6558 5674 2767 4000 2998  334 1425  145 6947 3568 5533 1598 2921 6339 2972 4496 2936 3394 4263 5797 1906 1568 2045 3496 6376 4866 2079 4288 6793 4127  769 2328 5126 4697 5837 3405 7179 5053 5999 5821 3561 3478
 4710 1378 3691 4942 1409 1189 7094 1128 5910  790  103  609  962 4190  459 7151  431 4700 1434 1303 2270 7209 4696 5455 3471 3298 6039 7214 1457 5480 1831 1646 4518 6557 5904 5450 5614 4221 6146 2818 2724   82 6888 6801 5229 4396 2952 4387 1952 1361 6138 1398 1288 6823 6866 3991 3985 3067 7177 4406  696 3049 2404   84 5687 2645 2507 6553 6854 6367  822  343 4501  664 1684 2234 4144 2220  976  242 5583 6386 1327 5789 6556
 6575 4834   79 6182 2415 1314 7204 4808 2529 3268 1973   77 5692 4899 1749 5439 2170  498 1388 5232 4312 7030 5381  275  993  147 1110 4326 6908 1701 4964  934 3253 3690 2620 6871 3569 4663 6416 2531 3422 1819 4434 3232 2510 3336 3519   53 3567 3144 7038 3648 6319 2817 5985 2700 5516 1574 4003 1509 5042 5203 7103 1553 2201 1784 1252 6810 4051  503 5436 7082 1093 4079 5776 3772 4314 3714 1524 5354 6520 3321 7014 1930  510
 5280 2284 4317 6100 6737 2161 1004 4584 1421 7034 2768 3534 4751  730 3578 4764 3477 5120 4217 1311 5549 3432 2545 4036 2361 2072 5885  193 2006 2798 5038  885 3743 1988 6037   28 2241 6441 1208 1808 5753  656  759 1917 2975 2329 6097  584 4274  132 3235 6479 1272 3594 1371 6727 1840 7092 4627 6683 1365 4373 5345 6834 3442 6844 4180  439 6677 4269  543 3491 5185 5656  764 6593  487 5350 5594 4419  573 6934 4059 7036 2791
 6610  322 6694 2744 1863 5640  367 6229 6397 4483  876 3112 6491  108 1619 3399 4044 1322 2971  925 3705  492 2868 1739 2697 3944 6546 1279 3807 1318 5550 2603  256 3156 1367  527 5328 5208 4022 1192 5598 4473 6357 3974 5946 2827 4837 6018 3107 6766 2178 4722 2629 6858  345 5983 3740 6195 4723 4520 1456 5055 2416 2320 3226 5330 5578 7017 3547 5896 5517 5199   86  231 2398 2308 1990 4100 5140 1276 6884 5029 3318 1209 4963
 2597 6907 1536 2988 5458 6374 3885 6675  464  478 2741 6450 2318 4378 3731  200 1155 6974   95 4124 3091 6891 1855 1173  672  867 6954 5047 4540 1867 3789 4191 4372 6549 6088 4631 5630 6221 5109 1688 6488 2749 1287 2898 6455  420 4413 6988 4537 3475 3995 1718 4969 2465 1377 1125 6691  152  447 3854 3729 1111 4644 4581 6196 1970 6171 5646  638 7119 3340 3050 1300 2732 2685 1422 2714 7064 6547 1351  304 4057 5805 2774 2899
 1078 6466 4843 2200 6209 2227 1113 6126 3533 3523 4443 4011 4447 2660 4809 3130   69 6096 2701 3507 7027 2304 4574 4943 3472 4772  602 5145 4123 4380 6550  320    5 1824 7167 5847 1305 3970 5409 1761 6995 1616 3674  441 4455 5793 5250 2420 1647 3196 5308  871 2735 2484 3141 6470 2205 4655  816 2962 4236 2459 5871 2929  922 7051 4257  548 2091 5638  582  457 6257 6403 2275 6960 2658  423 4624 6732 3071  377 2810 4961 6688
 3008 2491 6206 3758 6653 4394 5688 1820 3374 4482 5554 5644 1224 6168 4161  765  473 4452 1263 4418 1450 4724 5690 6609 1994 3923 2228 6706 3752 3609 5271 2864  352 3194 1025 1829 1654  327 5555  620  753 6673 7046  660 6341 2536 5659 7143 6740 5184 3237 6624  899 1629 4505 4054 5745 5290  570 1500 5129 6312 6034 6873 2922  653 5141 2703 4110 2246 3754 6080 6828 2625 3619  575 3818  598  864 1712 2313  705 2147 1984 5200
 5331 4099  649 4811 6002 1921  675 6166 3520 4546 5351 4544 4109 4950 5592 2242  445  179 2820 4747 1607  339  428 6577  862 1733 1969 5894 6996 6181 4004   54  869 3650 6282 5813 6726  272 6004 7111 4840 5599  889 6963 1602   48 1549 2756  779 2043 3794 5806  220 1153 6716 4200 1094 5084 2040 2649 3118 4515 3751 6475  251 2721 2286 2918 6463 3727 3425 4677 5309 5152 3418 6523 4478 3842 1936  747 4993 4841 5479 4255 5911
 2853 3004   96 6355 6198  694 4598 7207 2823 2787 7181 4426 5179 6241 6058 3412 6148 6917 3803 1593 2106  719 6340  197 5831 5050 1372  782  177 3348 4740 6596  109 2615 3414 2874  192 4629 4847 5791 2664 3968 5201 6961 1886 2005 6346 1609 5022 1674 3948  984 5424 4679 6061 3966 4377 3329  260 3297 6423 3342 1145  218 3312 4746 2908 2027 6949  290 4864 4704   42 4450  411 3150 2549 5077 4832 4589 5661  173 3166 4466 4648
 6642 2365  752 3228 3529 6972 5641 6273 5608  788 6457 1891 2928   88 4745 2856  526 5311 2216 3564 5540 4362 4364 4782 2389  604 6297 2367 1529 4699 3570 3950 5269 7100 1383 1836 5284 2051 1963 4859 4667  324 1432 5671  770 1877 4600 5010 1182 3659 1068 7164 3669 6639 4256 4437 1092 3099 6764 2690 3378 3299 2041  567 5940 1839 6129 3939   73 4168 7215 6251 3030 1947 6098 6496 2944 7129  929 4583 1605 6623   47 2855 1332
 5712 1942 4262 2895 4548 7132 4080 2310 3037 5281 1062 1458 4493 6289 5497 6615 5157 3302  780 1338 5078  245 3726  793 4033 3875 3448 4938 5329 1071  270 4205  783 1019 2359 1469 3973 2926 6538 3489 1480 6979 2541 4199 4233 3759 1588 4365 1404 4784 2538  430 3672 6028 6261 5783 2911  203  916 1161 1358 3746 1685 6620 3324 3224 6163 7131 5173 6952 6225 5054 7074 4228 3741  169 5507 1199 6897 5339   29 6406 4453  319 3097
 6116 2674 2145 5710 1482 2326  687 1708 6071 5225 6668 3809 7145 1147 6399 3622 6326 4669 4893 4693 6518  449 5857  239 5727 2452 3260 5263 2792 4237  229  558 3993 6472 5394 7089 5978  530 2293 7006 4351  243 5097 4094 2151 3494 5748 1573 1683 3276 3572  658 2468 5222 4801  398 4063  627 2046 1117 6460 3963 4703 3462 2534 6564 4492 3476 6542  127 2298 5747  491 4970 4842  720 7013 5595 5876 4121 1626 4597  199   25  129
 1977 4671 2335 6035 3270 1331  804 4659  667 5987 4052 4092 3793  760 4511 2302 5531 2130 1565 3109 3716 6506  374 2769 7201 5413 2888 2662 3315 4284 5071 1491 2195 3274 2058 7048 3502 3977 5726  326 1556 4240 4768 5014 3450 1373 4533  299 6405  435 2129 1203 5740 1764 3599 4654 2577  767 6671 3419 3983 6365 3768 5397 3167 5771 5502 6008  611 5794   37 6267 3209 6135 2667 3865 1159 3548 3169 1041 5764 6679 5895 2923 6408
 3310  951 3717 2086 1132 6862 5957 1974 3220  569 1233 3654  415 5355 2077 2681 5025 2345  775 3628 6078  811 3285 1763 3635 4030  190 5219 1364 2973 6516 2239 6179 4918 6253 1187 5962 2519  524 1127 5301 5993 5670 5573 7085 4138  887 3935 5013 3828 1511 1374 6544 6330 3595 1983 2539 6643 2479 3687 7113  353  890 2752  318 3796 4428 6957 6686 1769 4467 5034 6305 4017 1180 5406 6294 1168 6923 5677 1038  522 3164 5786 7216
 1845 5547  254 1641 1021 2146 5163  489 5462 4313 3761 6555 1881 2614 4147 7060 4137 1707 6073 5804 2736 5634 2873 2739 3777 6773 1861 4828 3694 4169 3248 6005 2722 3384  164 1486 6461 2190 1412 2576 5919 2702 5590 1864 5000  330 4341 6065 1282 7121  734 3291 3239 2394 1163 6667  228 3733 7118 5967 2348 4166 2149 4141 4212 6318 1107 1631 1670 6199 2163 2778 2371 6440 3616 5860 4720 3639 3709 2050 6014 1472 1439 6353 5440
 2168 2189 4401 7069 4404 6712 4577 6383 4878 4986 1171  848 5815 1049 4460 4185 1011    3 6783  732 1866  537 6641 6336 4408 4297   57 6125 2471 3577 2610 6718 5720 5101 6992 6780 6366   81 7081 2981  655 4851 4261 3123 6144 3339 2343 2695 2447 6504 5822 2780 2542 2188 1803 6930   64 1033 5327 4838 3464  729 5006 6680 5128 1513 1283 6879 4242 1333 1879 4431 5990 2834  500 2075   51 6091 1119  963  287 1516 2349 4346 6159
 1783 3581  294 5370 7072 1188 3785 3411 4555 5765 6102 5418 3965 3827  896  632 2551   18 5636 5658 1943 7149 5758 6587   35 2279 7044 1815 5519  636 5056 1547 4715 3980 5618 2707 2642  737 6526 3960 6056 6155 3098 2764 1771 2772 1544 3024 2122 5420 5866 3584 3105 2989 4041  677 1632 4508 6248  278 5509 3407 3537 1852 2592 2087 3129 3788 3998 6304  329 4039 4367 4799 4538 4527 3831 5340 4673 5682  827 4726 4902 2550  358
 7186 1772 2699 1055 6301 4578 3246 1379 1926 7070 3218 6011 4904 4072 1123 3925 2422 5752 2758 6300 1073 3588  165 2134 1353 5082 4058 6132 7194 6605 3559 1012 4971 1818 6517 1681 1453 1357 4253 5499  456 3445 4354   66 2357 3153  292 2331 3766 1927 1206 4642 2881 6268 1478 4332 6060 3947 5407 5762 5254 4565  972 1293 3303 5903 3191 6415 7011 4198 5059 7160 6739 4468 5274 2222 1735 2238 2084  213 5858  230  225 4440 5724
 2670 4410 6748 2794 4045 7159 5341 6153 4552 2128 1889 4611 4197 6105 5214 6869 2872 2480  761 6334 3541 1564  684 6672 6053 4459  286 2851 5344 1775 4499 5228 2251 3042  903 4649 6502 1309  646 5984  937 5221 6936 3521 2801 4360 2272 1600 4005 6703 2096 3511 1530 4300 5075 2870 5520 5775 3111  756  285 1212 2512 6697 3934 2158 1014 5629  676  282 1905  612 7196  148 4411 2257  568 5766 7146 5529 4616 2822 4281 6202  773
  209 3323 2463  678  679 1545  990 6867 2064 2192 3242 6464 1200 5936 5501 3500 4919 1637 2569 2010 3679 4639 5236 3351 1289 3833 1075 4860 2694 7031  387 6699 3629 4525 6682   46 1959 1904 3718 2217 5065 4661 1234 4150  673 3047 3655 5856 2388 5882 6987 5852 4187 4159 3792 2193 3055 4934 5631 4705  574 3720 6968 6808 6264 3633 3971 6191 5811 1913 2961  996 3846 4381 3847 4949 4327 1254 2993 5094 4306 3219  143 6137 3252
 1732 6752 3563 6064 5461  665 3147 6567 3929 1710 5058 4630  113 2845 3063 3146 5819 4139 4684 3357 5002 6033 1003 6118 3640 5951  495 3499 2053 2321 3615 5083 2136 4721 5716  150 2344 5024 2733 2968 4476 4529 5657 6785 2894 2509 2636 1907 5218 5004 5270 3066 3503 2946 2481 3204 5352 2546 6015 5123 3087 4265 3058 4560 2172 1104 6613  391  122 3522 6585 6797 1777 5899  580 1008 6398   43 1251 2210 6165  370 3797 2085 5076
 3841 2844 5854 3525  356 3545 6451 3092 5150 2751 4618 5907 5449 1481 1471 2081  390  444 3869 3441 7206 5924 3560 1706 4795 2661  452 3212 1878 1953 6234 2579 5423 6832 3601 5257 2135  712 5995 1623   68 3322 4736 6809 3972 7198 5739 2169  966 1040 3834 1798 3769 3465 6076 5176  961 5072 3449 3081 2593  835 6364 1348 5178 1655 2829 6350 5503 4488 5198  162 3515 4848 2174 2141  429  891 1562 6735 6284 6360 7178 3421 6066
 5800 1704 1720 3874 2679 6733 6375 3928 4707 6174 4227 2800 2957 4594  606 6260 3393 4118 4393 1713 1770 5544 5318 3377 2565 2319 4694 5912 3027  264 6896 5881 4421 1962 4502 3257 2960 4824 3040  943 5707 1525 7122  666 1896 1843 4636 7097 6424 3753 2806  691 2790 7157 5701 1307 1162 3017 4973 5818   85 5276 3292 3988 1281 1036 2669 4250 3981 2598 3048 6429 4086 4347 4980  170 5732 3189 3906  556 2474 3872 5313   92 2133
 6172 5593 1591  406 2213 5448 1595 3294 1085 5887 5369 2594 1991 3708 3982 1543 6851 3755 1746 2755  291 1694   99 6521 6363 3214 1420 2648 4606 5812 6275 4042 2709 5359 5432 3416 4495 2496 2503 6050  728  915 1316 2583 2062 4748 7012 6746 4125 2812 2897 5358 3896 2356 6017  273 1934 5401 4371 5784 3389 3764 5146 6345 5829 5234 3085 3199 6467 5131 2069 4214 4997  594 3454 5041 2586 4318  645 2469 5490 3014  722 5110  436
 3392 1548  714 4432 2042 1728 3742 2657 4277 3002 4674 3938 2429 4735  240 4415 5268 5841  595 2896 2023 2061 3289  859 2691  303 4972 2229 2315 1274 4633 3397 6779 3864 2386  141 3119 5923 2397 2379 7162 5959 4513 4760 5694 5304 3891 3704 3376 6433 6852 5481 3003 4374 1037 6079 3453 4531  980 4301 2572 3468 7158 1925 4475 1106 5921 2156 7108 6055 1343 1138 5209 4545 5653 3683 2115 2655 3277 2255 5817 4388 5285 6568  744
   12 3676  614 3479  807 7020 1652 1024  363 5398 6826 5877 3682 4101 6007 4307   27 6149 6707 5067 6678 3543  628 2499 5207 4903 2869 5391 4176 5245 2165  888 6865 3870 2368 7205 2402 4344 1477 3375 1792  115 2090 2601 6784 5981 5286  520  551 3223 3403 6744 1760 3388 3127 1730  465 2358 2738 6478 5441  151 2599 4856  917 4506 6701 5506  663 4579 1871 4050 3174 5003 6614 4015 3304 6145 2203 1858 5452 4204 5703 2991 4572
  577 1184 3293 4945 6665 1590  212  159 2513 1261 2177 2037 6323 5061 2634 3608 7016 6003 6203 7019 4857 5211 3763 1938 6970  659 2797 3926  412 3713 6054 1535 2554 2292 2917 3641 1244 2439 5408 5275 3943 2306 5306 2143 7202 1001 5733 7068 5545 3032 3512  988  700 4617 6075  724 7187 2777 3286 5679 2940 5205 5463  362 3202 2105 1622 4829  455 3197 7025 1392 2533 4868 4664 1512 5906 3802 2789 1817 4029 6978 4979 1370 7152
 4142 5108  481 3552 1473 4940  516 2693 6669 6878  713 1148 1205 5484  883 1682 5332 3706 5085  870 4539 3618 1029 3667 2590 1606 6414 6984 4409 6411 5125 4001 2039 4728 2164 5447  725 6621  989 6967 3905 1912  414 6022 3949 2209 4294 4885  171 7002  836 4558 2799 1581 1893 5535 3145 1827 6394 7106 6208  600 1220 2025 7147 2907 3353 7128 5235 1885 2688 6989 2017 6839 1989 6803 6763 6942  277 2390 5711  283 5487 1130   19
 4279 5017 6216 3826 3021  174 5259 5415 4461 3814  156 5839 4983 3780 5410   16 3603 7116 2400 4370 2970 6720 2088 7095 2544 6717  726 1751 7203 6111 4369 3575 1950 1729  247  161  717 5731 3936 2567 3492 6913 6788 4304  812 4152 5112 6247 1054 4070 4448 6943 4967 3427  576 4517 6743 4073 2301 2438  351 3103  375  116 4769 6190 2753  425 6303 6781 1339 5524   97 3810 4678  409 1985 1992 5781 5569 2305 1097 2336 4563 3015
 1786 7114 5095 5596 2384  534 2406  101 1627 3068  372 7110 7018  936 1129  830 3138 4787 5496 5278 6487 4484 4258 2490 4640 4275  697  544 1795 7163 4251 2269 5165 5020 5942 6919  482 5675  518 6528  599  557 3586 2296 2712 2250 2511 6881 4010 5664  105 3830 1759  631 5938 1165 2560 3597 4433 6211 4634 3135 6215 3178 1711 1415 5127 3779 6760 5844 5227 2852 4957 4081 7107 1841 3660 2728 3284 6893 4556  138 6083 4224  974
 4071 4915 1790 6298  621  307 3510 5416 3994 5988 1673 2843 6331 6562 1635 4741 2289 2913 3018  742 1121 5362 3077  674 4876  167 4292 6417 1181  592  479 3856 1900 4680 5708 5691 1410 5624 3888 5667 3022 4464 5023 3100 5551 2112  219 4491 1890 1133 1915 4143 6124 3136 1856 4882 2809 6184 5737 6938 2743 2581 2131 7137 6069 1079 5615 1179 1874 6019 7078 2754 6986  739 7062 1268 5735  306  207 1140 5454 6741 6059 5779 2322
 4886 1597 6010 2939 1034 6452 4514 3665 3775 5709 1756 1399 5026 4614 3604  964 3942 1169 6885 2548 6595 1738 4477 4014 6530 2107   32 1692 5562 3215 4122 1336  417 1397 1987  549 4830 3941 3280 5338  789 5273 2117 2120 2860 6959  483 4827 1892 6103 6571 5777  933 4302 6870  555 1857 6493 6747  637 2166 5030 6817 5934 1044  815  293 1557 7102 7098 3592 2412 1678 6981 2495 6860 5081 3953  854 3255 5322  513 6324 6681 3436
 3703 4446 6751 3701 2252  279  233 4222 5935 1451 5156 5224 2274 1498 5932 1489 6265 6306 6789 1427 6645 2891 4023 3824 1828  106 3440 1787 2518 4430 3205 4802 2418 6409 4322 1499 4930 7033 5649 4951 5719 6420 1405 7079 6499 6715 4286 4762 4733 3952 1796 3607 2501  803 2433 1284 5662 3651  874 2196   63 5376 6932 3600 5277 2020 1116 3243 2123 5807 3858 2587 1537 5187 4271 3151 3719 5909 4376 1395  332 2955 1463 1441  947
 2547 2632 1429 2705 4299 3116  317 3656 3076 2369 6354 6657  826 3345 4008 3094 5296 4965 3661 5713 4695 3666 5637 3835 3078 5602 5756 2373 4486 1324 4248 6213 6128 5374 1286 6982 5307 3776 6750 3126 4201 3233 2073  361 3767 2584 5445  442 3005 6333 5389 5090 2380 4718 3051 3838 3848 3337 5632 2399 5568 2684 1757 1099 4189 5832 6074 1387 1993 2723 1312  469 1249 1210 3596 2726  610 1986 3401 6160  136 6710 2582 6295 4524
  920 5612 2497 6512 5873  710 6193 2281 3236 3823 1860 2049 7073  378 1391 4755 2616 4293  226 5588 2127 2287 6151  310 6070 6713 6026 3881 3850 1719 2692 6859 4093  969 6619  703 6477 5680 4195 4854 2048 3333 2089 6813 6501 2334 4532 2218  654 5635 6391 5537 5172 5044 3334 6742 3721 5378  873  647 3009 2954 3230 3859 4805 3516  359 1736 3962  416  571 2710 7041  968  472 1053 7032 2395 7109 3832  616 4103 4608 3045 4547
  338 1100 2221 4887 3844 4975 5886 5170 2983 1083 2819 2990 1542 5143 1030 2408 4184 6845 6006 5216  519 2715 4714 3946  365 5930 3367  840 3992 2198 1141 1299  110  490 1753 4182 5620 3610 5717 7054 4985 3114  738 2863 1971 7052 6046 6958 1103 7192 2914  792 6214 3531 3398 4567 3553 5792 3344 3931 6753 3435 3400 1023 1376 1611 1245 7136 2113 4826 5089 4602 6390 1821 3079 1285 3542 4087 5429 4213 4855 2393 5064 5678 6370
 3843 1452 2215 3249 5539   17 6659 2271 4146 6632  280 4798 2716  364 4713 1998 1166 3637 5098 6894 3790 5040 6875 4064 3443 6598 6795 6656 2410  586 3347 6194 5718 5246 4954 5879 1663 3613 3207 3143 4243 6522 3866 3134 5621  863  650 3652 4536 3505 5872  797 5255 2282 6611  118 4149  346 1996 5256  844 1063 3673 4850 4688 5864 2604 4897 1115 6205  357 2262 4325  629 4554 3857 3157 4117 1417  253 3031 3185 6235 4652 3089
 2945 2505  931 2225  477  766 6269 1920 1559 5453 5773 6139 5164 6106 3041 1717  634 4717  183 1527 4329 4425 7156 2059 1468 7154 7050 1218  708 5838 7047  624 5917  898 2985 4208 6824 7087 3550 5576 7148  758 6944 4500 3301 2167 4913 2626 2591 5835 2132 1689 2219 1589 5913 4359 1551 3365 1460 1278   10 1151 1642 1671 6254 4719 4871 2485  689 2638 3734 3909 6581 6349 3216 1675 6900 5372 3889 4990 5643 4490 3598 4791 3328
 3978 2008 6734 1360 5685 4442 3860 3062 6880 1979 2381 4756  486 1767 4289 2762 4910 1045    6 6227 1487 3495 4818 1190 5213 6666 2338 1144 4171 2763 2024 6505 3168 6578 6130 5827  300 1502 2333  809 5689  956 2462  799   56 5556 3350 1539 5989 1290 2672 6990 2779 1444 6437  158 4831 6052 4120 1709 6608 6175 3887  662  924  617 3967 6358 5231 5489 4048 5770 4342 6754  957 5799 5567 6020  496 6800 1672 4298 5564 4296 2848
  935 5699 3508  651 3159 4825 2757 6877 6027 5289 5460 3360 6154  133 6185 5096  829 4290 5066 5956 7117 3658  405 1176 7171 1604  997 3195 2530 3001 2223 5147 5977 3580 1727 4309 6508  590 2070 2273 4232 2666 5814 6232 1809 2446 2909 1236 1193 2065  265 1191  134 4543 3873   94 6347 5272 2718 1846  768 6540 2824 1259  450 6030 2920 5902  938 2327 5893 6899 6670 4792 5386 2382 2488 4192 5315 6920 6631 1396 3133 7024 3627
 4620  907 5220 1514 5325 3749 1933 6359 4958 1105 2857  261 2659 4804 6186 5816 2363 3461 6755 2187  794 5925 4658 2698 6024 6847 6045 2708  941 5728 3309 6579 5293 6468 1000 2378 2199 5651  750 3295 4311 6685 1345 5335 1805 3901  298 1436 2307  681  810 4924 4457 4356 1048 5314  515 5884 5610 3924 3649 1762 1560 3774  818 2424 3820  901 3730  153 5317 5538 6513 4104 5672 4366 5252 6113 2325 4226 2879 4952 5171 2419 2392
 1613 2566 3528  437 3020  131 3386 1009  932  380 4340 2144 3958  565 4770  189 6042 3908 4156 2248 4873 3916 5033 1737 4113 1658 5908 4926 6454  743 4766 5849 4035  847 5796 4646 4737 2631 6552 4632  384 4202 4884 5891 6820 7088 2114 1898 6886 1754 6220 7084 4925 3201  868 1431 4977 4330 6889 2237 5889 7003 3897 6527 4739 2092 7004 2441 1699 2078  923 6650 1939 1058 4193 1246 5111 6509 3463 6731 1752  633 2653 1918 1700
 6791  424 4013 5430 6607 5513  977 4767  401 5749 5828  981 6551 2748 5476 4498 1645  648 3383 3686 2214  474 5215 7211 5826 6377 6985 5062 5188 2426  400   75 3757 2540 1156 2596 5087  360 3933 3306 2101 4174 2044 2641 4765 2950 6444  751 3423 6730 1774 3095 5697 2835 5584  757 5411 4357  187 6432 5862 1096 5836 6946 6373 1972 4676 1325 1394 3606 2125 2796 2138 4395 2689 2770 2184 1521 5189 4335 5291 5392 4576  166 3996
 4007   90 2396 4937 1558  798 6840 4151 3366 6649 5570  999 3800 1296  393 6494 3760 2608 2342 2001 6173 3179 2912 3402 1563 2440  107   22 4129 5057 1483 6531 5587 3956 4682 2803 4817 3466 2409 7123  579 2303   71 6332 4916 2258 4672 5505 5561 3325  877 6242 4337 1755 2980 5212 7053 4458 5403 2038 5364 2783 3460 4316 1112 6110 6745 3181 2992 4328 3863 4385  541  547 6167 4623 5483 1614 5160 3125 5526 2309 5051 1221 5326
 2360 4436 4211 3961 5382 3997 3446 4939 7225 6576 3023 4186 6991 1385  195 5721 4128 6094 5159  914 4771 5763 4974 4405 5491 2875 6047  252 6664 3217  893 1497 2836 5955  921 5356 5996  741 3555 1389 1329 4861 1076 1981 1424 4031  336 5875 2903 4456 4157 7161 4339  350 1098 3247  839 1196 4996 3245  175 2514 2276 3825 5890 5715 2009 6816 6161 1518 4155 1476 3117 6422 6831  309 7093  463 3361 4994  198 6548 3096 1077 4239
 4350 6104 6929 3148 2332 2376 3605 7096  454 2411 4414 3086 4891  355  879 4324 5333 4230 3964  333 1842 1656 4400 5859 4758 2927 6818  288 2720  168 4018 2442  919 6127 6511 1721 4953 3513 2032 3940  736 5746 1612 2339 5434 6976 3647 6051 6926  950 4148 3483 1047  538 2176 7190  149 4922 6001 2157 4108  987 2108  796 6674 3540 1114 6964 6114 3320 1515 6529 6085 6266 2351 5617 3526 3497 6937 6317  581 4021  846  154 6684
 2294 7213  946  591 2330 2148 5730  926 6592 6458 4896 2713 3882 5470 5974 2285 2247 4131 4863 5969  857 5217 4361 2121 3554 2067 1411  176 1250  688 2871 2500   61 5070  680 2254 3984 1617 6762 2528 6222 4259 6238 2986 6188 6228 6495 6973 4485 5553 2291 4725 2773 6638 1838 1894 6434  223 2370  882 2162 6935 1813 7010 4835 6325 1064 4570  376 6025 6082 1150 6483  269 2527 5139 1229 6918 1506 2355 3556 2055 4392 2153 6794
 6141 4422 6293 5702 2352 1835   89  521 1698  865  422 5572 3142  913 4698 2110 2317 5478 6761 5048 4823 4470 2000 5759 4114 3804 1666 5914 4391 2958 5953 3187 2650 5427 2095 5963 4209  202 6835 4504  542 7042 4727 4445 1204 4526 6774 2740 5192 3744 1257 2099 5102  386 1118 5650 4076 2116 5295 4215 4034 1620 6658 4962 1459  550 6109 1067 4622 5693 3959 4909 1799 2244 4098 6719 2568 1280  137 1748 5846 5457 3999 5297  718
 4907 3019 2635  383 6276 4625 1519 4794   59 3122 6327 2771 1194  641 2179 4252 2974 6402 6442 1020  221 2403 1232 6413 5421  820 4343 1804 2430 2602 5073 2436 6272 3786 2804 4519 1215 5673 4188  905 1350 2443 5684 2453  861 6604 1172 4384 6945 6217 5414 6911 5627 2013 4170 5954 3493 1687 2018 2887 6648 2260  188 3455 2185 5676 1715 6921 2155 6872 2324  985 1319 3335 7115 6602 6769 1137 1873 2677 5316 3458 3438 7219 7075
 2900   45 3975 4603 7191 2035 4016 5091   83 4136 7099 5798 2759 2651 2886   62 3930  331 5288  748 4601 2612 1066 2686 2647 1980 2506 2841 6090 5226 1579 5528 1375 3632 5114 6425 2047  227 4358 1197 4580 1567 1065 1235  560 3229 7101 4789 6601 3222 5233 3263 6916 5466 3434 5046 1705 6183 2877 5417 4272  120 3288 4788 6489 5941  884 2760 4078 3617 3861 4604  419 5774 3025 6728  182 6395 1423 7059 6240 6626 4363 3620 1696
 6321  181 7208 3712 6436 3211 1027  528 1101  325 1464 1948 5965 4276 7212 1910  476 1928 4786 5477  385 6500 4090 3487 2482 6584 1523  448 3036 2278 4716 4783  603 3829 3327 1467 3221 6714 6689 6633 4757 5945 5563 4561 5668    9 6057  800 4282 2197 5186 4091 5510 5287 6201 1830 3877 5606 2224 4040 5998 2543 2943 1966 4807 3369 5652  244 5266 7061 3198 2979 2765 4892 3685 1088 4874 4179 2264  639 1493 4742 5474 2444  562
 4914 4551 1382 7222 2470 1826 4219 3878 4571 3241 4234 6925 4009 6722 4587 6474 4816 6767 1074 5493 7071 1743 3910 4734 5262 6590 3413 2230 1007 2611 4196 2833 4582 6243  589 6316 1323 4278 1260 1461 3139 1664 4660 4181 1413  259 6119 5428 1108 1660 5686 4175 4260  302 3311 5845 1742 3300 5580 4928 1923 1677 7063 6535  561  421 2646 2522 2654 2461 5802 2746 5261 1126 6351 3430  514 6627 5292  217  216 2747    4 4651 3871
 3735 6634 1797 1961 1304 4946 2019 5349 6777 6559 3104 4797 3692 4948 1247 4416 4982 5368 6721 1134 2300  762 6940 6969   39 1407 4510 5377 6586 4084  564 6210 6883 1503 4449 3433 5948 2883 2607 3576 7135 2337 5665  716 6369 1740 3565 1149 5183 5842 3642 4522 3784 2964 6207 6031 1270 5223 1745   11  313 4320  340 6637 1470 1256 6583 4585 3358 1022 5961   76 6723 3165 4701 6344 2558   34  125   30 6554  998  470   38 5824
 2152  123 6833 1572 5446 1659 1320  954 1955 4729 5008 7021 3319 1341 6314 1844 6040  668 3955 6164 1601 2916 6612 7125 3273 1393 6837 6287 6676 6302 1794 5464 3898 5869 3234 3839 1848 4869 2340 5944  314 5870 3163 4960 6662 5855  776   67  772 2982 1854   74 3387 1277 6465 3486 1914  196 5645 7127 4569 3452  939 3006 2904 3056 6782 2524 2585  832 2297 5321 5162 1492 6901 4472  817 2508 3808 3892 6291 6804 4692 1554 1061
 6570 3591 2180 6286 3057 6361 2111 5788 5785 2846 2052 3265   31 1505 6490 7039 7134 3836 4417 3585 6939 2235 2890 3813 3296 5247 3732 6827 2807  948 2838 3012 6412  266 6640 3484 6471 3240 2494 1308 2083  613  553 5970 3152 1028 2910 6170 1313 1680 5167 5880  434 4889 3043 3778 6224 5371  403 4803 5863 3203  745 3880 3258 3677 6525 1569 2012 5388 1056  462 4681 1773 1255 4564 2022 4656 4911 6250  702 4412 4037 3646 2266
 5560 5366 2277 4178 3261 2905 6274 2711 6805 1433 5772 6410 6342 2372 4706 1872 6009 6086 4743  111 6313 5947 3381  690 2268 2525 5994 5654 1437 3862 1091 4981 4338  733 2578 2082  394 5367 1546 4626 5605 5300  453 5373 3200 3945 3907 1402 4689 4053 1570  623 3879 4162 1401 6914 1016 4781 5194 4349 3160 1297 1060 6077 1566 5182  945 5243  506 3902 5575 1294 6223 5151 5683 2731 2571 1352 3583 3912 3644 3549 3634 4471 1978
 6307 3069 3919  895  566 6928 3046  262 3745  928 6426 6660 1298 5443 3781  709 3314  323 3689 3989 1958 4812 1186  517 2656 4049  315 7120  952 3697 3363 1454 5088 6262 6322 5757 6476 3108 4119 5342 2137 1239 3514 1214  397 3106 5473 4210 3770 4670 2366  973 4612 6271 4115  494 2630 5148 5399 6848 5138 6536  389 4599  704 6980 5193 4153 4780 2347  685 4126 3710 5412 5264 7210 3180 3853 4216 4592 6013 3530  635 3417 2007
 1929 5348 3668 4668 2154 3429 1812 1046 4637 6258 6418  399 7066 5336 4469 4083 2967 5927 7141 3140 6356 2263 5132 6372 1575 1146  263 1253 6352 6385  546  369 2951 4055 3428 6480 2750 5015 1583  597 3244 3271 6062 1693 3806 6492 3120 5230 2924 1649 5105 1724 6994 5642  128  746 2901 2562  735 5437 2245 6296 1349 1668 4862 1662 1050 6821 1765 3121  995 1976 3282  801 1638 3544 7076 6231 5118 4621 4465 5937 7058 6063 1230