 1064 1062 4433 6347 4877 2935 2115 1944 4576  498 2483 2409 7011 2126 6674 2193 1610 7227 4785 1400 1947 6052 7273 3887 2487  894  502 6629 6792  961  454  552 1635 4865 1096 2037 4534 2422 4213 6570 4536 4215 7164 4393 7213 3141 5991 6386 4066 2843 2149 7039 3210 4279 5560 5060 6002 1084 3465 2821 6177 6778  676   21 3134 3797 6668 2778  279  958  289 2793 6804 3183 6887  528 4005 6886 4678 6221 2188 3767 7335 2208 3223 1622
 1582 7105 3486 5965   14  429 2442 6481 5082 3775 4720 4164 2862 2970 1600 5932 2817 3066 7221 3678 1957 7096 5138 6269 4686 6121 3108 3702 6326 2875   12 3132 2825 5404 5124 6776 7161 3403 1186 4962 5384 1087 1857 1594 5785 1655 2486 3421 4762 4228  911 2219  960 6075 5603 1165 2079 6648  917 4944 2297 3698 1729  272 1463 6684 5474 5387 2057 1261 2551 4574 5141 5665 4162 4911 5913 2784 3009 2282 4012  271 1638 6282 6555 1565
  149 2923 7283 5066 2399 6942 6729 3646 6585 6927 4665  774  713 6537  869 7261 4943 4756 1646 1339  963 6507 3800 4481 6825 4987  743 5407 2243 1972 3780 2857 6265 4295 5904 1882 4082  160 3993  571 5180 2502 6135 6803  180 4496 6547 4109   15 7003 3604 1480 6909 3579  203 1296 1362 4296  201 3297  890 5538 4773 2956 2571 3111 2477 6318 3098 3945 6658 4757 6060 1504 4106 3107  189 6964 1241 5354 7086 6016  233 3795 1335  923
 2709 5653 4076 1707 1478 5537 4489  762 2359 6828 1132 1596 3703 7016 3259 2837 4282 1246 7001 5004 5184 6949 4415 2049  483  397 3975 1918 4982 2150 4379 3848 1963 5709   17 5427 3230 1236 7035 5840 1376 5346 6499 5025 5535 1550 1183 2401 5591 6303  115   97 1996 3350 2789 4239 7187 6742 3569  168 2235 7367 1825 1785 7290 1455 1464 5963  219 2265 2386 6672 6424 5797 1630 2969 5637 1081 7392 1567 1543 5216 6918 6365 4302 5383
 1159 5293 3468 3654 2075 6404 1845 7190 3629  386 1849 2183 5942 2729  919 6768  127 6200 6372 6773 6035 5817  585 6853  795 2332 3799 2870 5513 1577  551 2877 6363 5471 2944 3289 5534  110 5890 4430 2765  831 1262 5805 5002 2496 2890 3890 4676 6944 4838 2659 1437 3528 3824 2950 3416 7394 7063 2508 6622 2623 1510 5088 1681 2375 4629 5600 4022 4918 4184  112 1249 3139 3294 1643 3220 6417 3338 6112 4832 1189 3774  493 3907 7322
 2756 3121 7263 7098  850 6442 4852  601 3960 2836 1629 3368 1576 5339 4207 6331 1172 3069 4796 1686 6261 6294 5953 7021 2830 2996  813 3818 4147  355 6651 4949 5001 1114 4401 4046 1477  755 3320 1345 7095 4206   40 5276 4136 1836 6092 1520 3447  313 5037 4764 2608  768 4772 3408 2644 6064 1517 6416 5193 2011 3867 1687 4262 1370 5288 2348 6628 7315 2912 2212 2191 1749 6164 3861 1230 1897 3949 1383 6209 5052 7022 3420 4733 5660
  478 5515 6071 7255 1904 1494 5765 2369 3148  549   53 6182 3559  884 4491 3819 7206 1704  816 6226 1532 1921 3065 1111 1570 6986 5102 2888 1481 3339 4544 2319 5931 3970 3469 4374 4535 6057 2174 6558 5680   41 6130 5338   45 1888  888 2557 5232 4880 3833 3049 2209 6115 4737 3622 3451 5099  411 2338 6390 1833 7042 6716 6982 1401 5559 1425  770 1767 6270  877 5557 6482  347  622 1896 4424 3048 4705 3671 6837 5772 4493 6080 7148
 3647 3986 6418 1684 3347 1644 5452 3026 2645 7112 3163 4912 3399 3827 2113 5841 5436 7373 6316   74 2202 3761 4298 6824 6645 4740 6475 1309 5043  159  742 3692 5013 3042 1410  936 2958  827 3489 4263 6899  741   66 6762 2985 2568 1212 5846 2871 6307 4791 3358 4455 3147 4353 5451 5038 3950 1260 6861 5863 7118 4038 1349  798 7336 2043 2943  474 4559 3157 1522  965 1386 6126 3446 3996 1891 6259 3278 2732 1824 7147 1044 5658 2955
 1356 6702 6588 1452 4301 4891 5422 7140 7307 6656 5845 1968 6875 7015 6036 2673 5054 1323 3602 5525 4028   25 6981 1974  339 3029 6611 4731 4352 1255 1763 5254 1333 1073 5774  303 1861 2261  576 1306  719 4897  217 4044 6313 7037  396 2683  966 6047 5217 7244 7324 5926 1086  352 2360 1875 4695 6107 2121 1936 6405 5988 5187 3084 6923 2801 6654 3812  975 7235 3236 1013  198  643 1872 4098 3815 4004 4735  838 5925  300 5011 1197
  294  286 1098 4354 2124 1982 2593 6557 1414 2021 7079 5977 6153  706 6401 1568 5997 5149 3482 2478 5269 7162 1037 1375 3842 3288 5751 4464 5609 1502 6912 4618 1899 6043 4476  657 5657 4377   59 5468 1001 5793 3011 5611 2380 5740 3070 1071 3736  918 6258 5975 3306 5213 3433  914 1503 4303 7340 7194 6483 6662 4061 4545 5192 5861  243 6422 5104 4441 3154  477  455 3576 5225 2986  899 3906 3198 1589 4311 5570 1793 4698  147 2125
 6567 3016  903 3707 3279 6277 3427 4887 2368 2070  836 4331 7291 5629 6764 1764 3677 1547 4420  723 4854 6834 6141 2269 5633 1761 4980 2466 1265 4606 2747 3352 6971 2083 2298 6165 1036  796 3985 3450 3189    5 4801 4549 6041 5295 2542 1423 6830  590 1651 5833  599  734 2312 1675 4846 5411 1720 2624 3033 6686 4010 3359 6632 3397 4371 4241 3178 4577 6101 5986 1854 5381 2803 5640  779 5672 1474 7379 7184 2182 3362 6460  446 2039
 6450 5718  192  193 3386 1152  488 4083 1548 6816 4173 4273 3018 5747 3558 1381  705 7327 1227 7196  264 5127 7121 5235 2027 5352 7068 1791  751 4958 1624 5813 1746 2299 3792 5669 5391 6360 1641  800 3430 5551 5161 6978 4179 2633 5123 1539 2607 4400 4233  500 7339 2838 2503 2981 2928 4312 4830 6050 1943  570  445 1174 5766 5016 1284 2004 4849 7040 6317 5636 2957   28 5839 3104 2714 4358 3745 2842 5828 1840   72 6346 6477 6302
 4530 1202 1402 4102 7281 4687 5509 5804 3105 2056   24 2832 4868 1446 3150 2618 1207 5946 2240  172 4432 5478  173 4703 4790 4993 7138  338  384 5697 3578 3224 4728 4257 4520 4505 2022 4271 5508 2009 6290  736 1507 5564 3546 1536 3135 2117 2679 6503 6634  236 6811 3939 5321 6158 6966 4416 2900 6532 3068 5524 3027 4751 5252 2892 3019 6188  589 2541 6427 7069 3562  710  920 3598 2672 1606 6974 1289 3713  822 5075 1213 6728 4387
  123 3343 5782 4538 6687 3593 5231  154 3072   35 6808   57 2141 6355 6309 1458 5343 2997  325 6597  717 4059 6490 4214 4901 3426  232 5612 4648 7270 5792 6184 2449 2589 5581 2420 7318 2078 5169 3990 5308 6612  187 1997 1204 1295 2207 1573 6295 5582 4152 4128 1713 6862 4444 2547 7300 2854 3250 5533 1125 2556 2597 2162 4533  107 6533 5271 4406  654 1818 6210 3781 2813 3764 6605 4966 5531 3401 1138 2990 1838 3962 2258 4182 1740
 4399  366 4821 4386 7319 1146 6407 3526 5290  487 1955 4856 4808 3311 4134 5879 6144 2741 5981 7027 4120 2453  489 4954  739 2975 2591 1592  985 6723 1123  482 3983 4342 2054 5255 1148  546  237  288 5017 1653 4236 2058 3976 5430 5251 5705 2013  835 6945 4414 4564 5101 5312 3516 6288 6849 4607 3591 2595 3881 1089 3081 3802 3423 6097 5803 7349 2307 1045 2688 6864 6963 4988 1487   47 7131 4138  709 2795 3284 4486 6600 1584 4412
  883 6453  269 4616 4990   65 6777 5519 3369 3166 1712  359 5061 6123 3709 3124 1496 1041  486 2987 5595 2611 5327 4812 6527   27 2374 7178 1770 5729 5516 5542 6990 1293 6950 2899 4168 6354 5749 7198  530 3471 5457 3258 2136 3103 6495 5950  515 2142  405 1128 2921  983 6189  525 4281 5442 3156  520 7211 5367 5172 3700 5369 1715 6375  109 7330 4605  275 4884 3377 6224  200 2831 3830 1378 2308 6939 3233 4922 5497 6025  621 3153
 7241 2567 7175  580   34 4154 1753 6471 1878 2723 5243  306 4548 2983 2660 2432 3615 3078  577 2606 6795 1951 2185  979 6034 1248 4787 2214 1762 2686  700 1906 3682 5350  680  134 6015 6046 6630  930 4863 6854 3274 2290  431 6618 4872 5914 3005 5302 5722  332 5866 1116 5881 3561 4663 5887 1841 5719 6519 4157 6055 6703 3484 5244 4113 7380 1851 3539 7050 1286 6655  730 7058 2434  803 3032 2566 4526 1920 6652 3246 1000 4176 6543
 2805 3926 3129 2708 6468 6058 4475 2927 3980  728 3464 4798 1632 5137 6014 3216  941 2744 5467 2585 6968 3087  516 6003 4691 7139 4129 6090 6509 5666 2792 6120 2370  992 1256  514  976 2654 4845 4752 6327 2779 2698 6977 5918 4566 4784 6712  747 6979 2377 5504 2280 5362 2602 7297 1365 3381 1792 1049 5045  908 3125 1411 1608 1739  604  220 4392 5326 5065  937 6724 3855  841 3936  797 2684 6870 2808 7287 3924 4227  463 7332 3176
 3194 1668 2781 6222 4459 1858 3245 6172 4670 4418 5968  260 5761 5273 4389 3640 6322 3696  297 5869  649 1617 4654 3811 4923 4995 6693 6666  244 3551 1788 6925 6639 5547 3452  452 1277 6469 6623  465 3475 2324 6013 6868 2105 5831 1831 3382   50 4598 5068 6106 6903 2739 5122 3592 1953 4600 5569 2418 4867  977 4507  504 5573  560 1346  210  789 1985 6608  430 5142 5048 4431 2546 4579 2788 1665 7294 3947 2883 3568 2040 2725 2910
 1533 5454 5198 7229 1696 5674 1883 2381 6251 1216 4338 3175 4417 1895 5781 6682 2387 7049 4948 2856 5921 4380 3737 2345 6947 1602 2107 2627 3467 1965 5246 7378 1808  523 6395 3252 4484 3336  915 1800  828 1723 4617 5459 1130 1299 6705  950 5900  459 4328 4142 3171 2435 6520 3999 7282 7295 1196 6577 6248 5331 4513 4586 1820 7391 1859  793 2065 1525 2042 6438   51 6284 3621 6901 2272 1104 5735 2561 1738 3639 2248 5256 3663   94
 4188 6110 1804  227 2513 1534 5701 6954 1008 5072 2588 2523 6078  545 4899 6494 5528 6096 7004 5807   89 2074 1032 1605 4156 7056 6960 3927 2279 3858 4211 2059 2475 1652 4297 2389 3951 4941 4567 4874  101 2754 5683 7333 5856 4630 5296 7156 6027 3772 3514  246 4111 6017 4495 3729 4373 6373 4183 3944 4032 1006  825 2241 1633  151 3616 1768 3957 1512 5620 7030 1716 2392 7099 4280 1902 2670 1393 5748 3067 1431 5971 2167 1371 2755
 1012 4664 1992 5635  385 6569 4710 3051 1490 6660 6098 5400  852 1626 3686 1585 2396  367 1102  326 2710 6333 1175 1150 2313 6631 2665 2554 3001 5602 7186 4194 4249 7331  312 1334 6077 1117 2646 4277 2192 6072 1377  892 6913 4275 6103 3882 5627 6846 6790  887 6900 1244 4492 2819 5924 2190 1350 6139 6525 1322 6366 2669 3398  679 6757 1422 6432 4080 6249 6625 5318 3854 4017 1082  855 7107 3507 1254 6176 2441 4736 3222 6066  535
 6596 7134 2802 2535 5222 2303 7271 3543 7126 6257 4052 7111  444 3202 6541 4504 3324 1372  847 5151 6063 2205  351 2506 5615 6614 6280 1379 4585 5418 5584 4946  856 2112  870 4267 6914 1171 2522 1950 4667 2451 1373  584 5964 1450 3779 7334 7026   91 1760 3530 2093 5760 5365 3168 5480 1642 4783 2676 2719 2925 5174  408 5021 1755 3708 4497 6829  302  403  345 6040 4425 2181 6230 6906  216 2081 7032 4084 6328 1136  806  834 5165
 5949  547 5783 4739 1017 5449 3751 3876  329 6831 5307 4079 1368 6822 4072 6132 2540 4569 6402 6967 3406 3264 5613 6108 6916 3904  627 6298 1298  462  726 6701 1603 3227 1016 2085 1966 6087 3052 3045 4055  381 4947 7202 5493  155 1382 2094 5974 4376 4145 2759 3938  307 7166 7200 6574 1506 6568  858 2281 4456 1519 2790 2867 3633 3062 6583 6095  694 3207  301  791 2204 2740 1151 5577 3309 5541 3388 7313 4049 5317 4571  496 3123
 3384 2096 5265 2889 2198  406 5236 3666 6484 6521   61 2639  156 1976  666 6312 2814 5409 5558 5494 5395  499 6242 3335 3208  398 4181  531 6175  567 5757 6646  437 1780 5506  310 5423 3583 1647 3933 4732 5056 2864 3481  945 7135  424 2010 3895 2177 2761 4043 3269 6696 6714 7277 2841 2855    2 4902  440 4961 7354 6772 2584 3541 1758 3251 2816 1473 3632 5972 6689 6377 2103 2711 6367 6387  375 6985 4656 5376 6709  746 7034 2140
 7237 4604 2186 2771 5247 1586 4671  559 3268  372 1781 4583 4196 5000 5465  443 4714 5806  597 3902 3863 7116 4532 4307 3159 6476 5208 5080 6397  472 3670 5935  954 3685  851 3788 3234 5773 3966 3908 1253  812 2538 4928 3331 1263 5775 5647 2421 3419 1097 4382 3901 4360 1018   67 6018 5093 6489 3676 3204 1385 1451 6786 7078 4653 6711 3151 5992 5089 3439 3030 4178 3601 5229 5598 2612 2008 5195  211 1360 1320 1307 5070 4167 5396
 5789 3444 4578 4715 4960 6091 4202  956 3392 1357 3206 3366 5419 5857  165 1078 6615 3082 2966 5676  987 6988 5798 4612 1282 1432 2905 2038 3415 4685 5550 6904  678 2505 2171 4843 1191 5363 4580 1711 2246 4840 2851 1639 4037  554 3580 5883 1734 3655 7031 5739  612 5433 3181 5044 4615 3136  537 1850 1330 6920 2782 6902 1122 1754 6400 1660 1199   33 3733 2482 5713 7376 4888 3697  949 7179 2033 5787 4963 5303 4554 5940 1424 7199
 4244  986 4314 5179 6381  871 7117 6032 1673 3522 6183 2586 6818  905 3524 1200 4557  578 3317 4932  773 2631 5656 1990 4229 5720 2601 6392 6571  824 1057 2939 5398 6399 6750 3205 3184 6009 2397 3527 6726  968 7159 1537 4967 2327  259 2166 6879 4366 1486 3845 6124 1937 6193 3710 2829 3534  909 6514 1219 2320  777 1085 2872  183 2480 3363 4258 5844 5278 3817 2108 5473 6021 6839 4166 2092 4101 1559 2133 5010 2259 4699 5694 4815
 1129  510 5092 2973 5549 2413 1885 7130 6420 1389 2395 1460 1173  413 1731 6549 1866 4700  861 5927 3538 5725 6891 6245 6747 6789 3864 5732 4813 2539 7122 4925 5796 2514 5956  562 7075 5768  185 3172 1930 6641 1088 3786 5848 3492 4290 2604  425 4322 4477 4305 2648 5310 2596 2682 3411  595 3315 2822 4177 1579 1019 1021   88  360 6385 5576 6526 6173 1268 5809 4611 6841 5360 1239 4644  282  993 4842 3138 5959 7102 2431 1970 4568
 6037 6725  926 3862 5815 6042 4276 2433 6310 1828  295 4658   62 7023 2394 7055  207 2615  991 3714 4547  769 4019 1101 6554 2304  252 2015 4818 7155 7114 3905 2757 7352 3360 3436 2238  811 2544 4133  247 6491 4747 1169 4690 7038 4940 1719 6501 1802 3344 2737 3921 1779 6717 3079 5053  139 3899 5262 2231 5858 7210 4346 1157 6922 2570 6771 3506 4121 1366 1524 1321 4368 6181  379 3487 7012 3490 4633 2967 6635 1054 4788 3414 1034
 2578 5077 5206 5770 3920 6231 6138 6010 4692 6973 5563 5778 2663 3241 3056 3405 2738 3752 1597 5776 3609 1009 3374  790 4693 4660 6931 4230 6166 1795 4951 4836 2994 2460 6163 2840 1742 3330 1889 1645 1457 5210 3978 2203 3731 5079 5325  263 2025  501 6895    4 3493 1094  466 4885  607 5871 5472 1297 1343 1554 1198 5116 4746 2968 3226 5849 6624 1029 4516 3271  844 6584 6117   52 4539 5707 6111 7389 5712  682 1052 4191 3590 3934
 4945 4528 3182  608  116 6937 4518  989  428 1823 6225 3856 3529 3748 5565 3582 4283 4204 1735 7375  647 6852 1691 5853 1778 2504 4327 6767 4883 1258 4825 5661 7144 5483 2653 6972 1158 4683  684 6683 5253 3739 7316 4062 4565 6616 3292  611 5426 3127 1337  364 5678 2099 6730 1271 2521 4105 6178 1674 4148 4998 5415 2635 3930 5332 3537 2194 3865 3570 3211  251 7344  692 2620 4016 5867  805  343 2530  606 6038 2129 3031 4593 3725
 4223 2330 6835 4119  948 1182 2226 7254  802 5641 1786 4581 5294 2896 2524  792 2767 4467 5737  951 6866 4895    3 3566 3040 6987 4689 5489 2148 4150 5134  315 1612 2736 6911 5908 4955 2565 4529  922  231 6174 4623 4131  103 4089 6201 3422 5242 1164 1516 5399 2131  468 2016 6455 4246 7048 5985 4649 5692 4527 2893 6857 3458 2268  138 2499 3564 5617 1002 1727  524 1220 4097 1135 3625 6426 6510 2638 4931 7100 7266 3846 5315 3128
 1814 4116  298 2811 1940 4878 5523 4839 4517 2104  371 7362 7265 3187  598 2180 6351 2886 5941 2060 6582 1688 5827 7384 7142 5628 4000 4345 1556 3992 3823 1914   19 5374 6364 6659 1910 2003  874 6708 2594 5120 3255  118  563 4555 2137 2326 1144 6114 2384 7393 1555 4848 1913 2255 1342 6636 5536 6244 6538 2849 3840 2980 2343 2069   68 3681 5064  416 1291 2329  634 2501 4662 5685 5957 1591 1231  321 6699 7195 7286 5724 5020 7232
 3510 4973 7181 1631 5342 2930  707 4293 1420 5393  390  766 2933 5777 2393 2632 4250 2780 1553   69  586 7053 2200 7080 5802 3095 2301 6109  615 4704 6062 4063 6883 6871  346 5275 5715 1590 3586 6980 6012 2753 3937  132 7171  242 1048 4278 3248 6809  763 7238 5267 6565 1515 3857 6212 5408 4397 5205 1361 1829 6369 2689 4487 3096  378 5592 5811 4765  593 3630 4185 4300 3149 4208 3816 2278  864 7360 3243 4730 6304 1313 1436  389
 5566 6324 4359  285 6458 4597 5019 6320 2727  701 1247 4774 2217 4989 4480 5978 1308 4824 6094  382 3218 2543 6850  495 5119 6959 7259  426 2165 3773 1847 3635 2894 5894 2336 4525 6088 5854 2859 3499 2574 6370 6578 3235 4514 1317 3810  614 1725 1140 1074 1326 3161 4158  309 3853 4550 1161  955 3914 3979  935 5608 3193  818  368 2383 5823 4174 2853 5041 5706 5218 7329 3981 6741 6688 2122 4626 4192 2416 2562 4997 6283 1341 5469
 4153 5911 6026 4744 1069 3866 1344  633 4075 6681 4042 1417  691  749 2693 1498  349 3884 1143 6560 2783 4324  439 3886 2000 5675 4780 3542 4603   60 3619 2847 5159 6810 3117 5838  716 1682 5621 6228 6592 4950 3873 4512  704 5855 2924 7057 4622 4827 1106 6770 4426 3794 1846  186 4407 4749 2335 7208   22 2048 5816 6362  330 5049  532 5586 6575 6763 5277 2643 1581 5755 6799 5753  738 6340 3868 6890 2146 4155 1881 2671 4320  171
 5405 3346 4443 1924 6446 4743 2940 1192 1237 5952 2253  689 2575 3340 1994 1068 5891  821 2527 3821 1242 5162 4722 1440 1206 3880 4242 1318 3851 4355 5544 5330 4610 4309 6463 2314  117  938 5746 5655 1348 6368 4334 1572 5166 7054 4091 2497 5794  150 5301 6382 5764 4318 4909 7090 2382 4971 6274  517 1911  229 4217 4782 3555 5438 2815 4620 2376 1396 3782 3789 3094 1142  618 7173 6637 1347 4110 7308 6235  469 1709 3356 7368 7262
 4926 6587 7386 2283 4040 5067 3041 2017 3683 3712 4394 5148 4753 1784  912 1864 5040 1790 3649 1020 4122  283 1238  832 3701 3699  933 2334 3613 5197 7234 3684 6953 6621 4702 2992 1587 2528 2926 6004 3727 4781 6626 3013 4624 1513 1137 3319 4721  140 5361 1984 7066  131 1797 4876 4264 3162 3238   82 3805 5069 6031 6161 5561 3075 6448 4031 1332 3299 5345 4881 3769 2494 2346 6449 3549  603 5614 4672 5221 4619 1415 3249 4003 5189
 6198 1003 2267 4584 1501 4341 1374 1853 1027 4673 1292 1355 5488  566 6262 2573 6419 1705 6997 3690 7064  889  458 7036 2461 1977   44 5270 2512 4427   54 2908 4789  291 3557 5230 5097 6272 2787 2881 3958 5313  853 6948 6428 5214 5348 2743 2733 5456 6497 5500 2572 6391 2002 2553 1683  667 5671 1033 5261 3790 6518 7085 3455 2055 7348 2724  971 5152 6478 6992   39 2484 4190 3505 4216 2730 1848 6516 2456 6506 3740 3757 4933 2587
  526 3164 4474 4806 4742 3994  784 6667 3989 6855 6053 2690 5463 7323 2485 1352 4310 6594 4470 6186 1531  826   85 6898 2700 7017 4104 1873  557  114 6563 3511 4198 4553 4114 5490 3917 1566 1672 1466 6000 7169 1987 1099 4378 5355 5575 2866 6030  681 5984 6546 6281 3307  494 4977 2035 2874  208 5607 1407 7223 1580  235 2465 7258 3577 5738 7274 5240 2959 3952  199 3716 1782 2704  284  677 2175 2454 4115 6456 1756 4652 5514 3544
 3828 4666 4274 3617 5289 3669 1623 6753 2063 3984 5955 6006 6433 3173 6218 6962  434 1461 5651  420 1526 1397 6860 2812 4786 2151 1390 4205 7251 2897 1327 2630 5435 1842 2964 4638 6889 6580 2766 4254 2223  265 5444 3597 3265 5721 1010  106 5875 2533  350 6480 5779 1710  733 6150 2861 4701  663 2934 6119 2820 7108 2429  204 6814 4860 3283 2974 1919 1427 1967 2216 3046 3393 5730 3661 5460 5919 5074 2023 6238 3869 4956 3404 1679
 6965 2138 2245 3885 6791 4056 3965  491 2629 3277 4135 5639 5379 4640 5428 5090 3973 1185 5540  471 3327 2417  451 3438  341 2999  404 1667 5962 6454  906 3275 6697 6237 1004 6865 7369 7341 6678 3091 5015 5109 1080  334 2463 5100 4423 3305  605 3059 1677  162 1545 7203 5916 5708  787 7219  712 2558 5263 7007  268 3000 1648 7215 6029 1552 2490 7070  902 7353 6403  630 5228 6099 2143  865 4724  849 2675  344 6907 3743 6576 2263
 5027 6758 7365 1979 2170 5237 6826 2274 5644  137 2455 6769 3922 1817 6843   32 4893 5587 1444 2227 5023 7044 5153 3379 6735  895 6045 2694 5177 4900 3263 1923  653 2564 7010 1180 6061 1708 1139 1964 3491 7264 3089 6240  331 1442 1408 7115 4573 5425 3897 2357 1500 5286 5143 4499 6774 5650 3413 6089  720 1124 4910 2414 1733 6500 1272 1714 2378 3634 2998 6289   18 3653 7301 4357  485 3088 1482 3900 2882 2517  267 1998 6539 4996
 2316 5314 2354 1387  508  962 4537 1405 6827 2962 3407 6196  506 4112 4797 4522  507 2946 6957 4628 3889 3285 4243 2366 4892 6143 2232 1663 6511 3325 3766  391 1694  854 3231 2242 4558 4542 6591 4051 3143 6936 2884 2218 3746 6410 3106 2068 3755 2880 2532 1043 2061 5520 6800 6339 3063  711 7014 2687 4850 2904 1988  804 6673 7103 6935 3565 5662 2617 2614 5370 4894 5333  932 1856  655 4696 2791 5892 5901 1090 5341 7364 5375 2331
  882 4299 6279 2470 7073 5389  940 1312 6187   58 5954 4220 4814  748 6984 6821 5884 2616 3328 1983  436  281 5417 2144 4160  383 2237 3641  124 1821 6640 1678 4546 4007 4803 3191 1697 2154 5239 2135 6989 1259 4144 5063 4889 4637 3437 7188 3133 4873 1909 3791 6336 2317 3197 7146 2576 6863 4515 5649  448 4018 1469  370 3114 3763 4921  867  744 7305 6756 5604 6819 5922 3389 5492 2363 4445  735 5202 4408   73  775 3232 6657 4294
  261  401 6627 2580 3623 4029 4572 7311 2284 4811 6065 3445 1701  108 4222 4006 4009 5895 6638 5731 2145 2474 6260 2244 2309 2211 4272 6444  702 1443 6669 2642 1915 2147 2749 2197 3323 5095 7269 2024 2702 5058 6999 4599 4748 7257  392 3295  319  133 5285 1634 3750 5703 3472 1852 6223  928 3916 3113 2658 4771 1160 3982 1015 5632 3995 4853 5947 5572 2492 5818 6766 7236 6603 1324 3071 4343 1038 2773 3109 3874 7387 1658 4508  255
 5998 7370 1558 5475 4285 5583 5733 7217 5700 4651    8  981 4292 4402 1942 1499  256 2306 7185 6473 6169  376 4684 4613 3441 2270 5298 1495 2945 4048 1007 4719 5634 2891 6394 1560  690 2310 2577 2511 3719 7176  629 5178 2858  464 5690 7191 3337 1640 7346 5915 3660 1789   20  145 5003 1055 6345 5526  470 3371  541  373 7293   79 5135 2479 2340 4582 5257 4851 2555 4816  776 4776  974 1717 5945 5131 1892 6670 4437 5309 6867 6203
 7325  100  783 3765 3188 5484 3717 4372  820 1835 1395 1542 7288 6215  223 5147 2626 6151 2325  415 4841 2224 5682 5936  543 6493 6785 6734 4325 3273 3367   26 7094 1900 4716 5619 2481 5107 3778 5920 1619 2266 6338 5714 1023  249 4002 7033 3021 3361 3394 2412 4927 4904 6553 4284  419 4682 2087 2428 2051 3373 3396 3734 3272 3893 6983 6961 6246 3643 6334 1766 1105 3879 3152 1759 1287 3057 6268  898 3237  479 4452 5373 2844 6353
 7153 6133 3501  225 5359 4313  623 5693 5434 4805 2982 4837 4669 5745 6731 3536 3217 3594 4847 7347 2695  460 5406 2164 3847  299 5110 6425 7252 1133 4914 5909 5750 7320 1613   13 3988  718 2664 3624 1118 1722 7303 2168  540 3308 1257 6423 2095 3730 7306 7317 4429 7310 1252 4857 5071 5521 1275 2062 6443  959 5907  973 1222   77 1801   42 3395 5495 4970 3034 5481 3158 4738 5822 3726 4659 4767 1718 1149 1166 5512 1832 1903   10
 4758 6727 2764 5539 6383 5923 5132 3820  438 2978 1575 4123 4384 6156 1210 5687 5837 5878 4100 4697  393  880 7151 6086 3659  625  698 1773 5487 5893 5115 6573 3738   37 2865 4350 4726 7170 2398 5358 2721 5616 3256 1863 4125 6371 6213 5902 3648  174 4252 7212  862 2196 2210 1509 3302 3287  513 2187 3695 1954 1650 4828 5859 1521 1676 5421 5311 3691  322 1190  924 5299 4235 5505 6467 2774 2355 1692 1680 5006 5498 4316 4503  196
 1813 5155  450 7106 6604 6737 7041 3140 5580  934 4543 4231 5186  194 6748 3169 5625 6579 2229 4817 3097  947 6149 2929 2153 2520 3747 3266 4390  910 1747   64 3808 1671 4523 1168 7245 4531 3318 5995 3968 4981 4991 7247 5511  292 3203 3003  901 5091 2600  538 2128 1528  417  441 1051 6943 4793 5698 2976 1430 3724 6842 5979 4286 5156 4171  658 4054 7149  635 3024 1285 2873 2372 7051 6820 3627 3515   11 1777 6341 4014 7091 3826
   99 5183 1279 5050 3055 1095 6749 3877 6039 2073 2954 5899 5440 5466  534 6266 5455 6127 5873  669 7338 5191 2918 6056 5889 6679 1131  340 4451 3803  721 4886 6619 5382 3083 2195 5929 3631 3039 4260 2613   95 3652 5710 4047 3959 1126 4646 4498 4511 2411 4588 4560 1934 2251 6267 5274 3253 3080 3015 2598 2173 3146 5762 2403 5832 2619 6872 3636 3689 1946 4457 3991 5825  277  287 7388 5292 2545  651 3402 2014  632 2868 1741 1812
 5532  266 5181  652 6160 3280 1826  218 3605 2750 4057 3349  737 5638 5260 3239 1434 4015 6609 3667 2444 5353 6858 1358   30 1354 1540 6179 3225 7314 7020 1300  786 6192 5385 4351 7204  290 5588 2845 3843 5933 2941 1702 3296 4210 3038  564  646 6441 7132 4713 2110 6502 4180 5464 2116 3508  982 3912 3209 3370 2752 7225 2462 3219 3967 4251 3341 2276 1757 7093 5022 2030 3929 2590 4201 4023 6707 5012 3891 5736 6710 3705  328 1941
 5139 6529 2353 1544  324 7216  837 5626 3077 6195 3474 3025    7 1445 2835 6733 6994 1154  900 4064 4800 6788 4270 3145 4563 2649  995 3760 7371 6874 1489 7119 6137 2236 3909 5829 6856 3282 3753 6650  685 3254 4025 5182 4934 2495  453 6535 5819 5297 6644  583 5410 4200 4983 3431 4092   38 7158 1274 5784 5503  308 5414 3942 1492 1839 5441 1927  509 5477   29 6357 5129 3913 1083  568 2963 4117  230 3155 4095  512  673 2114 7059
 5552  258 2111 5150 6437 3813 2550 7366 1894 2088 6122   96 5245 6207   76 1077  550 7197 4643 6082 7326 4071 4225 3525 5568 2931 1865 4065 2839  953 5140 7267  442 5486 3301 7275 3221 1302 5446 4085 4592 1399 1935 3852 6070 4344 3050 1745 4473 6129  750 2247 2424 2984 6232 1961 1693 5335 4321 3007 1215 2101 2979 3047 4458 5024 4073 6350 1978 6840 2322 2086  916 5742 2634 5966 1816  952 3888  661 6162 6550 3497 5340 2249 5835
 1314  188 4409 5788 7276 6019 2469 3120 5103  758 5808  146 7298 6797 3931 1912  994 4462 2430  457 6691 3372 6692 3715 2703 2118 4829 3291 2806 5282 1416  972   16 1369 6524 3053 4234 6461 6154 7060  548 2800 2581 7029 3440 5380 2901 6247 7019 3859 4745  866 7193 3473 3513 5059 4794 4472 1336 4195 6243 5227 5133 3807  727 4920 4763 2273 1441 2911 6743 2423 2160 6076 1364 1067 3589 4562  896 6147 1181 5688  846 1922 1794 3281
 1409 4381 2349 2988 5872 4068  558  596 5018 1541 5176 2318 1898 5201 5556 3454   81  997 4193  754 4027 3365 2028 1649 6617 2102  143 2920 3286 2552 4326 6049 7243 2971 2579 6677 4591 7081 5372 6515 3749 4449 2041 4329 6602 6559 7395 1047 6393 1973 1340 2029 4396 1058 6314 6744 2459  342 5031 4435 4203 4792 7128 2824 4070 5424 2287 3122 2681 6325   75 2292 3563 2458 1669 6620 3972 7292 3463 3434 3333 2786 6315 1952 3610 3195
  582  814 4810 4077 3626 2583 4033 5413 1557 6214 6085 1305 2885 3334 3806 7182  859 4859 1462 6720 2047  414 5323 3642 6005 2582 4807 6642 2807 7224 6528 1208 4804 5934 3076 5175  327 6534 2288 4058 7230 3871 7218  592 4151 5727 6847 1316 2006 4030 3054  715  833 3834 6409  348 6180 2379 6081 6698 2960 2034 5337 1031 4266  637 6908 3607  374 3428 6530 3313 6194 1294  503 2064 2221 3680 1607  591 4319 1809 1751 6896 4410 7157
 4975 4645 5401 6445 3267 1530 1028 2293 3894 1736   49 2696  363 1657 6465 5847 6344 1035 6275 3200 1433 4172 3498  708 1311 7272 6305    9 1453 2734 1724 6273 2450 6343 5108 6595  320 2407 5249 5734  686 4907 5029 2770 2291 1627 5593 4323 3548 2848 6028 5416 2439 2898 5083  215 5903 3099 5203  318 6671 3092   48 3037 2661 7377 3064 6093 3478 2785 6146 1228 6105 4587 4461 2302 6882 6706 6134 4108 1367 4681 1827 3573 7246 1945
 6068 4035  703 2887 1862  167 3953 4074 5250 7008 6998 2942 4259 5996 2621 1467 5917 3545 2405 1193 2936 2364 6217 2109  280 2948 7233 4694 5324 6300 1493 6522 6276 5081 2763  102 3870 5646 1304 3585 4761 1224 7240 2993 4001  878 3620 2518 3835 2228 6486 1278 5993 4657   84 1026  587 3674 5668 5667 5146 7183 6718 3119 1315  714 6760  931 3364 2127 6970 4631 1112  722 1661 5824 7321 2408 6505 6421  377 2951 1328 3878 2650 7120
 4625 4976 1234  141  556 2677  409 5579 3728 3201 6784 6236 1744 6492 6991 1412 3679 6332 3165 6779 2445 3614  481 3242 4069 4161 4974 1999 5026 6429 3010 6542 7289 4209  182 4041 5336 7309 6202 4438 1980 2678 1880 2799  125 4494 6601 4906 5036 1601 4540 6940   70 3941 5412 3540 3429 3213  205 1061 2337 3495 4245 4862 3581 4502 4139 1907 3658 4679 1053 3383 3028 1273 4468 2091 4915 3721 1689 7328 3276 2680 3470 6765 3115 2222
 6496 2440 5791 4968 4479  473 4858 2082 1141 4650 2717 4506 3998 1877 1615 7304 1546 3837  842 3160 2772  674 4831 5948 6220 1538 3662 3809 1748 4485 7133 2132  317 5220 7150 4088  670 1290 5898  111 1121 4521 7302 2437 6048 6917 3787 3130 5390 2234 4008 1310  144 1529 2100 5596  697 6551 7167 5212  771 2447 6311 4218  422 3378 6643 1905 3672 6285 6649 4594 1588 4240 7239 4060 6754 4952 2053  925  875 2907 4992 3521 5562 5431
 4248 1962 1388  830 5752 3832 2641 6951 6069 6388 5618 3354 2903   23 1178 5767 5990 6713 5758 1233 2296 1235 2938 7002 2647 1834 1100 7043  206 2569 1830 4712 7083 5328 1933 5800 3391 6888 1266 1264 3948 5507  829 6384 4775 3771  879 2762 5392  561 4446 1578 2827 3940 2271 4674 5743 5046 6299 6306 2949 6044 4635  527 4478 3964 5356 5432 5168 2012  221 4304 1203  819 1429 5291 4985 1959 3214 7136 4917 4795 6348 1796 1413 2775
 1890 2531 1214 2622 1887   90 5357  801 3466 3174 4143 4844 5843 4930 5601 5691 3839 2876 3260 6488 4367 5219 2215 2179 3322 7383 4903 3517 6020 7009 2776 2468 5912 5096 6430 1421 3240 4039 6589  656 7076  238  536 4189 6286 6566 2172 1288  222 6732 1879 6159 5364 5320 6256 6586 2534  575 3645 2071 7396 2410 1625 5207   93 5114  529 3955  650 4661 3918 6952 2361  484 2373 3547 6993 5624 1338 3533  202 1226 6152 5585  113 5028
  362 4875 2080 7248 4871 6536 4011 2189 3448 5510 5679 6844 2794 1806 1783 5876 1398 6374 3567 4734 6466  169 6229 6975 2415 2699  645 4551 5885 1351 1472 2098  696   78 3665 5842 3186 1690 6074 1666 6815  764 6513 4822  757 1721  617 2818  897  305 2507 6893 7361  809 4247 3298 5351  190 2965 6241  497 4268  765 5305 7357 7220 5447 2356  467 3300 2915 4766 2549 5741 6780 7097 1103 4750 5234  943 6930 4448 2152 4541 3215 6197
 5795 6761 2156 5780 3531  724 2922 1475 2178 1549 3987 6301  752 1394 2715 2913 4916   83 6185 2119 1993 5145 7109 2516 3476 5983 4760 3801 3829 6745 6219 1109  357 2909 7065  262 7172 4942 6452 3596 2367 3342 2311 4253 2472  518 1561 5897 1928 3348  671 6406 3796 2662 3553 4675 6011 5810 3770  964 3599 2342 2720 4614 2769  228 5461  142 7092 3693 6695 5386  226 6787 2491 5756 6008 1251 2718 3023 6447 3732 5402 6170  304 7024
 6926 3723 6969 6740  122 2020  492 1113 6599 5530 6807 1066 5005 5554 7154 1609 1929 5470 1703 6227 4709 3535 5518 3860 3822    1 5128 4361 1011 5987 3102 7104 6775 4466 7089 6838 1563 2339 5659 1267 5763 5880 4725 1611 5388 1614 3100 1706 3137 3756 4913  394  788 5394 4404 2498 5194 5759  356 3385 2443 5877 6504 3915 2476 4078 4718 3688 1229 1670 2315  209 6216  927 2448 3875 6755  293 3911  873 4330 4256  731 2515  767 4395
 1815 7337 5268 5458 6794  772 6464 5677 3022 2158 5951 4013 4020 1177 2225 1243 2275 2674 6556 2328 5754 5233 1636 1070 4364 4388 3190 3844  358 1448 5443 2230  609 3177 6233 4363 4308 6349 5527 6694 6880 5939 3935 7000 6928  569  699 7087  214 4769 5826 5821 3943 6517 5870  660 6167  984 5009 6361 4385 2961 4596 1925 1025 3784 1005  407 1110 1483 3480 2691 4890  179 7280 3720 1184 2294 6812 1120 2257 2536  400 6155 4929  840
 2519 4398 3814  782 1971 5517  278 6876  128  967  675 5057 1868 4428 4708 4834 5033 2995  270 5130  333 6924  845 3110 6379 1986 1769 4422 5886 6564 5397 1456 1583 5163  970 6932 4107 7209 6561 3523 4317 5834 1726  780 5283 5994 3556  872 1325 2797  839  688  476 2919 2777 1637 4340 1187 6296 3532 5864 5173 4729 6278 3093  613 7359 6848 7168 4212 1527 3418 3608 4861 7047 4403  929 7231 1870 5599 6396 5420 6892  435 4436 2120
 5850 1221 3711 3520 3180 2036 2406 2341  248 5030 5623  885 2712 2796  399 4036 6472 4556 2163 3706 3509 5799 4777 3167 1380 1270 6459 6287 2427 4898 5589 3793 3637 6798  999 6633 3229 6297 4609 7052 3572 1056 5654 3496  163 4632 5555 4908 4021 7174  745 2902 4469  519 4335 6157  579  402 6254 1406 2628 6462 6832 5453 4589 5610 2169 3101 5259 5970 2510 5482  574 4636 3977 1245 3741 3687 4130  683 1917 3928  121 6104 6435 1329
 1479 1319 5673 5699 1331 2018 1484 6051 2989 6411 5105 5170 6665 6413 3442 5860 1276 5171 2084 6663 4978 5938  778 1843 4291 1774 3270 5491 4896 2007 3836 2026 1938 5223 1822 6329 1454 5076 2123 3144 3456  610 4957 1752 4621 3742 6211 4905 6722 4717 2697 7343 4965 3606 1303 4707 3477  166  807 4261 6376 3314   98 5702 3503 7084 3657  380 5450 6239 5366 1664 2869  664 2358 3435 6168 1426 4770 2199 5211 6205 4994 2031  868  475
 6796 4232 3575 3212 6199 6208 7018 5930 3417 4356 5462 4141 3722 2852 1491 4984 6079 4959 2599 3735 4094 2722   63 3262  433  184 6191 3850 2707 5106 4087 2045  129 1127 2713 5574 2916 7124 3409 6059 3776 6738 5190 3664 5241 2044 6033 1147 2493 1604 6921  573 2391  176 1621 6545 1595 3351  119 6470  273 5055 3628 5631 4570 2233 1391 1926 2726 1281 2254  907 2860 4269 5704 2705 6253 6685 7201 2457 5960 2400  542 6436 3332 6938
 7152  195 3768 3603 5439 4306 5670  177 2005 4759 2500 6664  130  412 1874 2161  980 2488  810  636 5035 2436 7101 7342 4601 6813 5726  335 7278 6118 5594 2256 2097 3449 7345   86 6190  817  668 1523 3656 5238 3910  353 4337 5284 4265 3518 6806 2863 6067 5062 6474 3841 1447 2352  555  316 7296  126  881 2914 6919 6607 2176 5790 3963 2046 3759 4332 4882 3012 7242 4936 1418 4823 3304  245 1497 7268 1042 7061 1419 6412 4460 7358
 6715  998 1014 1620 1949 2834 3479 2471 7005  616 1153 7390  944 4706 4501 2425 2220 2090 5121 1991 2050 7045 1765 1217 4440 6885  135 5812 3485 4500  823 2213 5529 5967 1471 3185  761 5051 3387   31 2426 3244  250 2878  490 2657 7177 6487 4677 6358 6590 5479 4137 4964 3825 3199  695 3494 2804 7072 4809 1805 7284 6552 4711 5976 1060 6647 1225 5928 4096 3044 4365 7372 3061 5167 3257 4741 4434 6414 6739 3312  921 3008 2917 3329
 5836 2489 1810 1145 1072  449 3554 6781 7363 2390 1886 6783 6380 6823 7071 1989 5329 6439 1787 6805 1280 6408 3457 2201 1176 2768 5944 6323 1700 2666  626 5578 4483 6073 4124 2655 2833 3293 4450 6859 1654  296 1948 3483 2323 4219 4383 3512 3345 4289 1063 5663 4024 2758 5281 5448 5086 1384 6204 6054 2685 2742 6956 3932 4370 4103  241 2159 2937 1065 1728 5319 6523  893 4170 5567 5546 3432 4688 1775  978 1798  588 5476 1040 5865
 4986  410 3584 4453 4866 3376 5711 3380 1730 5322 4149 7110 1505  253  753 5696 3112  600 4199 4754 6680 1871 1024  640 5403 2438 1485 3179 5888 4755  641 3925  447 6751 3192 4864 4169  756 5334 3971 4938 4937 1076 4680  158 1428 4405 2706 6252 7145  781 6100 5377 4146 5085 6330  105 5215 7046 2798  946 3074 1022 5125 5642 5378 3014 3310 2402 3650 5200 7137 4768 1179 1514 2746 5154 6255  957 1170 4086 7214 3035 3969 6148 5906
 4639  311 3638 1869 3357 5786 1209  164 4255 6897 3424 2526 6440 1232 3595 1593 7299 6572 6995  104 3673 3006 3644 7256 3903  240 6023 1695 2745 1283 1995 3519 5084 4419 2239 1811 5007 6941   46  572 6263 2735 1155 2350 2953 2001 1975 4454 5982 6915  539 5280 4127 4482 2636 5874 1656 3961    6 5606 4090 3290 6704 3618 4026 6759 2289 5185 6293 3488 2609 4510  323 7141 6083 4447 4802 2748 3443 6746 6116 1685 5684  427 3170 4439
 2032 2473 3600 5545 5279  361 3196 1518 6171 3694  644 4999 2828 5958 5209 6113 4045 5014 4509 2947 3004 7129 3461 4833 5695 4333 3390 6531 4369 7350  760 2344 2810  505 6352 1439 2525 3587 4561 3142  423 3116 2351  794 4463 2651 3400  996 3611 7192 3571 2640 6291 4634 1059 2130 1837 1598 2264  234 4159 6548 2879 6690 7143 5989 2333 2404 6593 3946 3228 1867 5042  913 3412 6976 5852 6817 6610 3118  863 1981 3997 5224 2509 1468
  565 4953 1562 4413 2365 7260 5597 1167 5349 7312 4099 1476 4647 1799 1465 2139 6125  257 5769  553 1508 1392 2286 6431 1659 6292 6933 1470 4519 7249 5590 1931 5643 1188 6145 1108  388  990 4642 6359 6389 5347 6378 1459  533 6250 3872  624 5744 3453 7226 6136 4067 5368 3321 2250 6508 2731 4602 1093 6946 6356  314 1574 5820 1916  672 4727 3502  891 6845 1860 6653 1163 1969 2362 2656 4050 4924 6142 2388 2419 1776 5717 3504 4979
 1616 6337 2667 6335  665 2826  659  662 1807 6434 6131 1618 3574 6498 4575 4869 3353 5094 1269 3131 7374 3919  732 5118 4655 4879 5039 3459 6675 1750 3261 5645 7125  461 1732 5316 2977 4820 2906  157 4826  254 3550 5969  544 5664 3020 4187 4595  886 3883 2760 2089 7250 6581 5306 3831 4490 6007  354 7385 5882 2716 3002 6479 5553  876  785 1119 7077 3849 1075 6881 5112   36 4053 2625 3754 2157 4972 4421 1046 4855 3326 4140  729
 2652 6905 4288 1092 3588 5188  511 4163 2206 6793 3668 7207 4126 2066 1901 2467 6102  365 2560  602 1803  369 5868 4819 1195 2106 2728 1449 1403 3892 4465   80 7025 1205 2262 7028 6802  175 6894 2072 6721 3758 1956 4552 4221  136 7356 7180 5032 4524 4349 4375  759 2076 2559 6084 6606  276 2252 5164 4224  939  336 5814 7205  456 7228 6271 5501 6955 4034 6512 4488 3460  181 1662 6833 5344 7189  988 4336 4835 5158 1404 2321 2371
 4226 5111 4362 6562  969 5980 3375 2668 4175 5943 1535 7088 4935 3804 6884 3923 3410  594 6264 5851 6321 7381  387  619 2277 5728 1363 1438 1819 3247 7013 6996 1353 1488 7163 4870 3425 5160  638 2952 3043  642 4197 2605  848 6801 5716 6851 2548  421  395 1599 1079 2701 4939 3777 3316 5723 5126 1194 6873 1211 4723  521 5204 6308 2823 7123 1893 1240  857 1571 6544 5910 2637  860 3060 5300 3762  480 5157 7062 1030 3126 3954 6024
 1551 4608  274 5266 5078  799 5961 2347 5113  687 5905 1134 1699 4347 6782 3017 5445  224 3036 5196 7160 2305  197 1091 3783 6676 7082 7382 2610 5144   92 1435 4238  432 2019 5248 5630 7074 1876  808 1908 5499 4778 5034 5543 1771  631 2446  418 6234 2285 5496 1844 6598 1162  212 1743 3896 3651 3085 3785 5272 5686 2846 6700 4919 4237 3086 6415 2809 2751 6958 6540 5485 6878 5429 5522 2260 3838 3612 2300 3898 2932  843 6929 1156
 2295  648 3704 2529 5098 5117 3500 4627 6877 5548 7006  522 6736 1223 1772  170 4969 5073 6910 4186 5199 2134 2452 1569 3798 4348   71 1107 1201 5830 6319 3974 1932  213   43 6661  239  693 5087 7127 6752 1698 1511 2067 5008 5287 6719 5605 2895 5226 4165 1250 4391 3073 3303 3058   56 5437 7067 4287 1564 3552 4118 5648 5652 3090 5571 3718 4590 5973 3675 5258 3956 2464 7222 7279 3355 1958 6457  628 3560 2592 1359 4471 1115 1884
 5681 1960 5896 2077 3744 4339 5264 2603 6206  337 5502 5771  620 6140  815  639 6613 2052 2563 4411 5371 7285 1218 7355 1301 5047  904 1050 6398  153 4093  152  191 4442  725  148 1855  120   87 7113 4799 6836 4315   55 6001 5689 5801 6869 4668 4641 5136 6342 2991 1737 3462 2692 6451 1039 7165  942 6934 6128 1628 2537 5304 1939  581 4132 6485 5999 7253 5862 2184 2385 4081 2155 4779 2972 2850 7351 5622  161 5937  740  178 6022