 1468  591 6767 3661 6569 4734 3720 3798 4000 6531 5491 6326 6068  118  475 3023 5285 5904 6643  837 1091 2187 2963 2343 4699 6199 1441  558 3929 1711 2097 6799 3805 3656 2603 6046 5833 3974 1404 4401 2205  535 2373 2926 6814 1371 7153 5858 6400 5837 2950 3547  362 7362  599 4774 3496 3282 4019  888 1886 6560 2601 5566 7565 4654 6100   33 6172 1229 3517 4227 2206 1241 3545 6281 1399 2560 5272 2737 5688 4020  493 6612 2044 6474 6114
 1514 2654 6539 1723 3412 2428 6285 4899 5178 4441 4544 2687 1752 7097  327 3779 6932 7522 5045 5901  772 3669 2403  609 6331 1291 4672 1363 4418  820 2349 2990 5384 5787 6104  554 6760  455 7307 4278 4082 6901 2904 6986 4388 2079 3216  182 4735 3109 7318 5098 4506 4373 6773 1956 5851 5609 1394  624 2505 4840 6664 2304  874 6685 3925  195 6839 4062  839 6254 5079 6662  396  784 4059 5353 1183 4345 6015 6322  299 2383 4053  553  764
  461 7182 5919  288 6187 1175  230 7422 7299 6334 4188 4674 6204 5548 4104 2012 6731 3158 3180 2170  996 2624  272 7406 2440 1861 5424 4194 7068 5094 3954 3646  385 4454 4434 5347 1792 5779 7247 1552  872 5342 1049 3849 1410 2036 5213 1331  953 2783 3576   12 4015 1740 1411 4897  404   83 2588 3900 2462 6282  666 5033 1210 7417 5472 7504 5293 2084 3021 5547 5387 7298  209 7399 6270 5554 1938 4041 3169 7048 6690 4372 3128 2663 4239
 2711 4429 6481 2007 3454 6244  165 2792 6446 6697 3642 2700 3906 3989  708 1397  180 3513 1624 3163 1048 3801 5243 2988 3117 1384 3628 4877 3548 5043 6977 3875 1356 4958 7204 5016 5929 6373 1240   46 4792 3932 3416 5351 3885 2233 7126 1974 1483 3623 7370 6589 3948 6287 2117 3294  595 3704 6721 5012 7359 1809 6034 1718 2479 1560 3501 4106 2361 1136  696 5087 5822 5401 4439 5331 7035 1660  682 6202 3258 7218 3348 6788 3326 1541 2047
 2847 6242  942 4279 3980 6679 6135 5498 7283 1088  686 3101 1684 2509 3179 5892 5257 1362 7032 4191 2948 1266 3940 4932 5810 2842 7028 6931 4533  786 2051 3541 6880 2217 1195 1137 1573   73 6594 6387 6101 5628  424 3018 1568 4943 2435 4339  588 4367 5144 6837 5439 3139  522 6475 6066 3703  604 2422 4756 5920 2970 4273 3923 1328 6620 6078 7453 3427 6596 2354 2518  515  612 6289 2567 3357 2318 1132 7490 1526 1664 3016 6771 3234 4296
 6405 6347 6458 3173 5024 2512 6432 3492 5691 6065 5743 6864  451 3123 4724 3402 2972   21 4758 5301 7152 1305 5896 7119  929 6367 5897 2185  860 3599 2480 7314 2702 2772 3038 6509 4629 5496 1257 3281 2389 5880 7391 1850 4610 5486 2128 6904 7436 6216  754   24 6578 1353 2906 7466 5560 5197 6105 7548  242 1024 2662   39 2658  236  895 6522 6169  440  505 2276  623  187 5324 2258  536 4749 3644 2391 3714 2310 2062 5134 2231  568 6370
 4650 4275 6354 1141 1548 1670 5655  135 1477 7553 3949 4553 7000  719 6746  325 3260 5793 5239 5727 5991  291   26 2407 1007 7520 2812  224 6425 5125 7189 1203 4652 6846 2375 1650 5798 5333 2283 2528 6059  896 1905 7494 7072 2159 2491 2638 4490  799 2957 7374 5648 2516 3459 3146 6557 6994 1994 2795   56 1273 1182 5796 7508 2312 2129 3583 4688 1742 6225 5562 5265 5042 6893 7250 1853 3031 2616 4920 4999 2782 1823 3774 5686  247 2161
 6689 3867 1139 3276 2342 7284 1383 3994 5037 2540 3142 4746 6902 2500 5520 6163 6818 4606 3482 3899 4698 1519 3176 1164 1604 6403 6778 6725 6215 6020 4556 6782 1166 4016 3456 4098 2102 3666  597 6224 2198 5666 6999 3813  540 2193 3411 6250 6529 2643 5999 2032 2715 1727 1616 5346 1810 6611    1  567 4701   13  131 5734 7202  142 2179 2913 3952 1843  139 7227 6632 7313 7338 1926 3197 1617 2394 4355 1015 5345  566 2108 6728 1825 5800
 6484 2024 2579 1553 6217 7056 3292 7331  294 4660 3532 6709 5993 3295 2281 1744 2511 1177 6495 5563 4739 4110 6822 5596 4505 7025 2797 4759 1304 1932 4670 6456  745  551  384 7271  445 3512 4360 1763 3086 4578  259 4618 2856 1327 7046  651 4512 2441 2784 1875 4143 1372 7221 7190 6998 2456 3122 7349 7004 1263 2009  582 7502 4004   18  406 4668 4378 5017 2739 7402  711  625 6699  743 6166 5507 4335 2347 1652 1407 4254 6130 3868 7439
 6260 2875  692 1202 5598  322 3393  463 6010 6976 1847  109 3825 5989 5990 3647 1181 7418 5817 2395 5795  791 2807 7506 1612 5948 6247 3944 2371 6158 5607  866 4503 3452  194  477  280 4589 5348 5808 2272 3187 6393  613 3011 2017 6847 6255 1438 6630 2821 2273  979 2291 5259 5794 2971 3854 4944 5687 6711 1253 6397 5082 3589 4580 2262 5518 4763 3036 4745 7447 2671 3333 4585 1317 3733 3400 6050 2805 4083  156 1658 6641  878 5921 4833
 4740 5954 2877 5142 4973  348 1227 6655 4641 7085 3515 4044 6544  937 6109 6004  909 3741  373 3358 1004 2979 2673 2070 3232 1391 2066 6991 3736 4088 5264  818  264 2738 6276 3002 2329 5469 2314  335 2137 1855  838 6995 5775 6123 2360 5468 3982 3811 2591 2597 6233 4942  538 1178 3490 2965  216 1814 6533 6131 5750 4609 5247 2766 5123   75  112 4501 5465 6210  730  228 4070 7542 1402 6209 6142 7521 1979 6290 4945 7105 5673 5785 7029
 4905 3921 3024 3431 3184 6518 2077 6226 7527 5782 3072 5581 4132 2984 6000 6797 4870 1279 7356 1915 1321 7157 1678 7254 7228 6275 4452 3747  498 3917 1509 6026 5458 3495 5447 6801  456 3083 5262  638 1180 1947 1764 5669 4308 4737 4084 2728  574 5006 5263 5244 3686 2661 4399 5869 2239 3538  464  649 1713 4189 3970 2789 1219 4667 7155 1927 6052 6241 5790 1035  415 3133  102 1933 3835 1540  988 5273 3911  542 5510 3610  939 5911 6614
 5078 5504   58  117 5970 3500 2667 6886 2740 6005 6146 1941 4009 2418 7273 5049 2769 2078  204 4520 2022 5915 2188 4003  713 2932 2369 4371 4205 2338 1467 6608  347 6659 6006 1161 3902 3079 3306 3202 2186 2615  812 4820 5312  490 4880 1811 5325 6183 3632 3950 2489 2533  196 2955 6927 4124 3361 7132 1365 5895 5937 2098 3544 7403 2038 7477 4456 2629 6361 6668 3804 6759  893 3648 1984 6997 7308 4836 1580 1521 3729 2055 5246 3844 5762
 4353 3192 4027 4394 6766 2372 2609 7051 1337 3200  392 6843 6568 1251 2031 3866 3776 1285 6787 4886 5721 3316  703  748 2639 5241 1576 4797 5335 3523 6565 2454 7268 1055  331 6806 2256 3033 1027 3447 6274 4612 7568 5423 5521 5797 1952 3424 2909 3879 2895 2109 5252 5997 6208 5988 5161 4824 3851 1474 6483 4341 4595  266  935 1064 6499 2600 3240 3061 5193 3898 5731 4310 1238 1770  389 6942   15 6040  721 7134 3918 4666 5289 2327  685
 5738   20 3570  203 6096 7258 4879 6791 6653 2384 6835  598 5972 6742 7294 4583  690 1862 7230 4055    4 6001 6769 1146 1771 6420 2013  778 4770 2966 1335 3392 3089 2922 3015 5174 4980 6511 1602 1090 2717 3287 1903 3218 5224 6669 3488 2903 3926  756 2657 3847 6756 6284 2939 4400 5684 5953 6900 1325 2841 2438 3645 7488 2635 6675 7024 4814  256 3059 1222 4131 7547 1350 2471 2165  391 5681 1785 1115 2455 5611 6780 2942 3210 2530  997
 2731 1457 1592 3724 3903 6616 5099 7163 1929 7454 2659  132 4665 6267 4100 1848  603 5228 3711 5194 7476  304 7407 3380 2954  502 1600 4795 5129 6057 7123 2618 3483  583 6485 4989 3372 3755 6369 4662 1739  222 6513  168  458 6622  354 5057 6077 4384 3448 4169 4918  430 1734 5642 2487 2779 6338 7128 6535 5805 3860 5029 6928   96 3960 3498 5073 1627 6811 6223 3893 4903 2094  358 1145  944 5604   57 2067 1924 2308  361 5592 5699 7116
  976 3873 2905 5445 4120 7042 2816 4823 5248 4114 1873 4591  759 7185 6452  704 2956 7047 1476 3106 1060 2838 4343  985 5950 7531 4682 5366 7525 6277 1159  352 6180 4056 1887 5852 2345 3533 5444 5286 5022 4866  161 5879 6266 6580 5923 4390 6419  244 4762 2547 5660  108 5435 1344 3130   37 3360 3803 3395 5328 5909 7445 2780  851 1893 5212 4033 1140 4467  262  957 5710 7557 2945 7150 1800 7473 1037 5564  539  834 4376 1089 1008 2443
 1767 3437 6953 3683 3613 2641 5341 7081 2995 3317 7169 4531 3318  984 6306 5320 2817  933 3943 3426 7385 1555 3040 6750 4025 4093 5235 4065 5081 2071  468 3479 3958 6796  178 2113 6770 7113 3837 1507 3332 4518 2720 5640 1954 4012 3874 1781 4421 1787 6346 1124 5296 6925 1896 3088  317 1824  530 2153 3194 5709 4063 1489 2445 1753 7380 7201 6517 1107 2564 5066 2839  378 5961 3588 4780 6408 5485  736  902 6476 4604 6133 3782 6094    9
  277 3155 6305  504 4445 2293 6378 7017 2368  141 6813 5514  315 6547  265 3078  742 6867 3178  519 6885 3457 3955 6947 5579 5136 4235  167 3231 1148 1439 4541 3664 4453 5304 3048 3627 4183 3041 4051  628 4850 4998 5317 2006 6558 2558 4416 2754 6905 7036 7010 6201 5703 6200 3428 7281 2514 6196 2016 2396 4079 1673 1628 4810 4479 2798 6148 6080 5112 6069 2434  387 5367  444  744 1459 2693 2768 4708 5269 2764 1590 5826 2245 4135 1803
 4529 1492 1531 5336  663 4986 2536  817 7196 1657 4430 5364 3403  460 4571 5497 4630   27 5780 3273 2042 4359 4987 1131 5645 4603 6134 4856  826 1377 6634 7110  170 4405 6265 2722  215 4228 3161 7355 3859 2470 3560 1584 4042 5411 7427 1516 7458 6911 6566  393  283 4634 3249 3591 4022 7070 6701 3304 4971 3499 2492 5776 1596  472 7060 2851 1099 1558 7444 2045 1387 1768 4023 7179 5799 6646 3264 3829 5231 1834 4338  207 5744 5268 1461
  993  555 2043 2257 6380 6705 4617 4447  990 3964 5152 4502 2248 3020 1380 6851 3098 4206  908 3410 3019 4134 1440  658 3245 3654 3688 6749  788 2303  968 5220 2704 5551  532 6299 6429 2809 5740 6807 4379 4587 6706   31 1798 2617 2937   14  307 6795 1473 5998 5806 2678 1072 4068 4276 6424 3585 2292 6862 3780 6593 6268 5886 2049 3706 6161 3527 6089 3271 3600 5267 5143  706 1957 2894 1323 7263 6479 5281 7341 5809 5616 1478 3596 3044
 3064 2365 4915 5662 1606 6575 1276 3473 6467 2557 5095 2938 2451 5668 7381 2168 1836 5850 3307 7414 2830 3775 1653  154 2054 1226 3190 3969 1633 5955  674 4318 4144 3477 2542 2265 5830 6394 5654 6918 3694  718 1732 3795 4151 5184  938 5166 6137 2526 7343 5388 2619  401 5853 1537 3777 7217  111  887 4420 3684 6581 6635 4111 4582 2968 3752 5631 2893 1831 1611 6648 7118 3502 6982 7509 4162 2545 1019 3233 6834 2458 2096   22 1154 5417
 4716 3141 3026 2538 4317 6828 2072 1336 2729 2088 5431 6898 1637 1802 2549 7280 5437  775 3586 1455 2266 6252 4871 4229 3370 2433  257 2460 5698 6859 6973 6300 1366 7021 3771 6923 6365  870 4108  735  227 3971 1128 6526 2251 2613 1077 3237 2478 6958  670 6866 5399 5730 4240  641 7248 7378 1036 6235 5863 3568 6800  300 2835 6162 1444 5557 3626 4231 5137 5685  795 2961 5121  234 3832 1608 6418 4404 1002 1698 1341 6435 6353 3861 3347
  261 4851 4066 6091 1872 5868 6955  529 5172 4473 5647  351  995  483 5786 5103 4513 4090 4646 7089  292 4129 7209 6473 6271 5181 2366 1127 2845 5446 3696 7507 5463 1393 6095 1432 2033 6603 3608 4697 5071 2794 2775 2431 1749 6516 3800 5945 5307 3445 5157 4092 1246  172 3191 1895 3765 6293 7489 3182 4948 1577  213 5132 1619 5629  684 4933  413 7090  570 6086 2866  365 3643 1631 2570 2860 4309 4196 1839 6753 7232 1163 2005 2796 7151
 4873 2813 3291  162 6743 3693 3953 1482 1066  951 1542 2973  127 4142 1709 4195  770 4522 3145 5020 4543 5891 3129  321 3111 1780 6312 4714 4955 2730 4860  171 6310 4085 6273 1677 2290 5975 5792 2131 6647 5933  960  386  757 3516 2553 4893 4263  635 2181 4700 4536 6423 6504 3895 7448 3073 1671 2289 4047  828 1885 6573 4911 2914 7401 3463 6929 1948 7114 1866 5726 2223 4450   36 4765 4226 6468 5090 6601 5141 7462 6251 5934 2309 5249
 6688 6054 5000 5321 3877  157 3442 7074  715 6621 2136 3824 6972 7464 1416 5461  423 5713 3279 6127 1849 5203 2061 1386 5866 1033 3838  974 1506  602 5739 4733 5839 4292 3193  107  773 1437 1454 5772 4890 5907 4001 5402 2642  774 3008 6412 4298 6097 1597 1868 2125 4255 2404 6863 4163 4182  732 5280 5450 2744 4892  397 2424 5354  281 5878 2596 6368 6680 6650 4212  237 1388 7086 7344 4497 4253  771 1389 2311 5612 3574 4938 3102 6546
 7012 1122 6480 6330 2140 1891 2274 1812  360 7322 4222 6829 1806 7301 6537 6703 2021 2270 6343 3603 3312  760 5748 2211 4530  513 1326 1112   68 5251 6493 3069 2218 5489 1641 7156 6386  159 1586 7397 1424 6636 2430 3649 5918 6184 5715 2180 5467 4844 2788 7238 2148  941 1108 1243 7302 3551 2316 1351 2081  906 2199 1446  914 3653 6167 5155 2947 6954 5149 3022 2612 4036 1706 7186 4197 6140 6288 2144 5511 7099 3110 5944 1000 4783 1710
 5619 7354 3162 5372 5183 6328 7108 6967 5582 4781 1826 5054 6021  339 4993  724  606 3230 4720 2748  240 1308 6283 3313  190    3 1504 2495 6841 1199  963 2696 5942 1647 2346 4542 1084 3270 1152 2755 6810 5967  907 7326 2001 3220 7469 4116 4327 5674 6627 3439 6379 2799 4347 5812 5414 1168 5949 1252 1262 4203 3368 3758 3340  517 4846  176 6693 3259 1546 6602 4086 1662 2831 5063 7287 6272 7249 5583 6714  486 4249 4173 1549 3539  489
 7432 5492 1065 5831 3274 2174  279  485 6058 4796 7559 3890 7139  819  399 7498 5284  958 2602 3213 4681 5883 2865 4878 4551 2065 1801 2550 3369 2762 2059 1680 7306 6157 7002  197 6128 2035 4475  969  894 1053 6174 4858  763 1989 5526 4300 4523 6190 5902 7479 2791 5135 4545 4923 5680 2918  480 6060 1250 5845 2977   98 1772 3265 6722 3760 3815 4097 2421  945 6663 1636 1042 2340 7475 1613 2074 6519 4599 4459 6644 4981 4534  381 5525
 2655 3977 5683 7410 2173 5819 4370 1649 3612 2337 2095 1585 5898 1702 2665 4528 7339 4314 2828 6407    6 6152 6826 5330 4906  688 5477 4072 6910 3049 5205 4145 2967 3349 4692 2631 2259 6930 4334 4174 1783  702 4685  901 1346 2586 2221 6173 2634 4172 7493 7030 1348 5368 2991 2413 5639  188 4782 6856 3552 5434 4431 6442  446 5935 6683 5978 3225  143 5326 1171  318 4067 6296  482 3408 5965 1340 3682 5242 2415 1965 4464 3353 1963 1110
  577 7180 4165 3336 3520  467 6124 2411 1841 2115  575 3056 5159 4028 1421 2461 2598 4498 3071 3672 6017 7499 2912 6459 5310 7216 2928 3227 1822 4743 2485 4448 6730 2758  510   66 1026 4460 1313 1408 4640 6453 5659 5473 2414 5222 5050 6820 1951 6126 3965 4557 1496 1629 6607 3869 6924 4305 2052 6877 1688 5334 1030  918 6899  634 3629 1788 1003 7315 6413 3373 5834  329 7420 1661 7540 3657 4719 3398 5519 6966   86 6203 2907 3246 2085
 3530 6382 6489  296  506 6243 3374 3920  104 2935 5641 4636 5701 3705 5585 6698 5983 6661 4121    5 1070 1426 5483 1023 5536  370 6708  861 2592 6692 6164 2757 4742 6245 1025 7317 4902 4396  122 5058 5626 4925 5104 2726   43 5841  521 6206 4282 5299 1260 4217 3934 2969 3908 4211 5947 6940 3534 2336 2426 6654 1959  804 5729 1032 5076 2829 7365 2621 4988 3640 1532 6943 4741 4392 4736 4912  608 6143 3791  520 5068  672 1582  511 1188
  571  179 1475  206 4930 4916 4478  271 6945 5535 2121 6878  290 2499 5843 1322 1922 2943 2734 5887 1736 7564 4995 4006 3927 5182  428  652 7158 3972 5615 6236 5781 7205 4510 5258 4964  474 6587 2778 3329  639 3367 2284 2464 4914 1669  982 1842 1579 6687 5002  372 3764 2037 1998 2488 6989 3438 4287 5924 5574 5838 7465 6729 7259  476 4969 5075  653 3505 2683 2561 5303 6713  470 1970 6333 2298 3870 2923 6348 3797 4787 3168 7450 4050
 7495 4778 5120 1784 4433  452 2307  377 2620 7141 6556 6891 3288 5128  528 3806 5100 6115  798 4632 7361 4753  707 4799 3768 6656   25 5550 6221 1484 1683 5190 6153  664 7366 4655  241  614 4232 3715 4771 3749 4723  986 3535  831 4664  210 4631  212 4867 5590 2872 7222 6249 2476  547 2898 5570 4983 4330 2152  712 5974 6012 6751 7234 6983 2890 2767   93  885 1443   10 2801 7026 2546 6402 3429 6696 2846 7544  100 2260 3968 3113 5556
 4847 1216 3503 7193 5409 1857 6222  776 5718 4256 2815 4007 1406 3621 2020 1551 4221 7470 6549  248 5664 2004  916 3444 5663 6113 2167 4979 5111 4096 6496 6428 2207 7353 2630 3676 3651 2482 4500 1902 6921  891 6035 4202 4658 6045  383 3514 5625 6366 1975 3293 6873 2041 6081 6278 1133 3602 3571   72 4039 5069 7167 5039 1456  507 3710 3796  276 6879 1510 7373  214 2850 5605 4489   11 3254 6444 6657 2241 1200 1422 1271 7276   19 3575
  359 6356 1330 7311 1535  844 7483 4374 6138 3678 2863 5055 7140  647  813 2669 1186  849 1599 1205 7409 3465 4294 7261 3725 3985 7412 6316 5778 7320   69 4011 1918  859 7063   67 2288  238 2332 2408 1054 4843 3727 6037 4153  560 2134 4455 7208 6411 6390   55  637 4809 6410 6399 3522  419 6508 7111 2576 1452 3564 6149 2141 7352 3853 3298 4540  173 2944 6488 7289 3167 1827 7082 6176 3037 2452 1215 4775 4413 3817 6016 1403 6505 1097
 3671  912 1707  450 3947 1697 5086 4075 1765 2992 1525 1293 7451 7463 7482 5987 5844  432 1819 2264 5832 5102 1888 3951 6477 5373 2490 6087 3462 4626 3470 1988 2467 2220 6448 6409 2356 7174  848 2111 4357 5392 3252 6825 6684 5316 2269 1102 1083 5567  501 3387 5394 4861 6084 3593 4940 5314  782 4805 2046 6229 6471 3558 5035 4115 1058 4776 5430 7245 4141 4482 1094 3430  295 5725 3609 3419 3882  516 1013 2590 7091 2879 2578 1081 5358
 6106 1511 3443 1431 4508 5555 6391 2463 6003 1190 3543 6739 3366 2826 1169   80 4827 2127 3046 7309 1296 1971 4049 3138 5227 1258 4524 3685 6246 1797 2388 6314 7213 5587 7079 1955 2544 5214 6392 6168 6466 5571 2581 2224 1237 6256  183  691 2587  900 4312 5360 3478 6951 1197   90 2385  587 5825 4822 7369  500 1051 4760 5882 6132 6441 3143 5481 2953  898 3114 4414 6177 1790 3472 6295 7541 1248 5185 3896 2401 6144 5188 1014 4747  678
 1925 3284 3075 4140 4859 6150 5708  821 1332 3432 2466 6816 5146 7133 4830 1620 5595 5047 7252 7467  101 5760 6605 3888  903 2177  565   63 2219 4224  921 5177 7372 5737 3990 2118 1593 6985 3466 4488 5421 1142  164 3665 4865 7225 3381 6980 1646 6447  544 4532  630 7538 5559  274 3871 5278 6948 2058 4718 7335  579 2727 3618 5532 1179 6351 4738 5088  208  166 5694 2910 4977   59 5130 4385 5167 2039  374 4884 4937 2106 3151 5603 1022
 6185 7272 1233  983 6567 4558 5963 5881 5816 2166 6926 4380 5707 7486 5425 6992 7452 2183 5643 1648  376 4883 5742  449 5766  755 5505 3716  403 2351 4424 2050 7481  275 3425 6987 2713 6763 2936 4565 4299 1733 3897  572 2300 5821 2306  333 1343 2853 2319 6792  705 3077 1766 4573 3172 3721  435 2378 1264 3334 1522 7282 4301 1192 3094 1534  431 6193 7270 3469 6395 3639 3521 3350 3761 3598 3494 2760 6809  904 1395  825 7170 7554 6808
 1017  120 1805 6507  814 4997 2960   94  858 4686  433 4425 5327  130 7239 1046 6455 5371 6734 3754 4322 4286 2531 1976 6583 6175 5287 4974 6327 5656 3887 5253  438 1073 2331 1417 2104 5097 2741 4726 3175 2584 5361 5761  657 2917 3337 4029 1419 5855 5306 5279 1218 3792 7120 5741 2063 5890 5441 6315 1503  687 7241 4952  643 7461 3750 1730 4422 1754 4349 7144 6120 4411  400 1728 6534 1278 5627 5004 3595 1463 2806 6463 6917 2437 3660
 6860 6460 7188 5876  717 1663 4409 7211 5620 1877 1666 1345 3916 4351 5928 4639 4750 6227  601 2982 6965 4207 6220 3269 2931 1143 4442 7491 5407 1621 6888 6032 2520 3196 1359 5230 5586 4807 1654 4261  441  320 1640 4128 5466 5672 3814 2447 3614 1204 5313 4444 6415 6639 5749 1385 4817 2182 4904 1581 5938 1307  808 5479 1821 3961  314 1374 3081 2341 5305  559 2092 6352  412 5646 2864 6562 1361 1837 5962 3144 3487 3841  936 7267 3554
 6715 3063 3386 2089 2019  114 7164 5523  303 3140 2154 1623 1284 7357 5200 7005 5906 2573 6307  524 5158 5893 1267  437 4509 2203 6552 6637 7484 6422 4970 2834 2197 3784 6959 1364 4005 5030 3239 3331 4103 3707 1232 4160 3963 2069 1921 3840 3062  202 5175 1852 2940 1339 1668 6984  286 3701 6785 4628 6874 6070 2184 2477 7076 5118 2178 1020  738 5026 7304 2896 1782 6936 5614  632  509 1057 5960 4975 2453 1795 2885 3984 7419 6979 6013
  343 7215 4788 1501 6451 2423 3327  447  514 7424 1949 2034 1554 4484 4560 6629 3886 1572 1858 3124 3296  491 1907 2705 1355 1012 4956 6758 6234 6324 5474 6440 5209 5021 6301 3100 3857 4462 5524 4112 5870 7106 3550 6907 7533 1087 7342 1224 6548 1738 3572 2874 3441 4596 4209  429 6156 1716 7351 2708 5400 2076 3699 1796 4268 1719 1615  564 4515 3635 3014 1928 7386 6398 2746 6454 6857 1213 4423 1567 2057 4417 1445 4054 1056 2548 5867
 6934 6449 4656 5031 4139 7394  526 2202 7285 1103 2237 6585 3236 4621  185 4601 3423 6043  785 5091 1376 5427 5475 5329 6555 7348 2606 4841 2082 6961 3422 2253 3732  220 3931  223 5500 4155 2352 6320  677 7332 4018 3222 6362 6151 4236 6790   88  594 1543 3748 1105 4562 2810 2986 6590 4597  175  737 2326 1208  619 4693 3226 1695 4389 4193 3622 6586 3763  766 7324 2255 3207 5576 6030 5322 1923  355 1816 5044 2147 7408 5187  869 6789
 6550 2172 4615 3090 6304 2139 2933 5941 1981 3156 6520  803  747 7161 6591 4352 6764 6332 1134 5018 2335 1096 2637 6073 2844  152 7459 2124 2572 5716 3519 1235 1173 4715 2706  709 7345 2692 1225 3785 2420 4382 3261 6269 5433 2881 4277 5849 7160 4272 5482 1512 2029 7146  989 7229 4346 2333 6238 5221  497 5771 6371  499 3007 1392 1559  787 3471 3319 4220  334 4081 3730 6383 3941 2497  946 5487  991 7168 6195 2150 2432 4332 5968 6623
 7147 1911 4262 4711 5594 5080 7376 3091 4570 4616 3650 5745 6682  781 3280 2670 5495 3553 2286 2611 6990 2191 4057 6197  448 5383 3579 3467 5008   99 1187 7305 7197 2263  405 1174 6319  956 4313 4535  843 5015 4487 2633 2934 4671 2651 4919 7093 2494 7360   70 2247 2334  829 2215  800 3013 6074 5546 5283 2080 5448 6883 2268   62  950 3039 4751  282 1420 4123 1498 3010 2227 4369 5613 6563 6482 5014 5753  977 6845 3181 7027 2299 5436
 4361  229 4017 5696 3850 4675 2412 2053 5857 4270 4624 7184 1211 2510 6364  258 3375 2374 3324 6842 6521 4584 3205  868  865  353 5339 3759 5501  550  459 1303 6085 5471  367  809 5900  734 1061 3070 5034  563 4764 6433 2116 2010 7472 6974 2892 1643 6579 5298 5493 4408 6308 1986 5943 7449 2156 3734 7325 1212 1913  146 3285 6871 7321 5981 3820 6707  845 4821 6922  824 7405 2344 4315 2878 3195  278 7500 5064 1993 2163 5803 3309 3510
 1118  375 6178 1451 2808  716 6919 1992 4377 5051 6228 1297 1144 7244 6093 1694 5352 2690 5925 4213 2930 5836 6385 3453 6964 5232 3405 2429 3118 6098 5874 1028 6915 6717 6833 1043 2204 5695 3301 6340 4680 2234 5291  739 3790 1977 5732 4354 7363 3435 3093 4412  585 1369 1589 1272  218 1946 1791 2710 2978 4485 3342 2958 5976 4119 2756 4577 7212 7377  925 6292 3658   76 2698 5154 6896 4939 2410 1908 6673 7455 5254 1079 2028 1010 1815
 3407 6631   44 6849 5093 4407 2987 5649 2381 4077 4076 3584 6212 4559  943 6181 4192 2751  934 2551 1320 3253 3115 4208 2983 5522 1920 3356 6192 6264 6102 1996 4791 3206  722 2212 7312 2151 2721  847 5952 5914 6154 4432 1714  255 1413 4289  425 5791 2569 4642 2686 1729 2568   97 3511 4480 7426  326 5675 5261 5671 5011 4511 3826  380 5541 1009 6011 5848  181 5412 6774 4348 5770 7226 5370 1255 5980 2195 3092 5170 1609 6665  592 4838
 2146 4149 4216  656 1900 2949 4721 1726 4829 2350  191 3084 3413 5357 4519 3722 4246 1231 2908 3962 7159 7333   77 4241 5705 3901 1676 4972 7064 2200 6536 3979 6553 1378 2073 5996 4703 2996  368 6914 7014  330 1302 1100 1080 3592 3540  297 6956 1442 3203 7121 4386 3177 7393 4449 7109 2976 4598 2699  434 4285 3436 6848 3302 5644 5530 6464 3248 2718 4676 6727 6055 5362 4967 4694 3244  761 6554  492 1603 1874 4777 3009 1672 6736 2320
 4683 1655  633 5311  534 1412 7536 1690 2848 3433 2929  699 7303 4274 3687 1170 2105 3388 2818 2981 4127 3726 7003 4754 6117 7434 2527 4566 3045 4832 4477 3700 2660 2819 6538 6232 3594 2925 5769 4898  930 6933 7300 1479 3057 7440 4793 3881  862 6317 1533 2196 6597 7291 7148 2484 4350 4024 6047 5270 1776 6375 2498 4469 3121 6341 5712 2056  854 4331 2868 7154 3149 4834  660   61  863 3957 6302 5413 1916 2201  332 4549 1185  488 3066
 2402 4848 4831 2804 6660 7350 4725 4982 1960 2026 4677 7038 7107 5875 2771 7334 4176  243 1375 6941 7441 7425 6171 4320 2339 6261 3743 3308  856 2242  316 7246  337 1071 7256 5722 2825 1544  508   91 6903 4326 7125 6726 4876 1756 1520 4705 2380 1755  949   82 7438 1021 3668 3303 6844  905  531 3788  342 1342 2315 1067 6501 4891 7260 3836 1638  584 4099 6470 5454 6023  253 5860 6572 2122  356  418 4862 1299 7165 3762 3376 2250 7430
 3481  646 3590 3323 2023 5275 5577 1762 4516 2175 3930 3345  260  309 7347 2832 5005 6649 4806  239 6279 2068 1093 4768 2302 1086 1172 5124 1570 1280 1236 1562 4269 4325 3185 5820 5829  679 6624 4713 5240 6802 4966 2249 5984 5488  417 6882 2091 4881 4772 2472 7560 3199 1427 5256 1978 1106 1973 3132 4965 6355 5964 2240  395 5229 1415 2919 3311 6872 7087 2149 5823 6437  549 3663 3219 3942 3224 7262 5019 5758 4187 4230 7290 4185 5657
  457 5438 7265 1556 3150 4344 2997 5198 1962 3137 3341 3562 6671 3384 3702 3983 4946 6472 3939  801 1696 3913 3401 4837 1076 1189  971  427  841 1735 5484 5084 2959 6388 1712 7528 5682 7400 2158 1574 7340 4819  289 5992 6838 5282 7316 5350 5506 4280 4901 6599 5456  548 2297  992  758 2785 5023 5693 3606 4842 1310 3892   81 4521 5238 4260 1528 5926 6372 5599 4709 5300 7237 1745  952 2927 1692 1207 5234 4040 3751 1429  110 4924 6439
 3247 5815 3855 6088 1838 1220  192 2126  596 3692  911 7200 4126 4293 2075 1864 7013 4283 5378 5650 6667  640 5768 5589 5702 4258 2701 6025 7337 3938  394 6920 5602 6125 7166 4569 4244 1569 6676 5048 3625 7039 2322 2504 2677 2427 1703 2884 4954 6064  811 7519 1245 3119 4061 6053 3731 4931 1400 5127  753 3415 1804 3987 3325  103 7535 4526 3034 1418 6600 1851 6350 1349  830 1777 1123 1045 7240 5208 2989 7214 1111  285 2008 2644 7175
  593 4889 4243  610 2243 2610 3555 7371  720 6935 6890 2232 1329   54 3434 2595 4264 7364 5542 6335 1038 6401 5865 2675 1860 5255   50 1626 2502 6198 3919  884 4152 3769 4094 5927  245 5549 5572 3506 4767 3630 1967  496 2882 3767 7266 4427 5115 5380  923 7102 6414 3080 4638 4561 3221 7172 2745 7255 6551 1682 5344 3189 3451 7044 4761  580 7242 1155 6704  665 7142 5986 2685 5751 3858 1746 1488 4602 1856  987 3737 5089 1618 1423 1256
 4869  226 5375 5288 3828 1044  313 2900 1759 3597 7131 5376 5679  422 2647 3959 4802 6297 4789 2301 5418 3001 5060 6588 2254 6613 6869 6723 3996 6691 5601 1508 5969  897 6819 1743 2003 4181 3821 2920 2145 4481 4853 1101 1679 1223 2876 4730 5480 5148 2321   40 6889 5706 6724 3458 4825 2002 1370 1651  198 1098 4984 4486 2858 3674 2681 7277  650 5936 6870 2169 6039 4458 6497 1034    8 3131 6515 3566 3042 7077 3742 2656 1700 3065 3905
 2980 2924  975 4247 5108 5470 2854  815 4888 3087 7054 2626 5755 5109 5432 3028 1884  769 3379  284 7178 6111 7474  999 5422 6404 4818 3580 6618 2442 3385 2887 6396 2747 2714 6652  835 5027 5515 6492 2770  537 3277 2507 1135 2285 6431 5516 6686 6239 4579 6159 5113 4398 4813 4008 3587    2 2100 7187 5899 5297 2793 1160 2645 2777 1894 1704  149 3973 1863 1687   48 5393 7007 2902 1047 1244  312 6817 6311 7329 5189 3789  972  842 6559
   89 6231 7429 5527 3822 1725  626 1281 6865 5529 1358 6031 2753  871  873 2607 5757 6741  443 4895  746 1270  573 4568 5199 2328 7041  338 4438 1497 7552 4613 5377 1274 7122 1481 4951 4177 6561 2539 2941 1120 5697   34 4594 7456 3582 3894 4316  615 4922 6754 3967 3116 5009 5359 1833 4403 2556 4947 6824 7485 4828 7319  810 6044 7480 3781 7569   17 1126 2571  576 2496 6748  541 6916 6592  552  913 3569  789 6214 3446 7236  867 3773
 1242  883 1644 1113 4887   47 1082 3354  478 1198 5386  569 1527 6962 3677 3421 4304 7104 5225 4437 4060 6674 2871 3728 5877 3778 1523  899 5455 5452 5922 2465 5315  495 3377 7023 5332 7176 4436 6670 5966 6617 4803 3214 2473 4773 3525  723 5638 4071  147 6230 3404 3004 5072 2840  954 1312 3988 7514 7468  689 4471 1261  186 2614 6263   38 3217 7083 7543 1469 1934 3159 7516 6678 3012 3127 1685 7323 4284 1942 1656 5959 5429 7503 2450
 2138 7442  113 7396 3834  269  144 2313 5405 7136   52 2608 3157 1547 2833 4593 2886 1414 3634 4495 5397 5872 3461 5382  308 2724 1485 4271 4034 6438 5276 6876 1194 2676 3718 2543 6469 1287 7388 3120  681 3690 6969 1935 4504 6949 3000 7098 2649 1515 3723 4826 2357 1794 4985 3154 2535 3096 2688 2529 2469 6598 4493 1040 5608 4950 2668 7124 6321 6357 2506 3956 2192 7395 6831 5735 6832 7011 1724 2736 6777 2397 1571 4234 4816  561  388
 3986 6946 7562 2820  201  310 6803 5658 5216  454 4492 6494 5661  676  545 1945 6237  254 3211 7199 7016  932 3577 4689 5982 5946 5884 6747 1314 3290  494 7526 4290 3053 2697 2481 4428 4419 7513  752 1595   60 4684 5930 6194 1769 1230  518 3745 6009 7138 1334 2911 3208 6119 3321 1150  250 3399 3474  106 3003 4365 5356 2636 3346 5747 3166 7336 6500 4122 7460 1309 4963 5995 3450 2132  363 7358 1538 4010 2803 5105 3933 4161 5168  126
 4457 4645 7055 4635  411 4031 3673 5391 4218 7020  793 4021 3757 7022 4179 3283 2230 7235 3126 1583 1500  462 2267 7096 2824 3359 5502 4393   29 1563 1607 3268 2674 2208 6960 1545 4215 1813 4130 6205 4934  978  927 7539 7567  922  846 5415 6323 3504 1201  233 2244 5140 7094 3508 2101 1435 3978 5173 5443 4574 5410 1396 5449 3215  605 4550 2282 4653  645 6574 1367 5509 6258 3746 5464 2517 1587 6286 7416 3691 7487 3802 1249 5862 4811
 2110 5752 3991 1674 4184 4225 6028 4839 2367 2392 1268 1665 3607 2719 2716 2999 4581 2142 1964  725 6975 2048 1634  231 1773 3097 7387 2359  886 2486 6122  733 1899 6595 5723 4078 7171 3581 3105 5774 7009 2355 2861 6170 2946 4992 3998 2802  675 4198 4728 2664 4281 2143 5131 7411 4073 7546 1817 2855 1430 6502 4443 3909 1630 5597 3975 6666 4340 3697 3862 6615 2348 5215 4717 2650 4158 1820 2695 4461 4607 7231  964 5958 3615 7130 2800
 2632 7496 1078 6718 4729 2120  857  661 3856 4248 3842 5245   74 6430 2119 2011 5083 1757 3831 6259 6694 6757 2625 2503 5065  749 4875 6019 2523 6514 3171  783 1917 7443 3095 2160  219 4926 7224 1983 4014 6136 5046 5101 6823 1005 3830 6812  823 2086 6062 4107  920 7330 1995 6952 5913 6762 7088 3907 4845 5840 1129  479 4757 1318 2774 7297 2837 5260 1062 3889  217  357 5538 7389 1491  557 3030 4109 2093 4648 5114  627 2541 4494 4600
 1760 1904 4706 2750 3035 1720 3546 7061 4200 2229 1691  125 2363 5196 1381 6139 1731 4696 3880 6121 6075 6240 4547  701 7001 4064 5624 4251 3827  780 6793 5338 2580 7050  371 1789  249  797 6645 3557 1939 1958 7497  533 6248   92  328 3708 3698 3999 2214 3068 1699  822 5759 5606 5169 7368 6988 5110 6108 1151 1398 4546 6755 6082 4996 5704 3484 6426 7206 3050 1165  151 5637 4302  319 5308 4410 4069 6545 1997 4959 6794 2899 4712  806
 3891 7075 4707 3212 2604 5939 6541 1117 6510 4137 7052  235 4074 5139   71  466 7031 3055 4178 1564 6738 1588 2823 3289 4336  421 5365 4265 4250 2364 3863 1319 4102 5164 1119 5788 5634 7532 1878 4874 2709 5145 3241 1493 6160 4679  484 5085 6291 4358 1972  369 4537 4288 7392 5690  621 2952 3652  864   53 2623 3315  683  287 4554 7210 7428 4091 5379 2399 6543 2672 6018 6110 6672 1282 3876 6530 7264  931 4614 1059 4440 3363 2000  607
 5237 6858 4491 5403 3578 6141 4623 3981 4219 1228  928  840 5294 4295  750 4590 1357 2752 5363 5689 6389 4882 2014 5318 4171 5512 3449 5165 2723 7556 5534 5888  453 1085  611 4907  994 5746 5451 3256 4896 2735 7558 7059 4175 4507 3946 3238  965 4499 3275 3339 2994 5192 5539 3032  527 4857 1871 6576  947 1930  852 2436  349 5789 4156  556 4702 5811 4133 3713 2155 1373  980  409 7415 6179 2508 6486 1269 1286 5476 3198 2317 5854 7515
 6970 5846 7145 6963 2867 6038 1466 5903  420 3567 1799 3183 6852 5092  697 7080  816 3390  853 7492 7033 4321  115 2559 1465 5711 5568 7177 1074 6894 4722 5416 1635 3848 1737 6542 4643 5462 4252  940 2190 6342 2622  669 4633 3536 6768 6421 6868  416 2287 4483 2222 5773 4324 4291  731 6772 2843 5864 7101 5813 4748 6218 6577 4564   35 1480 2689 3464 2379 1300 2501 1283  981 1292  133 2417   30  311 2574 6309 6490  616 4470 7257  655
   87 3936 6294 5784 3243 1758 4960 7517 5956 3740 4037 2209 3604 4148 2162 5459 1565 6155 5513 2358 3351 4259 4978 2852 1876 5309 4921 4468 2444   45 6775 1390 3497  121 6633 6506 5207 5971 3320 3335 5889 3135 3793 4517 4242 2225 4852 3006 3338 6570  134 3235 4328 7112 5440 4619 4146 1830 7018 2133 4752 2859 6798 6491 5070  270  710 5180  966 6036  200 5186 1505 6445 4186 2534 5931 1458   49  915 1221  586 5617 3680 5010 5040 1295
  790 5206 2857 3365 4391 3104  882 1898 5442 1368 7127  189 1950  523 2296 5736 7040 4245 6821   65 3819 5528 3396 7045 7421 1294 3670 4695 6337 1290  302  728  301 3993 1382 1818 2763 6063 1217 6658 7034 3992 3864 1502 3051 1401 4885 5349 4552 1289 1667 4311 7274 2449  618 1265 1109 3753 3491 3134   51 7058 7518 3343 6090 7545 5138 7384 2691 6712 4323 4673 6830 4936 5973 2087 5724 7292 2975  246 5126 1659 3912 2294 3565 6450 6695
 4303  890  298 7053 1999 5665 6827 6604   32 3250 4472 2787 4204 2405 6640  442 5210 3735 1196 3818 4625 2515 1011 6033 5390 2993 1598  578 2474 1892 5540 6376 3529 5408 6313  426 5917 5133 1316 5618 3076 6895 5533 7065 7049 1601 5835 5266 5652 4138 1835  119  959 2376  263  892 1681 1352 5783 4026 6642 5714 5508 1490   95 3611 4659 3655 3852 1536 2712   78 3251 2563 5119 4101 5323 4849 4466 6854 3489 7555 4476 2627 3756 6875 6528
 1301  727 2305 7243 7550 6735 1206 4164 5653  145 6745 1433 6381 5151 3476 5636 1578 3204 7067 4563 4710   64 2554 1315 2732 6280 3493 3531 3267 4387  150    7 3915 2406 5156 5374 6061  184 6049 1041 6912 7390 1447 1741 2325 4223 6887 4415 4514 6850  751 2324  128 4755 7296 7423  889 3297 5630  620 2703 3935 6211 4233 7310 2585 1517 2822 4900 4257 1829 1808 3112 6042  306 1288 5007  617 6996 5077 1968 4651 6041 6051 7066 4117 2090
 2194 2238 3017 6253 2171 1910 4854 1470 3328 2742 3556 3744 4627 5873 3153 1854 1775 5733 4637 4790 4118 4267 5233 4785  948 2869  636 5295  153 1807 7501 5912 5201 5517 1347 5478 2653 3058 3322 1530 7015 2040 3997 7100  336 3845 1176 5223  137 6186 5013 3209 3475 2416 1450 3082  136 1701 7069  140  767 6262 4113 2103 2157 4463 5537 5059 6079 3409 6417 6487 5814 3518 6913 3914 6892  546 5544 3865 3601 2776 5179 6008 4575 7382 3620
 6377 5041 5460 1234 2393 1721 2786 5580 3633 3330 3561 5804 4366  138 7223 6182 6908 5802 7115  163 1121 5894 5700 6681 6938 5150 2575 5543 4342 1486  694  232 6345 5147 1472 5610 3772 1075 1114 1464 6048 1104 4927 2400 3455 3738 6957 2330  998 2827 6909 1594 7293 1982  199  473 6072 5979 3099 2295 4727 4929 4496 1050  562 3074 3152 1494 4913 5032 3928 1239 2279 7181  648 6303 4835 6765 5171 2107  205 3619 5553 7471 2176 5236 3299
 5217 7379 2521 5600 1966 7219 5106 5381 1675 4804 3689 3067 2888 3108 2252 3810 1379 3839  779 7367 3165 2652 7295 5916 4043 5490 5545 2459 5569 1865  714 1016 2565 5162 6525 1779 4620 5117 6884 7524  961 2135 5052 3910 2883 6677 2377 1153 7143  680 6103 4588  439 2707 4864 5426 4105 2733 4168 2015 3266  802 7103 5191 7563 6733 6056  642 1645 2628 1471 1715 1844 2236 1610  671 5389 2985 3147 3389 5531 7404  512 1832 5385  469 7006
 6524 6861 6978 1987 6855 5116 3025 3382   42  471 4465 2916 5584 3807 5977 3719 4868 2790 1298 3310 1591 2562  910 5719 2849 1940 2749 7191 2725 6779 6720 4704 2130 4798 1751 5728 5404 4917 2524 1462 5621 4572  622 4045 4786 3228 4266 6363 5754  668 6527 4150 5827 4941  827 3125 4586 4030 4087  324 5062  879  293 4038 6540 1524  221 4953 2522  792 4669 5290 5395 5885 5204 4238 4779 1625 3846 4527 2555  805 4170 5871 6099 3160  876
 6071 1487  252  967 4199  268 1906 6503 6805  973 2390  740 3417 3695 5667 2552 6783 4649 2226 4815 1642 1880 4538 5635 4611 4894 3945 2419 3029 2425 7253 4368  796 4402 6024 2773 3809 1705  581 2759 4663 6083 6336 3136 5622 5056 2261  410 3872 2409 2962 1828 7561 7510  116 2891 3060 3406 6628  880   41  962 4080 6752 6740 3884 4928 3257 2577  629 2398 5558 7071 7057 3816 6981 1138 4909 4048 1259 5001 2323 7279 5074 7149 7435 4406
  807 6191  169 6532 2870 5219 7037 1870 6609 4855 1943 5593 4180 5940 5575 1063 3605 5573 5369 1095 3414 4058 1149 4608  659 3394 4539 4592 1750 4159 5994 6804 2646 3617  768 2370 5957 5591 3659 3229 2064 6584  340 2018 6067 4555 5932 1980  525 1748 4362 4201 3286 5985 4214 1513 2525 3739 2446 5678 2680 4089 3263 6029 5588  693 5406  366  402 2027 5651 6329 4395 5122 5499 7512 1937 6325 5419 7183  729  390 7433 3509   79 4990 1436
 7537 1130 6606 6993 4991 5053  832 7095 5561 6881 1193 4687 4661 2164 3397 3344 3808 2599 2271 3148 4872 4794 7278 6719  129 4095 6776  267 1448 6478 3352 3107 7437 7062 6344 6384  833 1069 1052 6906 3675 4576 4363 1985 3976 6465 7383 3054 1039  600 4647 4364 3662  662  881 6092 1914 3712 2974 3786 4800 5340 2277 5670 6815 4808  487 1184  341 5910  481 1722 5764 2951 1156 1539 1883 3526 5578 4136 3355 3799 1167 2998 4784 4426 2235
 4744 1162 2589 6716 4210 6638  225 2493  158 4961 4157 1693 3420 4375 6129 1338 1774 4548 1518 6298 2901 2583 5767 1158 2666 5067 2246  741 5717 6897  211 6434 5777 1550 6710 3255 5337 2112 4657 4732 5905 2880 3528 4333 4949 4154 5025 5061 3524 3383 1936 1333 1006 5763 6027 1557 2811 5153 5552 5271 3418 4190 7203 1499 2387 7478 5250  305 2862 1125  955 7173 6188 1068 6781 7220 3641 3391 4968 3085 4863 5038 2532 4446 2228 3995 1191
 6461 2605 4910 4812 5428 6971 6189 4337 4525 1605 2382 7529  364 3364 1254 1747 2814 1793  877 3573 6427 6702 5859 5036 6853 6022 3052 1409 1354 7375 6147 1001 1360 5028 3679 3681 4451 1247 4605  926 1846 1425 1890 3272 4731 6107 4166 3924  765 2566  408 3770 1209 1031 2439  105 5856 6462 6457 4002 2761 4356 5756 4962 1869  917 5623 7523 5195 2513  644 2457 5824 3766 5692 4397 4013 6937  344 6610 4167 1909 5218 1859 3460 7019 5319
 6339 6571 2743 1614 2889  503 7457 1434 5842  436 5801  589  762 1306 7530 5277 3223 5107 6564 4046  777 4622 7162 1889 3468 1561 1761 7129 3362 1147 3186  379 1897 4052  631 3559 2483 5398 6761 6619 3242 1845 7137 7286 6165 2189 7327 1639  155  855 3783  543 6732  123 5003 3262 4935 2836 2897 7549 2210 1931 5457 1969 6112  924 3812 3480 4994 7346 6007 1991 4329  590 2593 5355 2582 5292 6349 3486 3300 7328 6744 3667 2213 5211 4644
 1901 1275 3638 5632 2099 1157 1324 7084 2278 3005 7551 6318 1708 6443 5343 7288  124 2280 3170 3164  346 3047 4976 1453   16 3378 6512 7505 6498 5420  193  251 1018  350 2353 7398 6213  794 1566 3549 3103 3563 6939 1840 5861 1689 2475   28 6002 5951 7078 2060 5396 4306 1092 3904 7446 5453 7207 6836 6944 6737  695 6406 5274 4908  148 2873 6625 5847 3027  667 4769 1495 6786 3636 5494 1529 3371 7413 1944 3043 4567 2083 3507 4383 1277
 4147  345 4957 4435   23 6651   84  273 6582 2640 7251 6523  850 4474 3537 3616 1881 2682 3878  160 4801 4381 1990 1622 3787 2684 2679 1953 6968 2386 2114 5818 7198 2275 2216 3542 2537 5807 6118 4691 1919 6626 5828 3937 2594  323 5720 1029 3717 3966 5202 4035 6840 6416 7135 7566 4237 2448   85 7275 6700 1428 6374 5565 6436 7233  698 2519 3631 2648 2694 3883 3833 4032 6076  382 1449  465 1717 6784 7092  700 4690  177 7534 3278 3823
 7511  673  875 3794 6950 3305 3922 2921 1214 5765 4319 2468  836 6219 1460 3709 2964 2765 7117 5677  726 3201 3314 3624 5908 3637 5226  398  919 3843 2025 1786 1311 5096 5676 4297 5633  970 7194 5302 1686 1867 4678 5163 1961 6116  407 6359 1575 7195 1405 7269 7192 6358  174 5176 6360 1882 3485 6207 7431 2915 1912 5160 3174  414 2123 3440 2030 1879 7073 2781  654 4766 4307 7043 1116 5503 7008 3188 6014 6257 1632 2362 6145 1778 4125