 1466 1119 6637 5844 4168  274 5797 3491 6994 1140 3545 2564 4953 5761 2458 5732 4581 4109 4411 2374 5897 7377 5368 2801 2146 5755  358 3227 5238 1690 5343 4199 1562 5758 4355 3263 4943 3386  917  603 3193 6468 2371 3033  613 5653 4680 5510 2275 3985 4865 4836 3180 4518  782 3565 5188 2418  534 6225  357 1321 2557 2957 4645 7190 7730  406 5605 1217 6462 6108 4330 6244 1797 4737 2932  655 6805 1487 5241 2884 5718 7348 5328 6894 4191 2138
 1733  992 2665 3498 2803 5250 2262 2063 5476  221  815 1478 4237 1837 1017 3101 6344 6205 2193 7658 2813 6686 7059 7616 3841 3913 4019 3147 5232 6059 3997  509 7562  865 3156 5244 7055 4157 4677  416   19 2402 5880 5860 7247 4185 7115 5321 6516 6426  635 2332 1131 4871 7071 2664 2606 1799  653 2975 7137 7254 5709 6780 3608 7273 1683 2241 1786 2059 5935 3795 4178 4841 4461  247 2309 3345 3206 7255 2276 2436 6713 1747 4314 3971 5774  868
  371 4275 6264  805  591 1114 7620 7133 1512 1680  803 4780 1654 7675 2131 1594 5005 2658 7285 3172 1364 6594 5031 7491 1744 4544 7371 7743  891 5260 5739 5351 6804 4239 2028 4894 4486 6656 5408 7183  898  852 5028  477 4441 6995  275 1036 1087 4569 4490 3849 1283 1030 7432 2002 3858 3248 5036 1945 6136 4404   98 1059 3694  314 5216 6982 6353 1597  833  257 3783 2412 4261 7740 7452 6542 6268  778  874 3187 5276 5873 5226 3976 5119 6296
 6488 7042 1244 2487 5358 7717 4302 4007 4696 5823 5431 1318 4550 2647  706 4034 7240  317 1334 4468 5526 3948 6890 5586 2571 6152 7401 6313 6284 6383  100 6079 3168 5332 5450 2950 3527 1037 5342  839 3906 7319 1045 6927 1655 1931 3528 5411 5680 2128  315 6624 3995   16  620 1319 4547  682 2127 2071 6614 4882 3747 3169  559 2195 5021 4523 3984 6371 5962 2946 1172 4805 6359 4980 3733 3817 5137 2109 2939 6460  153 4723 2549 1608 3348 2982
 5696 6635 1515  731 2959 2558 3991 6345 1288 3666 7237 5497 4061 1413 2040 7275 4452 5900 4804  444 2578 4268 7318  595 5095 1471 5988 3555 1944 5155 3335 1093 1630 2098 1008 5837 5766 5434 5951 6335 5463 3138 2764 1310 5007 3418 1785 4588 6598 7263 7031 1156 2216 3612 6186 1485 6132 1385 6276 7164  875 7413 1104 7149 2823 2622 4957 3979 4258 4104 5104  807 6374 2784 1830 7180 1261 5773 2464 6928  813 1311 2964 2970 4260 7160 1237 1338
 5965 6197 6643 3636 3154 5075 7272 5672 1991 2305 3447 6057 5375 5231 4445 6562 3273 5638 4984 7216  529 4279 3238 4338 2181 4437 3043 2953 3020 2536 1938 3556 4538 1787 4173 4201  878 7607 1328 5635 6084 4722  466 3406 4047 7440 6115 6120 2579  903 2387 7262  718  491 7540  793 4286  755 4704 4148 4978 3974 1225 2520 6819 6633 2809 7429 4077 6632 4576 5674  398 1281 2288 1491 1371  244 6303  183 3178 4847 1601 6605 1046 1148 5884 4267
 4575 5746 2144 4631 1892  365 2094 6589 1129  639 7684 7233 5541 3416 5530 2870 4248 7629 2347 6732 5879 4565 1928 2990 7530 1997 7266 5934 5308 5404 3401 4015 4930 5383 6815 5609  911  654 3049 3623  736 3459 4739 2575 1284 2693 2197  474  715 6795 2875 2191 4485 2452 1537 5130 5771 4467 1556 4246  186 3283 3409 5387 1930 5435 3450 3205  240 2039 6265 1226 6896 6629 2758 1583 4078 5558 2509 7699 4743 4122 6757  824 6862 3465 6417 3223
 2841  738 1320 6787 5918 6572 7575 4632 7020  210 6945 3446 2156 4761 7311 1039   44 1366 6555 7308 1024 7668 6455 7665 3829 4794  300 6842 7172 5624 2310 7212 3402 5076 2230 7385  165 5627 2061 4777 1193 2710 1128 7084 2960 5448 6593  299  742  915   73 2706  610 7602 4597 1731 4208 1620 2343 1789 3376 4828 5247 7138 7650 5871  421 1873 3578  694 5928 4442 7136 3129 3270 1436 1838  672 4272 1263  572 3987 4666 5227 4273 4599 4390 6491
 4253 7645 5440  947 7741 5286  392 5828 3625 6877 1329 7542 3951 1755 1546   38 2304 7173 3647 1911 5102 4114  937 6474  465 4685 3183 1400 4983 6888 5622 2454  531  434  108 7223 3284 7030 4266 4045 1734 2774  978  511 4662 3918 7383 6975 2721 2278 6281  666 4228 7304 3404 3809 1102 4383 2514 1442 6864 7033  469 6463 5057 4499 7163 1673 1307 3372 4477 4110 3194 5048 3688 6793 5297 6156 6328 5239 4231 1968 6720 1089 2502 3368 2902 2245
 4827  115  512  106 4242 3423  201 6915 7349 1297 3665   51 7192 5933 4507 7169 5296 4408 1829 6536 6077  763 2662 1903 1933  363 5466 2892 6829  554 5763 3093 6615 4716 3313 6159 5750 3415 1992 1912 5183 3010 1065  754 7023 6891 2906 6072 4817 5004 7543 3883 1525 2045 2908 4910 1948 7447 1206 5800 4703 5424 7259 7523 3675 4402 3472  505 5234 5830 4856 3026 3237 5656  492 3685 5325 3654  893 3304 3797 4647 6004  241 6110 3128 4991   24
 6127  641 6082 7081  906 7118 5436 5616 7384 5415 3821 4332 5277 6892 6697 1914 7154 1542  475 3179 7140  530  370 1344 1809 5120 2376  524 5533 3750 6087 4717 6063 2260 4800  537 5475 1445 4509 6961 2619  105 2140 3307 2139  599 5985 2896 3553 7579 6234 3301 4924  412  670  894 7449 6149 6907 6431 4352 7261 7720 1972 6270 1686 3303 5856 5204 3272 4683 2258 2998 1498 6816 2605  541 1821  727 6611 3261 6209  111  881 2585 5664 2657 3226
  966 4276  114 2154 1504   22  462  519 3397 6751 1768 5438 1361  753 2976 3007 2771 6563 7230 4963 5045 4689 2484 5560 1653 1081 4349 5003 6053 7189 1353 2164 2858 6139 7657 2545 4543 5643 5459 1043 7497 7471 5098  346 6573 5052 1826 2644 4263 6825 1523 6102 7556 5768 1250 5835 2022 1296  457 3066 3518 1253 7484 6400 7097 1142 6714 3190 4318 2018 1760  376 6582 4554 5848 5588 7034 7342 2724 7738  855 2218 3038 3736 2782  781 7075 5640
 7397 7456 7198 3375 7070 3880  304 3453 2741 6640 6218 6719 5482 5395 2444 5213 2053 6499 1679 6147 2394  574 6493 1924 4541 6261 5968 4873  448 6911 3364 1477 4233 4016 2783  292 3511 3616 6065 5391 2081 1953 5485 5252  459 2967 2885  339 4986 4497 5030 1492 6725 2145 6606 6534  717 2709 6783 6743 4831   49 3830  970  816 1877 1216 3017 5756 1204 3050 3722 1391 6873 1538  487 7639 2824 6773  337 6511 2346 2583 6445  290  760 7550 7209
 1818 4620 7685 2194 1055 1149 1572 6833 3461 5269 3356 7467 7581  984 7538 2690 3713 7086 2977  493 5687 3041  206 7037 6721 6366 6016 3599  490   92 2881 7584 3351 1560 5751 2880 3960 5859 5972 3927  269 5780 3439 5790 7009 4942 3234 5705 7529 4762 1324 2698 3097  933   52 7722 1859 4997 7537 2613 2856 2722  561 1472 5932 7589 6424 6786 3714 6290 4952 2903 4814 4440 6449 2410 2779 1777 2937 5753  851 5956 1805  523 1717 1316  258  982
 6061 2416 2470 7085 1573 2161 5630  687 7723 1112 6530 5589 4674 1053 2380 3671 4962 1362 5165 5314 7089 5945 7372 2024 3767 2373 1684  890 1528 6376 6512 2246 6707 4435 2238 5116 7282 7565  939 1152 3394  901 7011 5814  242  619 1414 6341 2072 2909 5093 6962 1289 1011  699  230 6044 6727 3388 2190 7182 1742 1164 1124  499 1303 3090 7569  693 4436 5106 5715 7457 3970 1607 5254 6168 2543 6893 7220 1633 6146 4264 6202 3001 2748 3438 7405
 5218 5437 5263 5248 3311 3330 5337 1810 3660 5960 6559 4808 3618  709  117 7128  565 1239  517  871 6760 2830 1083  224 7386 1954 2532 1898  184  849 2872 5157 3539 1649 3249 4855 5464 2226 6032 1130 7186 2398 2986 3765 4118 4779 2225 5509 4731 2264 7478 2729 3552 6744 6765 7279 6172 6448 2521 1584 2611 6522 5747 6972 5874 5585 7123 6672 2759 5481 6242 6913 5307 1502 4196 2891  908 1638 3139 3626 1719 5373 4053 2367 4479 4163   61 3046
 7714 1901 7090  669 4964 7480 3789 2384 6419 6663 2025 4063 4351  910 6148 5083 5542 2013 4009  870 5456 4648  270 2088 7734 1331 1790 5275  811 2015 5929 5791 2207 1614 6701 4908 5334  190 6432 7219  121  295 7333 3923 3357 3434 5002 4424 1475 6111 7208  866 3300 4310 1429 5514 7437 6942 4471 4149 5135 4018 4430 7591 1895 3177 1558 4557 6354 2321 5001 5133 2326 5127 3352 7634 3589 1159  863 1647 3073 3710  814  126 6200 2169  802 4088
 4217  420 2014 5071 1474 3151 3078 7608 5867 5348 1846 4216 1853 7552 4322 6247 3568 2468 3804 2188 1640 2296 6870 5145 1031   46 6174 7459 3316 4364  867  627 6011 3210  273 2431 7017 6498 5046 4705  538  626 7354 2339 3772 3005 5568 1194 5699 3597 6437 3229 1363 6046  506 5061 5967 4462 2566 6496 3414 3497 6705 5401 6723 1280  842 7492 2510 2804 2634 3175  823 4724 6569 6021 6054 6266 7363 1952 2988 3825 5794 4042 4444 3469  848 1958
 3669 5322 6981 1850 5991 1704 2687 1570 3757 4107 6267 6528 1669 1506 1111 6602 6492 2422  411 6958 5506 3126 7217 3779 6964 7703 5916 1268 5460 4937 7056  375 1874 2176  980 2673 2106 1547 1520 3818 7436 2751 7289 2044 5013  983 6158 6858 6035 4159 5731 3008 5502 1592 2655 1999  158 3925 1136 3775 1251 1832 6010 1264 5134  518 4809 5849 2922 6740 6318  154   86 3092 6540 5949  482 1571 3057 4551 7335 2214  437 5287 7229 5838 5745 6754
 7063 4169 7689  215 7627 2437  836   59 7129 6876 5607  862 1085 6121 6547 5820 5912 3011 2285 2301 3727 3856  744 2638  950  356 4959 4004 5172 7460 6709 1881 6187 7347 5602 1782  156 3192 1855 3535 6320 2755 7628 3972 4341 1994 1998 6497 2855 2797 7214 4249 6691 4465 2581 4304 1147   88 2926 6179 2715 3396 3501  566 1657 1499 5407 3399 1769  464 7525 4928 5520  884 7241 5100 6821 4634 1588 3012 5625 1229  777 2978 5610 2006 7338 6827
  832 6047 3159 2768 4976 3952 5730 5764 5149 4403 2707 6814 1402 3196 3022 1184 4573 5074 2120 5663  227 3432 2261 2733 2700 5505 4532 3581 5189 1750 5086 5361 3879 6009 2183 6597 1758 3174 4772 7067 5303 3769  658 5724 3152 6991 1591 6214 5810 3133 7485 4533 4414 6162  785 2701 3882  381 2984 3262  308 3981 7073 4398 1668 3958 1975 3584 5154 2152 2593 5462 1192  328 6836 3460 4236 7558 2483 2050 1536 7367 6861 6461 1345 5280  405 5811
 5019 2762  243 5850 6380 7032 4027 4822 4525 2475 6577 1746 2393 3916 6095 3009 7330 1514 6504 7623 1915 7557  127 3878 5064 5658 1040 6949  692 6003 1116 2818 7320 7362 1825  205 3291 3996 1090 3515 6453 6317 1756 3644  278  208 4353 2007 2935 3924 2958 5350 4391 4686 3492 7000 7082 6403  256 2723 2032 1375  306 5107 4119 1019 3490 4981 6989 3663 3725 7234 2349  837 5203 7310  321 3358 2562 3483 3838 3509 7268 6140 2089 1596 4628 4770
 6914 6275 5548 2469 2889 1230 2924  713 4345  941 2616 2097 7590 7144 4029 6411 2397 3896 6392 7704 1857 2274  663 3811 7345 3488 6889 4127 1574  698 4721 5787  995 7004 7735  112 1784 1712 1291 2697  617 4347 6634  961 4108 1559 3895 4826 4767 7203  430 6347 7360  192 5659 2279 4912 4294 2597 7151 6310 2114 1200 7195 4084 3068 7692 4955 3965 6832 4545  354 5958 2290  248 3264 4182 3780 5192 2427 1815 4918 3934 2476 5099 3003 6749 1905
 2934  822 7659 5950  762 7054 4478   64 4049 3670 5292 4566 2478 3674 7346 5868 7605 5472 1623 1509 2756 6049 5905 7712 7439  775 3032  578 7621 3036 7316 3619 1819 3873  994 1061 5667 3230 1292 3094 7270 2790 3310 2149 1563 6525 6477 4931 6584 3076 1256 4054 5423 3160 2277 3215  187 1201 4741 7267  436 2356 1577 4415 5646 1166 3507 1171 2917 1380 4488 2383 6346 7549 2538 2501 5177 6211 5749 4932 5769  408 2713 3695 6113 7411 4637  390
 6987 5273 6157 1460 6367 3314 3408 1910 4926 6274 6180 4702   25 3812 4370 1899 3743 6000 2574 1301 4287 3732 1182 4067 4885 5872 4990 3717 4290  101  889 2324 2554 1511  549 6081  998  925 1871 6715 5710  569 7709  266 7654 4795 3116 7265 3061 3454 7418 3333 6505 5601 2897 2463 5500 1051 5670 1840  582 2432 4869 7175 2283 3601 7299  846 2266   55 7559 4426 5711 7534 3523 5796 3944 6909 5122 1403 1978 1143 5220 7553  883 5377 6967  225
 5524 4591 4848 3719 7632 3781 4951 3548 4224 6998 1578 6682 6824 2062 1564  786  502 2433 7522 3155 1977 2005 3794 4150 2011 2974 3452 2375 4617 2354 6978 6237 3268 2496 4450  391 7462 6919  759 5937 7633 7045 4170 7433 2129 4618 3690 3957 2095  417 2099 1595 5029 1449 1145 2170 5866 3914 4920 2141 1764 3344 3684 7050 4481  576 6742 3366 5187 7706 3575  182 7697   50 7666  633 1174 7325 2168 7112 1795 6312 3857  684  792 6549 5310 2954
 2415 3039 7733  621 5870  747  252 7458  238 5954 5590 4386 6788 5636 7098 3754 1357  287 3824 3937 4254  794 4735 3468 1527 2535 3853 7509 6750 4382 3023 4909 3448  175 6835 6886 3025 4651 6930 1181 2308 6252 4448  971 1781 3998 6567 3099  520 7146  758 5836 3144 7024 6680 5306 5603 1490 2791 2684 1396 6387 6902 1724 5517 6064   56 1101 6098 4040 2315 7114 2997 7536  212 7191 4820 2247  916 5054 3451 3533 6588 4103  701  931  544 4982
 2462 6427 2439 6160 5924 2941 6843 4400 6097 2389 2209 1839 4867 2635 1598 3245 4129 1162 6952  283 3683 7679 4250 1327 5406 7200 1423 1349 1701 6440 6906 6185 4793 5523 7593 6965  191 5422 7356 4392 7688  495 4374 4234 3591 2203 3908 7680 1309 1207 7635 5152 3935 2405 2134 2293  521 1049 2671  986 3449  748 5270 1695 2763 7178 1298 2217  678 4360 6959 6362 5735 6879 6167 5359 6526 4139 6033  305  847 2860 6950 1132  679  229 1688 6020
 7576 2021 1395 7541 2351 5977 5405 6717 1929 3652 5890 1707 3600 2466 4917 4407  671 6925 2765 1113 3728 1286 4811 7461 5783 5887 4363 1864 4706 3295  845 7057 5094 6029 4574 4971 3125 7521 7260 5055 4940 2450 2202 4690 3785 1793 5380 4712 7626 3072  104 5691 5159 5027 5953 7276 1465 1126  197 3718 3317  311 4021  297 4214 2991 2683 1754 1987 2173 5412 1700 7560 6737 1223 1108 2760 3443 4757 3929 6724 1844 5105  558 6452 4567 1302 1745
 4215 2528  279 3603 4181 2961 4633 1189  393 5587 6796 3105 3100 5792 5070 7167 3457 1439 7426 3176 4744 2920 2508 7302 3721 1986 2916 5365 5995  650 7700  135 2682 1530 7005 3134 2116  539 5886  163 6628 6476  204 6716 5975 3292 5784 2981 3776 5023 3843 3370 7158 1576 3053 1258 5862 6015 6222 2525 6503 2070 5495 4128  456 7100 2837 7226 3477 5160 1814 6210  751 4619 2407 1314 2041 1636 3148 3643 5394 6230 1625 4093 2899 6428 4183 5062
 4395 2949 1807  139 2527 2625  656 7511  347 1937 5131 4985 3835 5196 6500 3486 2355  282 6999 4475 5201 1455 7702 2794 5577 2567 2618 5144 7691   83  902 7402 7109 2914 6309 6178 2672 1035 2453 3504 2632 2620 6806 3030  776 5353 1000 4218 6956 5914 7585 3764 2253 4582 6704 2873 2166 3982 3390 6245 5863 6034 4587 1495   12 6130 1652 2848 4586 4500 3646 3740 1273  922 7016 1959 6377 5215 3560  429 4001 4973 6778 2864 6291 7619 3158  956
 7609  178 2730 7487 1983 5922 6101 5685 5253 3702  250 1470 1942 1135  400 2012 7715 4023 3986 3082 1376 3639 3318 5022 3832  217 6124 1373 5174 2829 6171 1034  850 6099 1369 6141 2335 7249 3635 5528 5393 5534 2388 3392 5804 3067   87 2425 6848 6529 5491 3520 4799 3377 6969 7074  825 6520  809 2692 5521 2413 3679 1354 3815 6844  399 4039 7442 4321 3956 6800 6845 2744 4598  723 2696 3382 6745 6595 2287  750 1529 5712 2372 2738 3354 7604
 2220 4117 4487 5812 6249 1374 1833   48 6037 6451 5648 4718 6770 3338 1925 5397 6183 3899 3861 5629 5829 3379 4283 1199 7564 4974 5943 4846 4511  540  329 5878 1501 1738 3577 3412 5673 1456 2292 5498  844 6509 4297 3456 2358  929 4969 5628 4824 6254  340 6258 3470 6552 7161 2910 2629   75 2835 6695 1694 4682 5619 2582 6818 4325 1828 3595 2282 1463 1144 5503 4905 4032 7286 4709 2474 7389 1246 5677 1381  739 3696 6932  152 1137 1612 6467
 2438 7454 4052 7464 1675 1146 1770 3598  125  697 5809 1141 2210  746 5698 2054  233 4858 7615  838 6766 5324 4189 7126 6282 1365 7166 5612 2030 6028 4011 2108 4555 5858  122 3266 7250 4460  957  556 6702 7381 5683 5311  272 1985 5507 5925 3566  131 1060 5847  948 5467 3585 6761  496 1434 7711 5289 7661  991 6394 3349 1052 7072 2411 3737  652 6397 4144 4829 4312 6295 1659 4454 7465 4876 4313 5385 5420 6767 2594 3886 3374 1178 1539  861
 3016 3109 1278 2064 4320 1753 7323 3793   94 6675   34 2568 7417 4747 7044 4309 6223 7587  643 6564  700 4729  394 6343  461 7727 6550  553 7450 3845 6997 1117 7594 5752 6091 2319  732  967 6226 5264 3209 1163 1115 2828 6507 5146 5016   71 3296 1464 5806 2017 5604 7303 2627  453 1393 3489  614 7448 5304 3912 2076 7463 1355 5993 3203 6340 2728 7637 2833 2499 7207 7696 4818 1996  583 3930 2805  319 3687 3135 3466 2621 1210 4852 4624 7547
 2556  113  234  665 4810 5566 7573 6600 5480 1957 2303  395 1730 5315 2931  605  817 1095 3213 5047 1907 2172 5186 4385 3891 1808 1382 6809 6134 7510 6789 2734 1882 1269 4164 1918  445 4886  590 7047 3387 1656  454 5347 6650 5569 4501 5224 3529 6560 1336 4389 4987 5089 6807 2599 3305 5474 4111 5688 5246 6227 5091 7375 4868 5483 6954 4881 3018 3844 1791 2229 4878 6068  419 4681  645 1678  413 7568 4568 2386 2000 4692 7555 7147 5845 4655
 3621 2788 6484  608 4013 6233 2345  969  968 6182 2624   23 5020 3645 7236 6008 2516 5969 2067 3142 2800  214 5618 6604 3419 5876 3391 3782 4514 5902 7423 4948 2075 3697 2850  951 6056 5345 1831 6683 3698 3582 7705 7049  441 6289 3062 5940 3191 2150 1568 2781 5938 7359 3325 5901 5757 5776 2077  734 2270  580 6407 4375  533 4816 2112 5641 2643 3604 6934 4154 3167   42 2239 3426 5703 2983 6963 3609 4086 4776 1435 3256 7545 3037 2735  946
 4863 5225 6587 6899  642 2511 1496 7710 1801 5573 7350 1586 2189 2178 1868 4531 1343 2348 7693 5015 3877   72  564 5112 7631 5919 7196   54 6350 5955 6853 2259 2232  989 5080 6576 4834 5390 6357 5765 2212 1870 2685  428   36 2472 3587 1489  676 2772 3543 7171 5644 5697 3255 7174 1125 3836 1843 7176 6782 1196 4271 2537 6687 3715 3864 2104 1557 6752  472 4965 6074 4447 2518 3034 1505 3278 2272 1351 5166 5416 5920 5531 5444 2938 3095 4725
 3506 7215 1671 5824 5300 2727 1330  604 4211 4616 1600  892 4537 3421 2142 2273 3145 5487 6073 2364 7482 4534 5386 2148 3610 6731  478 4012 6283 3551 3113 5661 1646 7640 2617 6045 7328 4384 6007 1332 7036 4726 7152 2749 4046 1776 6019 3171 1133 3576 2670 4670 4443 2157 7382 7420 3014  854 7003 3075 1811 1676 6450 1202  828 4815 4756   13 7716 5979 4223  525 3885 2125 6151 4288 5561 5496 2378 6217 4090 1134  602 6221 1682 4020 3720  218
 7040 6176 4875  840  494 1720  288 6711 6348 3508    1 3013 5851 2430 7288  168 7248 7295 3672 3365 1651 3592 5894 5492 4950 5097 4606 7280   39  934 5861  277 5793 3240 3544 1275 6596 3711 2731 4396 5318 6698 7355 6294 5694 2445 2057  877 5197  377 3640 3485 2368 4296  514 2704 4463 3332 4031 6338 3188 3920  460 3104 7181 7324 6712 4589  263 3977 4057 1062 4898 3373  369 2153 5662 1603 7687 1480 3583 4055 4334 5767 6609 2555 5805 2237
  804 6561  298 3385 6458 6692 7119 5600 2227 5864  189 4131 1377 7105 6023 4835 4727 7046 2482 4089 7614 5235 2703 5493 3692 6539  446  360  629 2441 2857 1696 3638 7058 3359 4923 3524 2890   93 3661 3567 5737 1339 6137 7395 7438 1602 3474 3441 4092 1642 3955 5060 1644 5173 2334 2020 1285 2342 7672 2175 4520 1813 1350  144 1894 5611 5559 4282 4293 1545 7524 4546  624 5341 3103 4423 6475 1759 6369 1672 4229 6885 6472 5807 5471 3199  483
 4292 1613  660 6912 1352 4425 3851 3631  952 5014 2206 6973  331 7039 3476 7369 6811 6990   96 2767 6322 3127 3200 6694  858 4615 6401 2366 6248 3557 5354 5655  615 6050 2944 3149 2652 6262 1245 4977 2517 6038 3693 2711  667 3866 4474 1941 7168 2485 3729  711 5024 6384 7065 1075 2945 7667 6206   30  142  926 5578 3464 6955 2595 1932 7713 5944 2428 1842 3614 7231 2294 4331 1749 1064 7150 5996 5904 1887 4121 7148 2136 3770 1510 3173 2736
 2838 6005 4456 2915 4194 4175 6580 7077 6363 4035  401 5728 4807 3968 2130 7243  476 3219  231  427 3613 1616 7566 2435 3202  550 1964 2843 4562  162 5171 4176 3900 4024 2087 2712 5984 2151 4257 7652 7412  622 5103  623 1889 1732 2996 5221 3056 3084 5245 6936 6515 6150 4241 3881 7469 6438 1553 1665 2281 1796 2313 3429 3500 3744 4387 6316 6304 7698   47 3963 2488 5008 6779 4839 6062 1867 2714 5382 2591 5987   70 5896 6983 1976 3096 3538
 4259 5118 4184   37 2952 6001 4270 5825 3941 7093 6398 4130  147  720 2623 4324 6027 4870 3251 1762 5546 6255 4505  689 1697 1067 2377 6993 1822 4600 3709 5947  976  924 1935 6768 3425 3766 3852 6236  284 1042 1188 1190 5598 6856 5255 3290 4765 2481 2461 2242 6086 6784 1241 5892 2327  876 4328 1348  659 6874 5455 5632 3917 4542 7586 2626 4222 6193 7242 6974 3293 6904 1287 6746 6014 1077 3839 7008 3945 6071  293 2004 1006  166 5519 7131
 3146 4754 3980 6232    8 5855 1021  261 1277 2719 6730 3706 3042 4255  575 6905 6030 2745 4857 2240 4308 5043 2060 2654 4675 7647 2570 7721 1012 7596 4607 5207  481 7466  820 5562 6228 7380 4944 2298 1091 1965 2192  118 6041 6104 3244 7407 5957 1876 4323 4668 2159  612 2074  330 6929 6581 1282 1041 3753 6483  769 6658 4768 3531 6048 1025 3136 4866 3286 7053 1420 4763 5065 3505 1729  616 6625 6943 7066 4788 2905 6434 4901 2115  955 2963
 1702 6642  267 1224 7651 3437 2580   29  936  953 3926 6144 6241  341 6466  797 1883 2456 7554 5309  254 5210 6243 5079 6058 5852 7498  795 2250 3137  649 2894 4161 2602 6847 7544 2219 2401 6850 4994 5948 6820  702 5356 4388 3054  320 5563 4416 4967 2754 4147 3837 5623 4350 1995 4859 1259 4535 2913  324 5151 7495 6579 4979  211 2569 4657 3331 6575 1806  798 3102 7202 3162 4008 4243 4037 1637 3112 7415 3184 1936 7309 5117 7007 2137 3816
 2610 4733 5893 7694 4405 3547 2408 7156  338  440 3279 6748 3267 6361 4171 7139 7732  170  960 1367 5571 1356 4422 3994 5504 2490 3063 3910 6078 6286 3546 5584 7222 2792 2560 2695 6257 6288 2331 4200 2307 3931 7307 1816 4688 7387 4838 2409 3569  409 4845 6866  570 3214 6655 3326  450 6638 5695 1981 2590 3024 4715 6599 2642 1272  597 2052 4708 4605 6617 5881 7378 4413 1118 4884 2111  737 1389  920 1305 4832  826 5818 3347 4936 4774 1222
 2117 2420 5123 1294 4247 7625 1392 6489 4151 1431 1908 6189 5716 5552 1955 7416  954 3634  307 1384 7673 5451 1440 1990 2519 3788 2037 1604 2085 4295 3680 7489  584 6323 2668 4070  919 2659 1658  276 3118  403 5470 6319 3953 1387 6195 4711 4115 5374 5782 2122 7269 2796 5981 4339 5939   99 4346 1107 1960 6971 6433    2 3624 1425 6094 6884 3869 1641 1450 2448 6882 4861 5762  349 3424 6060 7477 6616 7535 6607  735 5942 6025 2328 7475 4564
 3999 1648 3259 7595 2812  383 5403 6506 6135 1444 5551 6937 6342   63 4317 1967 5223 2497 5826 5799 6165 3820 6271 1950  596 3745 2029 6246 1582 3320 1267 3904 4433 4327 1300  513 4975 3246 5591 3040 6413 5211 5651 6924 3114 3269  374 1109 5161   32 3911 4289 7010 3165 1105 2316 4036 7406 3802 1548 5614 1370 4177 2093 5583 7403 6425 1923    5 6921 3558 3550 3810 5736 5795 1824 6735  404  799 7729 2810 7388 5259  332 2769 2068 5579 5249
 3590 1448  589 2155 7165 1993 1500 2811  764 6916 5596 4622 3602 2051 1078 6710 1526 6213 1711 5742 2717 6574 4695 5200 2676 1852 3342  949 1404 2742 4840 5032 6022 2802 5251 4992 6423 1503 1415 1074 3731 6391 3689 3863 6177 3746 6269 5262 6662 5976 5366 1479 4005  634 6501 6603 6447 4802 4165 6531 2854 1221 5082  761 3243  498 1127 4946 5515 2300 1401  526  500 4625 4429 6608 6388 3059 6557 3755 5841  581 6674  914 6728 6996 5923 4142
 1780  451 5788  438  784 5114 4137  486 3058  361 4152 5516 7374 4453 3157 4072 6690 3495 6551 5271  773 1483 1151 4301 5554 7232 3106 6365 3445  397 2776 6161 2385 6822 5069 6986 4428  918 3796 1473 5781 4903 1626 4377 7577 3909 4614  560 6722  103 5986 3098  562 6314 4933 3233 5317 4298 3564 3289 5419 3964   20 4570 6941 3236 6826 3323 1180 7598  535 2455  885 7494 6623  927 5362 6117  573 3343 3657 5457 7731 5193 1909  997 5180 4750
 4277 3170   95 6191 5690 4459 1416 2338 2047 7332  637 2943 4394 1773 4759 2598 3499 4017 6758 5883 6204 6418 3380 4410 2223 6535 5668 5009 2542  607 3606 7527  102 1708 5564 7205  673 2103 4134 1900 2600 2208 6119 5971 7468 2046  384 7368 3648 4661 1076 5198 1441 3905  725  313 6339 5199 7737 3462  979 1247  662 3275 7551 3540 4830 1670 5439 5501  552 4796 3777 1660 6321 1897 2480 7708 5363 4344 4966 3686 6051 5738 3002 5556 4640 3887
 5926 7313 3216 4305 7358 4742 7293 4687 7235 4213  109 7006 1001 5217 6627 1963 5194 2534  963 3186 7408 6190 2820 5372 4393 1274 5295 7526 4153 4548  959  740 3440 1447  768 4613 3922 5147 5000 1913 1507  771  309 4771 2506 1851 1836  779 4594 6207 5268 5684 2325  726 3651 7193 2541 4116 3537 1698 3458 7340  789 3827  772 7352 2391 6129 1741 7210 4207 3593  827 3277  528 3254 6677 5219 6055 3966 6039 5647 1254 5772 4412 3628 3088 3442
 2992 3630  128 2678  281 2254  928  164 1481 1752 5906 2548 6302 6619 2369 4190 2680 5512 1158 5468 4746 4140 5720 5550 7648  829  289 2446 7400 4307  587  571  586 7676 1306 1772 2666 7682 2867 7184 3321 5049 7430 6420 1410 3081 4060 6566  143  912 7663 5039 3242 3306 2540 5305 4602 6652 2641 6908 1482 6360 2073 6612 7199 4333 2907 7736   62  352 2222 5360 3069 1531 7095 6478 5230 4105 5553 2847 7143 1099 7297 4667 4484 6670  819 4693
  555 1565 1779 7341 1534  237 2505  712 3571 6910 4612 1497 2429 2447 4621 6456 6726 2868 4230 6976  157 1397 2878 4580 1333  733 7125 5689 3410 5267 3870 6143 7446 2842   89 2940  368 3431 3992 7227 7113 7483 5999  410 3108 7660  239 5666 6651  335 3224 4595 2256 5631 1951 5399 4187 4472 1988 6960 7506 6664 3784 2058 1205 1982   65 7470 6250 6660 1715 1543 3258 4515 6661 5582 1725 1290 4369  508 6708 6939 1160 3942 6984 5992 7472  958
 2777 1173 3407 3201 2066 5983 7583 1610 2689 4451 1183 5421 3562 5376 5384 5371 6803 4895 3232 1029  932 4635 3265 5425 2576 6502  548 7532 5801 2333 2443 2694 6533 5338 4553 5946 4397 1879 6013 6018 3519 3422  810 7087  174 3596 2834 3761 4225 6985 6946  765 1433 3231 4455 2224  705 7588 2973 6194 7481 3393  703 1706 3198 3773  181 5743 2793 7224 1661 3166  431 3217 5316 3860 4854 2653 4097 7393 4572 3480 1110 6868 5652  704 6736 3329
 6790 3751 4138 6523 1949 3822  900  259 6857  503 6895 1812 5576 1956 1323 4592 4571 6116 6331   90 2651 1739 3253 3247 4883 2865 4125 1532 2726 7091 4099 5785 7281 6280 5113 3428 7512 1710 1875 6368 1589 5833 3884 3004 6482 3655 1295 5340 5570    4 2361 3122 2118 4356 5594 6685 6831 6841 2780 5279 1880 6470 1961 3701 1533 5733 5400 5222 5675  132 7422 1242 4379 6406 1185 2851 4658 5214  199 2035 5233  975 5229 2966 3208 3988 2280 2663
 2766 4669 5941 5202 6601 5326  253  796 6772 2160 1452 1566 1154 4167 5489   81  414 7592 2648 3762 3586 2592 6259  683 7361 5142 1947 6738  724 7078 3842 5181 7331 3819 5620 2895 6810 5037 7300 1858 7502   76 4083 2798 4030 6586 3241 4232  149 5706 5669 1862 5162 2302 2821 5301 3436 2042 3221 2091 6133 1170 2639 3790 3677  423 2357 3894 6486 4938 6256  964 5597 1003 2147 4251 3978 5369 6797    3 1270 5717 6122 4492 3620 5535 6164 3064
 4274  647 2589  618 7398 4935 4337 6646 7043 5136 3086  155 5575 3704 4002 2645  387 3594 1709 2107 7283 4656 2460  879 7068  497 2808 3833  439 4653  136 3962 7399  302  286 4315 1238 1940 6153  188   15 2747 1569 7141 1817 6755 4791 2360 7145 4494   40 5692 7083 4798  425 5092 7312 5889 2888 7292 7179  301 6838 2451 7301  714 1458 6543 6422 1919 6154 7683 5522 4673 1567 4512 4085 5339 4335 4563 5727 4900 6192  601  159 7127 3400 6688
 1215 4439 6947 1058 1197 2167 7157 5726 4527 7239 7686 1788 5888 1398 6545 4578 4311 2196 1203 4921 4102 1047 6863 2604 1469 3463 3288  344   68 5734 1304 1406 7370  935 3668 5336 7427 7719   26 5908 6229 3228 7228 2056 6480 4145  364 1722 4517 1535 1175 3617  563 4252 5388 2971 3417 6485 4758 4373 7670 1106 4989 1984 1544 5545 6568  435 5952 3735 6402 2607 5323 1763 5209 6326 3907 2001 5606 4604 6026 4999 7519 2404  351 1575 1886 5974
 6518 4354 3473 1057 3000 5700 5777 3395 4162 2799 5108 7641 7513 7018 3871 2341 7264 2442 7548 4473 1082 7103 1663 3563 2491 1775 1468 5018 7674 7443 4421 2311 1430 7135 3455 6494 1446 1454  579 2955 1079 5650 6372 4630 3876 7476 3828 6699  821 6253 5346 7653 5729 6487 3411 6416 1097 1476  255 5063 5488 5817  577  389 1736  484 3140 5490 6325  362 7038 6198 2980 1740 4179 2630 1459  774 4736 1743 3274 5163  359 4872 5626  987   18 1165
 4186  675 7353  280 4540 6802 1186 7707  213 3336 7533 1236 2043 6979 3691 5964  203 4825 4579 3723 2003 3350 4792 2126 1580  222 3074 7099 4126 1422 6739 7106 2291 5242  857 5917 6399 6089 4608 2965 4560 6390  757 6667 1927 2297  209 4907 7336 3932 2390 3902 5058 1820 1227  326  806 7187 6968  896  688 5827 3526 4713 5714 5637 6610 4652 4316 5025 1068 7376 1856 3513 4180 5040 6473 4549 5081 2874 3163 2956   91 5050 1703 2105 6585 5786
 6454 1664 7514  418 1618 2750 1519 6170 6729 4240 2265 2633 3752 2646 2921 4476 5067 5840 4219 7162 2306 3287 5702 2244 6630 4740 2925 6898  348 3339  674 2009 2866 3110  432 4358 4156 6155  905 4929 4650 1494 1774  680 7197 5319 6508 2839 6381 6142 5543 1934 3615 3803 7339 6126   78 4419 7410 1346 2862 3993 3808 4879 4095 7025 7019  138 5681 5741 1643 6532 2951 6918 4401  835 6618 1123  471  515 4470  223 5458 5333 5853 2417 1198 5913
  745 1265 5446  965 2737 1674 5537 6495 1313 6718 2660 7664 3940 1419 4539 1252 1379 2243 7035 5595 3328 4342 3658 7561 5649 5617 4026  730 5257 5525 4376 1524 2471 2479 7572 1020 6352 4166 2869 1783 7188 3340 5966 5930 7317 7379 4745 5842 7695 7107 7582  628  598 3250  532 2495 4577 3854 2314 6389 7326 1493 6333 6386   11  790  407   21 5140 2119 1016 5349 2337 3204 4559 7218   28 7298 1917 1619 2092 4366 7153 1906 2234 1863 5980 4961
 6678 2255 2049 7246 1551 5068 5381  646 4766 4203 4556 4913 6330 2513  741 5469  869 2317 2026 6131 2942 4123 1457 2948 5320 7124 4596 3360 7444 4174 3327 3083 2065 1579 1073 2929 4934 6446 4813 7441 6938 2849 3859 3749 1605 2215 6791 3653 1443 6558 1593 2252 3117 7419 6103 5808 3089 4864 6696 4457 4665 1337  372 4851 1650 7597 4684 5006   79 5813 5190 5138 7493 4585  644 2531 2708 2359 1066   57 4262  345 1018 5599 1555 6554 5494 6184
 3534 7013 3748 7574 4664 3892 5392 4513  516 7062 1240 4069 5355 4348 7504 2559 1120 7643 5143 3091 5443 4087 6706 2489 6090 2100 2577 1248 6412 3065 3052  834 4361 7238 7567 6931 1677 5834  220  470 2852 5396 4091 1721  547  167 7027 1121  783  268  216  625 6834 7252 4719 3888 7390 2498 3778 4132 6112 5997 3070 2832 5822 2086 6513 3530 4124 6591 7120 5281 5011   67 4773 2681 6327  119  973 1408 3496 1645  691 5274 4916 6733 2079 1823
 5367 5529  507  808 4968 5869 6776  988 4006 7744 5633 3048 4842 2143 5184 4699 2163 6901  473 1888 4278 5158 3989  664 2656  594 5139  458 4059 6756 1103 1590 4340 2778 5831 1070 5754 1979 7142 4783 2669 3367 6538 6069 4238  226 2789 7211  593 4033 5473 2362 4636 2284  999 2603 3085 6479  977 7064 6653 5379 4502 5182 4853 3799 5484 3703 6442   84 1056 6373 6855 3319  378 3872 5433 2893 4193 1262 7305 4880 6109 3673 1212 6875 2845 2814
 3051 7060 3282 6747 2350  686 2795 6138 4076 4041 7201 2477 3848 6272 4079 7649 2718 7076 6801 3541 7104  316 7170 7029 3983 3889 1865 1767 5090 2251 2204 5313 1372  148 3502 2882 6871 5344 2295 4644 2403 6075 6125 2179 6208 4245 5330  200   80 5178 6527 1552 6118 2840 2740 2989 1027 1417  485 4062 3153 6216  767 1561 7517 1635 5645  787 5994  325 2968 6251 2221 4797 6145 7516 3405 2994 2918 2174 3928 1737 3947 4753 4552 2702 3588 5877
 1716  551 2806 7134 4359 1549 4112 4155 6774 4738 4291  853 6517 4418 4495 6169 2500 6922 1727 3786 4998 3708 1691 5973 4730 6300 4925 5982 1845  632 1179 6329 4603 3650 2363 5044 1157 2927 3739 5452 5657 4939 2705 6777  557 3212 5101 3111 5084 5053 7394 6792 4068 2084 6114 1966 5970 4336 7421  841 4819 6036 2171 6465 4106 4071 3573 6897 5398 3481  716 1195 1800 1974 2522 5875  501 3901 1399 2836 2972 1390  373 3131 3707 7434 4371 1685
 1257  442 7646 4775 3915 4790 2636  265 4284 2887 1347 6639 1550 3420 6414 3413 1388   17 5331 2330 2090  856 6837  124 1893 5205 5128 1804 5449 5775 6043 3823 2563 5910 6948 1405 4958 2649 2162 4431 4954 4003 3662 1411 1962 7644 5453 7177 2365 2787  467 5857 4368 4188  422 4420 3141 5261 7357 6659 6679 1689 4849 1849 4146 6852 2231 2177 4698 7617 6307 5518 1946 2547 5634 2269 2486 3297 5682 7488 3280 2596 3716 2465 6693 6849 4786   77
 3554 3771 2199 4399 1169 7508 7052 6469 6988 6324 5352 6370 2370 1609 5294   60 1516 5426 5911  887 3346 6771  160  685 2344 4694 4897 6621 3973 4789 6215  780 7600  567 3378 2421 3220 1191 5704 3308 7080 5169 5931 2033 1122 1827 5565   58 1038 4610  504 4806 3814 7322 5990 6166 5429 7669 5278 2449 7539 2846 7329 1004 2746  940 1138  545 7245   43 3218 1048 7110 3890 1462   82 5963  327 1878 4044 6181 4760 2113 3807 5088 6880 5536 5266
 7213 6854 5686 4220 1920  130 2720 2424 3132 3656 1866  246 3867 3467 1211   74 7662 3079 6481 5557 4380 6654 2853 1926 3969 2340 5723 7563 7079 4000 2382 2962 6839 4043 5921  859 7284 2807  527 1904 1714 7337 2553 5417 4458 3847 7392  588 2080 1360 6459  729 4728 5115 2587 5176 3119  542 6541  312  194 5428 6297 3868 6355 7026 5442 4641 1765 4483 6040 4782 2822 1418 3756 3361 2010 4812 5378 1802 1421 4996 6278  681 2228 5927 5445 6590
  140 6781 3607 5907 6636 5532 6395 3738 2186 1628 2185 2530  116 6684  207 3570 2353 2930 4158 2352 4051 7121 1869 2901 3031 7656 5402 2426 1693 3060 4235  303 7500 2816 4120 2691 3384 3664 6212 3536 1517 1054 1667 2524 4482 6665  262 3363 1383 6490 2565 7451 2016 6926 4888 3741 2423 6673 6570 3479 7724 4506 5936 4642 3047 1086 5035 6235 4915 6421 2904 4778 7409  285 3933 7474 3633 3475 3897 4785 1084 3239 5329  611 4094 1094 5236 4528
 4663 4988 6017 2614 2753 4075 4209 4755 1260 1599 2023  996  930 4269 2533 1634 4584  860   35 4319 2526 6571 5915 3826 3954 6405 4227  342 4141 6408 2588 6669 4491 2027 3949 5418 7718 7294 5580 2211 2213 5816 7373 6556 3676 1606    6 2457 5725 3120 7101 1233 6107 6379 3143 1726 7015 6622 6457  180 1692  770 2205  657 2628 3862 6823 1587 5051   33   10 5370 1631 4833 2110  886 4202 7002 6188 6002 7571 2898 4710 3435 4065 7102 5126 6444
 4593 7655 4734 4889 2817 6900 2392 4493 2263 4508 2911 6799 5389 6647  899 5284 5312 6510 1453 5961 6031 5282 1627 1687  145 2716 4601 4306 7111 3875 6173 6553  592  380 6441 3919 1243 4862 1023 2493 2572 2473 1155 5258 7610 6415 3381 1890 1778 2235 2886 6224 1484 3471 5998 2539 6869 3622 2102 3484   97 5891 6812  766 3834 2552 3846  695 7391 4496  721 2121  882 5547 2312 7677 3189 7251 3341 3542 7455 3195 6471 1096 2608 7204  350 2523
 7001 3939 7225 2612 7334 2827 7742 3294 7601 3791 5129 3611 5414 3774 2863 2815 7257 2395 4732  402 1208  710 6240 4784  696 1153 5185  296 1426 3383 3150 2615 5085 4522 4850 2529 1854  379 7726 4417 3800 6649 5511 6851  343 5265 4781 2459 4714 6443 1255  864 2699 6626 2267 5544 1342 4195 1884 7636 3760  228 4210 6292 3801 4074 1771 3021 3389 5722 6430 2631 1231 4048 3850 1232 3522 5038 7501 6828 5642 1540 4720 3055 4014  708 6093 1335
 2677 5291 4672 6966 5041  488 5676 1407 4256  333 2573 4381 1080 3605  888  909 2900 3478 6544 3521 4143 1513  974  452 7315 6199  631 2323 3161 2679 6860 7528  171  367 3681 2512 7108 2544 7624 4823 3831 2184  176 3015 7578 3561 6219 3667  196 2995  661 6337 6201  382 3572 2031 6613  179 5581 5779 2947 6953 1803 6231 6519 3637 3855 2928    7 3580 3433 5293 3759 6521 5427 4837 3874 7725 4503 7499 3207 6349 7092 6817 1798 6940 1896 5298
 3197 3164 6128 1794 4066 2124 4660 5364 3712 6123 6734 1922 3734 5679 6671 1235 7159  707 6436  749 3315 3649 4529 2406 1394 6260 5882 3699 1228 3312 1632 5164 2494 6753  198 3950  489 4769 6763  510  636 6334 5447  640 2936 5410 7022  137 3482 3959 7122 1234  648 4749 3700 6887 5613 5593 2819  913  173 5156 6859 7613 4010 6867 5895 7424 6620 1521 4198 2667  536 4367 4206 4679 2248 6537 2739 4691  923 7069 3813 1835 2933 4639 1322 4205
 2249 6006 3115 4623 5846 6336 3768  355 6285  800 6315  945 6203 7503 1617 1467 4329 4466  719 7271 1624 6798 7496  585 4945 5539 1072 1581 3967 2055 5132 5150  722 2785 4919   53 4050 1063 7678 2825 1735 2507 4372 6356 7344 1728 5228 4751 7606 5608 5302 2786 2752 1639 6105 2236 6298 5713 7364 6238 6092  134 2133 1973 4748 4821 1325 2180 1885 1438 5017 3006  264 4787 5208 4469 5465  322 4844 3763 5212 4701 6163 4524  651  150 4914 6666
 1013 3123 3322 7256 6813 7096 5111  788 5072 2396  756 2979 2919  323 6903 3758 3659 4101 4365 5272 4752 1161 1050 6878 3938 7206  812 3302  232 6052 4519 5010 3532 3182 5821 4972 2268 7061 2686 4803 3211  219 2503 3936 4204 7277 6273  202 3921 7396 7327 3035 7012  606 3071 5357 3514 4378 5538 1028 4281 4927 1629 1705 1847 3444 4212 4536 5592 1902 4697 6644 5748 4058  873  291 6951 2048 1970 5078 2132 1971 5572 6865 7490 1187 1969 4891
 4659 1432  480 5148 5513 1761 5237 3990 2912 2257 6762 5567  831 7028 5843 1681 6287 3337 5744 4530 1943 6012  110 2289 1713 1989 1872 5707 6977  895 4244 3510 2182  424 6546 6239 1299 3271 4022 6830 2434 7473 3353 3029 5206 1069 5885 3559 5413 6881 6700 6464 3019 1585 5087 5073 7479 4409 6393 2096 6689 5454 5815 6070 6657 7603 1010 1044 3045 6301 7507 1621  294 2883 1541 7155 2381 6944 1522 1150 4073 2158  336 1015    9 1220 2561 5042
 3724 4221 5701 5654 4280 2826  251 7505 5283 4300  543 3124  600 6277 7739  271  245 2987 7486  990 3898 3893  463 6332 3309 5335 2859 1508  942 2201 1026 5191 7518 1218 6083 1341 1427 3087 4892 3865 2546 4671 5327 6648 3403 6741 7546 2609  107 3494 1409 3943 2038 2036 5721 7515  318 3334 7221 4993 1748 7599 3682 3961  962 5671  433 5615 1340  981 7014  129 5477 3044 4611 4303 4192 6067 6645 5478 4064 7638 3641  993 7404 5077 5740 5256
 2467 2773 1412  872 4135 6364 1451 7274 6385  830 4362 1662 6514 4922  972 3235 7630 3525  443 7425 5125 7531 5121 6306  123 5243 4638 7414 4887 2999 2732 7116 5778 6883 7048 4432 1368 3574 3517 7041 5978 2069 2879  938  880  235 1088 3705 6565 5508 1699 5540 1022 3632 5527  177 3369 4970 6305 3512 4098 5033 5141 1916 7728 4285 5803 6980  479  195  943  743 7365 2775 2688 2993 3398  169 5486 4654 7618 1177 1424  388 7132 2200 2083 6759
 2650 6410 2379 6435 5798 5839 5549  120 3487 3121 3077 2034 2743 1488 2082 5290 3805  843 6548 1834 4081 5479 7296 5059  172 1312 4902 3806 6293 6631 5168 7701 6775 6404 4899  334 4265 5110  638  897 7130 5056 2135 7351 4583 2674 1666 5693 1615 2831  522 4700 1611 4113 7117 6080 4558 2504 3792 2419 4446 5819 6703 6808 1841 6409 4133  791  249 4960 1359 6785 5012 6024 5759 1308 3627 4590 7287 4299 1939 4100  396 3276 4056  353  455 1092
 4874 6769 6378 4956 7622 3798 6076 4843 1723  193 3028 4947  677 1554 6358 6840  818 6578 3430 4906 7366 1014 4480 5621 4510 2322 6382  609 1002 5179 1860 3027 1219 6042 5789 3222 1293 4226 3975  752 4498 5026   41 4893  568 1249 1766 2492 2844 2640 1428 7611 6592 1271 7445 4941 1279 2329 2318 6299 7088 5432 4096 5299  141  151 3678 4609 7278 2551 2165 3362   66 6106 3371 4038 3629 1214 5034 7258 4911 7453 4860 6794 1139 7021 6933 1315
 5066 6923 3225 5409  386 7671 4136 4516 4504 6351 5170 5909 4526 5854 3285 1168  385  236  546 5555 2399 1751 6263 7244 7642 2078 1848 4626  449 3324 7290 1317 1486 6085 6872 7431 3730  468 7520 5719   45 3257 2101 3742 6935  985  366 3642  146 4643 2550   14 3503 3181 5802 2400 4646 2923 3493 4160 4028 7321 3840 5639 4678 2019 3298 2336 5903 2675  415 5109 4649  921  185 6175 7690 6524  801 3299 2198 5898 6279 6375 5430 2601 4890 4707
 1033  133 4197 3903 2761 1213 3355 7051 1792 1100 2008 5832  944 6308 4464 4896 2584 2877 6676 4434 1757 5760 4627 2233 5285 4172 6668 6196 6846 2586 1266   69 4676 7094 4801 2286 2637 4877 6439 6220 7194 6970 1378 1098 6920 1007 5865 5195 7185 1358 5175 7343 4561 4449 2271 2876 6681 1891 5665 4357 1276 6311 1071 4764 4629 2187 5288  728  426 5461 5153  904 1209 2414 4326 3726   31 4438 1861 2757 2985 5240 1461 6641 4949 7291 4080 5678
 3185 1718 3107 6764 2440 5708 7253   85 3579 6096 5167 5770 6917 3260  310 5989 5899  907  668 7428 1386  161 2123  260 2299 2515 3427 7612 4082 1437 7681 1009 6992 7580 1921 4489 5441 1622 5124  690 3281 4995 7306 6429 5574 6957 4025 5959 6100 1032 1326 1518 2770 3516 2320 2861 1176 1167 4343  447 6396 1980 3549   27 3946 5096 3252 4427 2661 3130 5660 7435 4406  630 7570 4904 2725 6066 2969 2871 6583 3080 6088 1005 7314 5499 3787 4521