 3739 3699 6425 2365 4265 2759 4570  318 7189 4061 2811 1398 1603 5802  726 6357 3344 5064 1323  105  391 2366 6887 4898 1989 6775 5282 4733 3255  433 3447 6699 4062 4513 5836  650 6400 6176  618 2115 7134 6099 2836 6700 2774 1406 3621 4090 6989 4963 7584 1138 6086 2122   15 5757 4629 3075 3886 4028 7382 1475  694 2254  130 7348 7106 6746 7482  560 5812 2816 3099 1849 2827 4991 6110 7434 7503 4156 5251  132 5705 2835 1393 4040 3034 4561 7424
 4741 4569 6885 4686  168 7523  657  430 7083 7575 5088 2688 5684 5564 7193 2692 2105  447 6566 4903 2910  877 2721 4610 7024 2887 2387 7100 2338  387 5861  908 2167 7012 7791 6786 5175 1133 2783 1822 3453 2493 3205 3943 7364 4312  201 6196 7347 5849 1045 5099 4289 5463 2482 1488  921 2903 5027 1042 3132 4691 2822 5697 3262 5804  899 3996  847  399 3293 7656 4669 4713 1623 4309 4528 1654 5886 7200 5887 4468 6904 2028 3855  910 6879 6868 1602
 2035 1730 7410 4615 2093 7802 1311 1156 2108 1465 7079 6569  101  460 5402 4303 4474 4820 7812 2641 2320 7493 4009 6903 5740 5019 2879 2979 1821 5712 1655 7627 1568 4322 5803  986 3942 3165 4823    2 4334 3740  112 5109 1756 5769 4287 5557 1208 1743 2138 5406 5460 6900 6028 6147 4972 6802 2743  324 4258 5053 3076 7150 6806 3256 1221  491 3850 4125 5474 5362   11  197 4290 2209 4762 4809 2940 5450 2916 4448 7387 7816 3105 4562 4185 3592 5039
 4431 2162 1193 7790 4649 6267 5501 1050 4793 1357 3507 2067 4350 3502 5692  156 4383 3101  687 7392 3251 3545 7179 3622 3921 5135 7153 7508 2844 3324 7383  780 6006 7164 7416 6038 3962 3782 3747 2992 1709 4049 6619 2486 1584  336 5542  901  530 3612 3980 7114 3361 5888 2554  996 2657 4784 7305 2216 7854 7641  646 4646  251 1069 1460 5778 3647 3304 7666 2828  932 2394 2016 5237 5623 6821 7445 3215  814 7501  911 1003 1238 7838 4927 5330 3489
 6305 2106 3960 4897 4047 6735 4195  524 7354 4989 7051 5063  320 4330 6552 4472 7053 4734 4169 1697 2170 2158 3233 5865 7521 1382 5153 2917 2385 6339 6847 7250  621 2779  211  215 1707 3166 3972 6102  244 1682 1298  843 6511 7187 4921  987  852 4924 7286  509 2806 2206 2585 7225 2324 3667 4311 5573 4046 7719 6777 5477 3266 3228 5138 2142 1506 6228 4328 5103 7037 7067 7199  601 1542 3767 5676 4982 1441 3548 1081 7671 3191 2682 4584 1567 3448
 2734 3841 2751 4339 2597 3946 6600 7774 4958 7580 1013 7035 7118 2374  193  596 5544 7826  809 7379 7806 7115 2423 6298 1461 1970   56 7661  436 3225 2834 1216  362 5466  260 4456 7140 6193 2595 7310  594 4730 2242 6893 4491  539 3473 2708 5162 6632 5313 4077 5626 1010 6993 5225 1304 4919 6097 5113 5469 1642 7374 3268 2808 6033 2700 2654 5205 1404  204 3194 3610 4732 6391 2179 4797 4509 4251 2045  472 1442 3584 1901 3111 5395 6721 3602 5401
 1948 4816 7393 7754 1469 1873 4400 5146 1115  585 7527 4039 1514 4502 4470  669 6748 4097 6429 6452 5715 2981 2109 6929  787 7842 6056 2948 4717 3200  643 3437 3352 1286 6998 3531 3899  246 2143 2396 1153 6669 7528 5005 2116 5443 1747 7292 4627 2478 6162 7847 4759 3168 4650 3323 1974 4505  566 2970 1737 7433 5545 7456 2413 4248 1903 1093  757 4977 2357  394 4305 7785 4934 5988 6500 1306 5293 7432  254 7680  367 5222 5773 1130 3657 6275  172
 4453 2962   44 1432 7588 1492 5149 2435  149 3617 5070 7030 2462 2571 1987 5435 3731 6969 4867 3035 3206 5702 5507 6074  855 6385 5642 3830 2924 5909 1501 5102  247 5565 3780 2540 6712  576 5431 2643 2607 7431 3856 2959 7916 1609 6578 1843 7844 7750 5977 7901 4710 4988 5772 4780 1022 1399 2642  788  711 5133 2699 3948  963 7126  161 7618 5731 6776 6115 5666 5295 6354   63 4225 2197  791 4111 1967 5813  337  716 6596 4975 2203 4030 7041  187
 7437 4485 7837 6283 3501  107 6145  100  786 3102 7519 3496 5589 1524  715 5643 3082 2284 2797 6167 3613 6406 6727 1112 1379 6381 6758 2670 6512 6399 2957 4530 7414 7166 1837 2630 4031 2072 2780 6327 2085 7502 4761 1968 4052 2519 3425 1019 4064 7327 5975 5068 1979 2791 2930 4890 3064 6077 3561 5147 6046 1247 3695 3235 5011 4457 6517 2768 2026  983  619 7603 4968 6434 7583 5683 2476 1231 2040 3949 3633 6820 3627 1520  495 1384  953 4533 2489
 6096 3537 1011 5506 3073 1846 1842 6935 4504 4409 3582 3376  365 2750 5376 1741 5943 6262 4808 1322 4161 6739 1503 4188 1227 2127 3871 6128  297 7042 2520 7800 5141 6166 5591 5571  160   47 6602 5281 3395 1933 7759 4803 2976 2088 5470 7766 2914 3451  884 4192 1733 5805  691 6640 3530 4212 5195 5268 1275 3680 5034 5955 6165 3624  267 7344 4842  928 2175 5493  532 6631 4781 5425  784 4147 6811 3670 5844  685 2740 7646 4360 2433 7859  374 3874
 6353  575 6564 1034 4025 1324 2946 3553 6818 2840 5893 1874 7231 2975 5308 4998 1325   13 5734 2865   81 2029 6135 6540  150 5048 7399  631 5516 7852 6010 2913 1139 2180  812 4442 2596 1277 4351 6321 5142 5189 6116 6067 6584 2201 2782 7449  760  398 6402 3299 7893 7547  569 4015 2690 7697 4576 2260 6597 5998 1573 3283 1120 6783 2754 5499 4663 6577 3868  406   75 2717 4207 2559 6960 6066  605 4679 6648 2830  467 6876 7074 6104 1923 5856  456
 6962 4815 3092  455 3328 6002 4514 4760 1218 6873 4987 4966 5598 7488 3634 1706 7239 3697 5791 4008 1032 7626 2271 5033 1920 3380 4070 2128 3927 6629 1844 4043 4614  875 6360 4437  298 7763 1096 6945  950 6645 7202 5505 2866 1880 3708 4598 4480   62 6020 4067 5457 2672 1660 3118 6731 2417 5250 4969 3666 3010 2020  863 1770 4189 4177 3439 2428 5597 6029 5151 2933  781  241 5183 5335 6401 5478  612 2566 2051 4004 5827 2235 6913 4926 5549 1474
 1728 1813  349 3572 4866 3704 6450 3716 4957 7896 6792 4247 5742 1723 2860 3090 2837 1624 3897 7636  641 2631 5152  486 3164 1177 5260  681 4801 4136 1007 6291 6130 7586 3172 4599 4680 6830 4593 7490 6482 6583  413 1262  289 5519  354 3490 4370 7213 4724 7288 3836 5541 7738 7290  273 3618 6101 4317 6658  401 7487  405 5814 2952 6634 5040 2480 1276 4536 2894 2974 1579 4507 1705 2888 7131 7182  516 3656 3436 4327 3593 2736 5350 2773 3107 1785
  957 6859 2336 4794 6897 3156 2712 7253 4130 5359 2459 4887 3880 6045 6845 1926 2687 4908 3108 6345 6706 4032  732 7227 7075 6030  931 2199 4656 3977    6 4503 7678 5833 4204 5644 5947 4421 1546 2229  428  229 6143 1551 5744 7175 2499 5525  551  217 3594 2055 2174 5555 6242  633 1367  175 4152 7481 1726 2378 7902 6668 6149 4446 4012 1454 6689 2183 4292 1666 6132 4624 6001 1787 5667 3009 1313 2154 3037 4191 6588 2009 2225  676 4452 5517 6973
 3006 5115 3898  242 7860 6342 7757 6728 2164 5869  584 7518 2064 2609 5798 7596 7675 5679 7589 4786 3804  753   79  403 6289 2114 7767 2333 7681 6057 3816  830 5296 4381  673 4219 7238 7576 4645 1077 3370  319  865 5526 3297 6395 2308 5095 1364 6698 5318 1736  677 6476 1316  887 5622 4976 6403 5201  571 7517 4622 2309 4104 4865 6273 7613  879 2634  610 2268 2270 2250 6351 3230 1635  214  411 6268 1607 7365 7553   94 1630 6881 2660 5498  588
 2025 4873 4889 2529 5766 7161 5522 7853 1245 5118 2521   58 6215 1017 2733  751 3947 4106 6061 3527 4163  512 2944  690 6025 4026 4961 7201 1431  468 6579 1721 2817 3249 3601  703 3761 7643  547 4764 7211  162 2349 4795 6917 5351 2790 3008  115 2771 5619 3360 2407 6461 7058 5797 7097 7229 2663 7357 7080 2244 3412 6734  844 1252 4494 3115 4048 3135 3658 5233 3983 7351 4391 3923 1333 1841 3746 2321 7265 7824 1990 5800 7540 5867  210 4218 1437
 1984 6877 5087 3220 3389  437 3243 4483 3862 7127   98 1118 4175 4644 5771 1859 4871 3047  666 5655 6694 3244 4722 3815 2230 1394 3276 2963 1699 7359 2412 1752 3651 3398 6053  586 4994 6390 2288 6416 1320 5967 4789 6302 3005  840 4933 5486 5834 3052 6179 6972 2892   29 5720 7831 3307  515 2267 6277 3098 2011 5845 1502 4460 3155 3552 1365 2488  488 4275 3909 7546 6295 7443  189 5204 7602 4899 7104 5980 7621  995 4543 6036 1290 5793 1035 6340
 2233 3302 7061  266 2799 4363 3317  341  964 6523  597  151 5340 6886 7049 1192 6824 2113 1804 1698 2998 2572 5243 7280 2936 3229 5640 1816 6090 1409  672 6152 3444 4200 2656  796 2878 6622 5551 4236  558 4838 7248   76 7781 5659 6764  570 1565 4184 6253 7615 5984  805 3120 6527 6264 2195 6680 7396 2243  180 3322 7687 3858 4450 7840 6837 3033 2346 2838 2465 3682 1426 7535 4506  133 6388 7088  817 1346 7729 3895 7222 2415 7111 3619 2586 4607
  126 3199 3849 7128 2043  977 4443 3280 3041 7647 3616 1924 3922 5510 6222 6942 1280 5119 1420 1734 1407 6846 6214 7362 5288 4597 4750 4477 5993 3399 2344 3764 4705 2173 3337 2556 4546  498 4479  164 1471  802 2004 7807 7551 7082 4500 3066 2403 2096 1305  312 5535 7450  917 3776 6495 7439 1828 4854  501 6985 3791 4253 2569 4965 5662 1476 6623 5786 2377 2012 6054 2323 3417 3540 3864 6743 7660 3692 5081 3085 6545 2650 6784 1349  213 6570 4945
 7718 7141 3969 5862 4718 5631 1648 6160 7192 5620 2358 6170   96 3787 2347 6767 2511 4229  940 2259 6674 3258 6507 4428  146 1790 5241 2727 6005 2804 3832   65  590 7407 7129 2177  275 3516 1278 7530 7685 2339 1097 4742 2543 5650 4555 4313  754 5449 3231 6288 2666 6499 4721 4589 4324 3162    3 3321 5990  127  831 3597  937 7275 5691 4603 6550 4712  895 4482 1150 3440 1159 6615 2833 7319 6163 1352 6300 7380 7461 7560  417 5668 1559  416 1614
 5954 4493 5393  283 2316 3410 1392 1312 6436 2874  728 7835 1094 1702 2248 2429 1463 2178 2738 2576 6870 3797 6084  371 2951  958 2304  386 6182  174 3435 5963 2301 7701 7146  519 5285 3357 3783  166  303 3533 3623 1295 5636 7639 7514 3184 7888 7597 3416 3415   85 2023 6016 7713 4837 3331 2515 3381 6146 6901  774 7390 1930 2581 7593 4894 4518 6714 7866 5737 7614 6889 5369 3679 6276 2069 7021 4825 3778 4166 1264  701  104 1444 7760 6202 6793
 1055 6625 3725 6070 5159 1190 3920  974 3270 2089 7512 2632 3284 4534 5624 6773 5230 7444 5018 5355  552 6955 2588 1589 6905 7130 7522 3460 7891 4935 3086 2651 1853  913 1018 2208 3908 3065 1878 5117 3301 2854 5898 4812 7716 7110 7325 1321 1988 5952 4687 5041 6521 2071 1929 3494 2722 4900 3310 4605  846 3289 2857  692 7028  759 2510 5721 5743 2126 1708 7157 4690  231 6595 6782 2847 4684 3950 1604 6322 5920 2007  503 2616 6593  308 5310  867
 1490 1586 2923 5325  667 7438 1860 3345 5618 4886 6732 1881 7259  425 3818 6844 4027  782 2821 1796 1443 7544 4293 1335 6364 6233 7539 2753 3766 3193 4715 4396   68 5614 3884 6682 4267 5072 7346 2843 2767 3362 2059 6173 4217 2249 6421 6546 6244 4625 2769 5170 1928 5277 5880 5062 6948 7315 1024 6864 3580 1612 3981 1661   83 7720 3493  988 5552 5101 5484 4075  779 1536  317 7267 7877 2013 1234 6771  595  315 6798  712 3573 2498 4264 1067 7810
 4980 5238 4946 7634 3467 7212 1403 7384 4301 6285 2397 3741  554 4818   45  129 4240 7196 3827 1800 3802 5903 7048 7398 1116 1259 5512 3421 3551 7459  989 3536 7040 1919  343 6604 2132 3470 4612  466 1971 7385 3027 2389 7664  578 4471  982 6506 3466 2622 3157 1613 1975 5409 2050 5392 2809 2363 4949 1048   32  125 6350 7538 3477 4392 7471 5603 4429 6018  190 4845 6568 5708 7727 6122  742 5471 1031 2691 4592 2446 4668 7845 2764 6840  256 5585
 3990 6139 3866 6243 4783 5137 2391 7631 1481 7536 3953 4773 3511 5416 7367 1616 1341 4517 5024 3872 2947 4418 2653 4525 7170 1434 7776 7476 1517 7276   77 4596 1068 1369 5991 2440 6991  589 2279 6586 4587 3177 2985 2787 4748 5104 1261  695 2800 5871 3053 1330 4995 2481 2044 2056 2294 6043 7533 7469 1510 3430 2978 1030 5944 3498 2293 1301 7341 4674  287 7640 2996 5381  627 7703 6646 1563 3282 7002 3774 2845 7608 3637 3350 1913 1839 3681 3678
 7732 1848 1531 3151 3401 3050 6004 4895 4066 4542 6200  216 7513 2405  604 6426 1680 5758 5244  395 3842 7330  294 3965  634 7486 6630 1940 3313  776 3088 7571 3295  923 2483 1232 4526 2086 6177 4041 4986 4974 1195 2875 1732 7056 6195 3387  770 2207  243 7440 5929 5286 3889 6937 6807 3196 3660 5082 3606 3182 4754 6437   39 6466 7353 7594 5197  529 6124 3374 5123 4944 7873 1240 3575 4790  662 7214 5530 2442 5727 1053 2961 2902 3544 3799 2356
 6848  135 4529 1954 1425 6551  384 2062 4635 7171 1793 2231 4901 1140 7015 4014  513  936 7323 4197 6068 7039 2636 1198 4515 3914 2014 7709 1711 1347 7413 6127 2873 6136 4916 6415  841 7644 4777 6672 6048 1390 6621 1941 4315 2082 3992 6447 3772 6347 5257 3499 4211  640 5300 3185 6281 1360 4095  636 6009 3713 5979 3687 5317 5128 1777   91  280 3673 3955 2502  302 5783 2038 1085 3865 7651 3689 6087 7269  475 7208 1640 1745 3372 5086 7884 6098
 6667 4673  514 2315  359  120 3654 3058 1656 1009 7839 6662 6910 1692  775 5491 4242 7233 3026 4458 5610 4856 2701 5278 2570 7620 6617 4307  181 7064 2245 1964 3432 3056 3940 4853 3478 5067  377 7138 3257 5520  369 7071 1199   35 7723 3143 6265 6384 3103 7730 3878 4824  587 6814 7714 1332 5875 6280 1663 1671 5938 2464  249  276 5917 2217    4 4527 5348 3596 4006 4566 5210 7548 7307 1792 3170 2655  137 4131 4623 5453 7401 1338 4539 5316 5657
 4580 4444 4245 1570 4329 6858 4203 1043 6585 3659 1958 2041 6954 6871 2855 4252 2619 5664 6823 7425 5966  746 3325 7742 1679 1143 6108 7479 4540 7827 2466 1062 6370 2176 2507  102 4737  178 7169   93   22 6257 3881  506 3892 4341 2633 3334 4074 3438 7098 5633 2590  644  945  227 7604 1079 5432 4745 5029 1943 2867 4423 6920 1917  599 6530 7405 5307 7677 6961 3309 4706  134 1408 7550 2939 4948 3526 5562 1299 4654 1950 5213 4729 2475 6205 3576
  376 3178 3546   69 5479 6554 4588 4333 5429   33 3574 2139 6487 4321  731 3267 5503 1870  458 4395 5267 4268 1281 5481  994 6529 7181 4377 3265 3784 2989 3264 5860 7050 3084 3274 7289 1719 4386 1182  400 1907  548 6212 4904 2635 6319 1072 3915 5837 5143 6656 2461 4284 3925 4740 7005  427 5198  721 7312  348 7139 7815 7849 4870 4841 2187 5808 5730 5396 6581 4182 1071 3422  960  668 3993 5922 1720 1550 7406 7900 3514 2732 3403 7165 5214 2668
 7771 5111 4088 6083 2002 6817 4917 1353 5324 5059 5289 6458 3754 5194 7246 4282 6034 4484 4170 4990 1464 5563 6616 1513 4072 5344 6394 3031 5561  567 5716 7543  250 2074 5182 6076  185 7256 5437 4658 5269 3123 7430 6838  561 2077  345 4250 4402  334 2991 5321 1588 2111 2159 2984 5891 2213 5682 7494 4681 7556 5415 7617 5670  997 1317 2749 3300  255 6995 4414 2915  568 7068  494  743  423  545 2644 2563 3805   99  505 4397 1132 3709 5902 6060
 2295 5987 4045 5842 3227 4971 7485 7581 3117 1886 4892 5462  947 2659 1581 5818 5992 7338 4489 3442 7755 4343 3736 4497 2090 1002 2402 1657 1342 5263 5611 1959 5427 4063 4581 7255 1327   34  866 5077 4548  476 3023 7226 6278 5227 5928 7072 7565 4246 2375 2905 4970 2931 6594 1808 4563 6745  186 6508 1270 1123  316 5007 7160  762 2770 2066 4283  230 5780 1991 6670 5904 7813 1354 6843 2392  856 5637 1953 2594  263 7278   28 5698 4573 3272 6126
 3519 3104 1864 3452 5962 1647 3631 7215 3022 1435 2876 1598 5850 6916 1380 7783 4807 2420 6753  366 1885  208  327  212 4127 3686 1877 7046 1621 6703  975 4985 3737 3368  157 1658 6949 5057 2508 4415 5364 5009 4466 1771 5577 1659  479 4636 2345  858 4272 2234 5770 7712 5069 1484 4380 2882 6659 4675 3722 3074 7470 3721 3982 3688 4171  656 7495 5302 5365 3541 7805 3122 5946 2579 6498 4925 4997 3605 4181 7887 5722 7563  454 7142 4577 5487 3450
 2151 5533 4800 6240 4146 1875 6469 6286  116 2624 6693 1449  991 3723 4757 7798 1265 3377  679 3522 6366 4702 3137 2411 1799 1300 4531 4881 2120 5895 5217 4389  649 4626 7453 5919  381 3114  795 1491 3318 4465 5881  301 5761 3890  966  826  882  967 5494 7029 1729 4261 5492  929 7695  698 6561 4671 3303 2247 4387 4038 6738 1811 6829 2226 7818 5136 6987 6488 3048 4641 2053 6627 3912 6797 1890 5375 4653 3860 7792 6134 4558 2506 4628 3030 5531
 5144  330  450 3529 4811 4347  696 2747 6197 5532 5539 2354 1578 3524 2371 5292 5438 2681 3096 4085 5026   53 2181 7010 2525 3018 7287 1599 1173 4141  756 2119 1739 1498 3565 3414 1691 2000 7497 1080 7498 2536 6665 3366  438 7890 7274 3434 6852 6598 4744 5239 3495 6977 4262 1851 4441 3728 2228 2662 3620 5314 3753 6379 1279 4554 6826 6106 6220 1633 6974 2211 7467 3556 4872 3918 2565 3308 1391 7412 4226 3209 6081 5647 4299 4464 6524 4832 2598
 3824 6696 3707 7260  184 2468 6343 1036 5653 5158 3961 6251 1683  573 3585 6418 6812 2384  154 3433  955 4176 5178 1134 3388  177 3480 2061 7089 1297 4586 5089 7026 2788 6657 2527 6404 3655 6420 2331 5767 3218 3148 5989 7038 1167 2982 7263 6042 6293 7630 3984   86 6408  864 4260 3386 7183 2846 3188 4276 1582 1418 1122 1740  123 2039 3508 4609  419 5275 7795  311 6851 3712 7230 5924 7638 1211 6187 4365   27 6562 7825 1401 2637 5433 1194 7372
 1105 7686 4914 1509  617  364  592  736 4600 2425 4549 7569 2261 6519 2601 5098 6320 2477 7279 6799 3798 5445  749  984 5600 4430 4778  358  375 1415 1981 5423 6492  493 3234 3745 6082 5418 3428 3702 5508 6589 2382 7428 6952 7370 5529 7460 1528 1472 2955 1452 7753 6842 3136 2937 2741 7625 5819 2618 6975 5188 5428  930 1807 5843 3079 5380 6274 7447 4467  804 4079 5303 5901 4059 3523  520  658 5672 2592 7135 4051 4103 1869  153  224 7492 1527
 4440 2441 1544 5710 3515 5447 3929 2416 7155 3807 2081 3002 4216 4426 7426 5741 7898 2884 7400 5509  985 1778 5384 2451 7062 3795 3931 7534 6313 4110 5336 7885  109  518 5377 1163 5609 4148 2189 6950 6100 4559 4112 1176  792  625 5523  794 7458  272 7698 1414 7549 1749 3538 3014  836 4753 5473 1368  452 4349 3326 1040 5127 5177  271 3714  414 2807 2724 2290  614 6007 3427 3392 1998 5884 1532 5440 7789 6316 1957 3768 5608 5789 4412 6816 7672
 6902 6704 3363 2163 1938 4667 7554 1537 6338 2627 5857 5309 7600 5193   67 5043 7728 7151 6958  356 5651 2625 2927  439 3340  850 7221 6532  432 6986 2680 1377 5754 6582 5521 4346 1446 4522 2600 3292 4567 1838 4743  707  849 1196 7087 5294 3539 6192 1296 6021  837 6041 6071 6979 2398 7673 6880 1716  948  553 1824 6757 3455   12 6019 4739  766 3626 2497  274 7841 6456 4373 6800 2501 2921  282 5191 7746 1309 1462 1936 5646  689 7674  752 5378
 3485 2710 3383  919 1302 1985 4201 4755 1798 6050 4042 5556  205 2277  998 3882 2104 3859 2626 3770  140 2141 5334 2297 4271 2075 6296 2777 1704 6587 3919 5663 4640 3888 6470 4202 7682 3571 7014 1577 2445 4501 3838 7558 1823 6064 6013 5254 3418 1724 2190 6526 7722 6655 1372 3246 6478 4736 4746 6213 2455 6185 2021 2889 1016 4726 2042 3464 3471 4788 4145 3788 6915 6184 4462 6644  147 4560 4771 1371 7375 1636 4683 3652 2568 5822 1482 6839 7751
  793 1114 7363 1052 3505 3242 4385 5371  404 2352 7830  845  378 2739 7786 2896 1995 7388 7329 2584 6181 2281 1762 1203 6964 2560 3400 7045 2848 1523 4228 3025 4594   73 5815 5465 6441 2399 7408 2353 1413 2202 4699 5755 6095 5724 6112 1863 2469 4378  142  838 7418 5678 5343 2841 1121 5304 4791 6092 2381 7545 5974 1191 5129 7726 4547 2744 4496 3017 3330 4286 2729 6751 3586 6503 7745 5261 5216 4521 5899 1074 5775  620 4417 2076 1927 2421 4445
 2262 2973  155 7168 5221 4222 5066 4439 5584 3468 2367  851 2383 3116 2950 5787 6022 1832 3755 4368 3609 7245 7264 6337 4960 6051 3013 3359 5985 1856 4585 6724 1634 1508 7756 2348 2582 2191 5249 4943  261  970  683 7744 2772  765 4159 5319  939 2102 5788 4065 1119 2573 7645 4055 7599 5013 1152 2971 4173 7409 7190 7368 3239 5065 1894 1902 6308 7249 5353  277 1717 6008 2212 1253 7610 3186 4068 3260 1765 1575 4174 4093 7612 6744 2906 1447 4590
 3016  600 4616 1361 4007 6906 1200 5629 2778  834 7137 5496 4091 4782 6925 6760  842 6448 1580 4758 2623 3119 7700 4955 4019 4113 1012 5459 4162 1668 3928 6968 7154 4907 2047 5649 6702 3978  675 7086 3589 6982 4220  648 7188 7235 2328 3883 6405 7294  373 3558 4034 6908  352 3333 2427 1451 5485  270 3583 3549  344 7216 2513 1944 1359 3734 6323 6121 6168 7833 6223 2060 2241 5581 4613 2495 3826 1224 1750 1183 5751 3751 1608 3846 5341 1615 3081
 4107 1805 2337 3294 4089 5240 3891 1594 5411 4209  801 1665 6191 5878 2192  291 6129 3288 6140 6528 7769 4495 4858 7655 5172 6560  873 6065 6356 4101 5841  798 2886 4256 3730 5168 2602 7369 7516 4920 3749 4340 5782 7919 3481 5184 1424 4802  469  581 4274 2832 6040 6895  623 5054 2355 1946 3700 5604 2673 4923 1591 1376   37 5790 2305 5448 6611  747 4035 1687 5630  803 5002 6606 1534   51 5472 6769 3777 3676 5306 3720 3615 5042 2467  485 4227
  259 5537 4348 4651 3773   50 3211 5420 3559 7473  323 7102 5408 2762 6819 6486 3456 2322 5154 1641   42 3459 1395 7889 5454 6464   25 1714 1644 3397 6453 5356 2470 3371 1131 5543 1433 6059 6201  141 3036 5284 5442 1263 4601 4664 7194 5777 3474 2912 1558 1610 3562 3835 7291 1439 3959 6266 6737 5950 1184 5228 5455 3560 5379 3759 4796  139 7706 2524 1571 3291 2561    5 2941  918 5452  905 6063 2054 3208 5889 4519 7266 3106 7016 5688 7339 7758
  463 2968 1545 4374 3581 3893 4950 7921 6642  555 5576 5669 3158 5020 6460 3154 6103 5796 6921  169 2450 6749  500 6247 1882 6635   10 5515  642 2340 5190  972 6983 2537 2674 3134 5164 2972 3839 4394 5483 6559  999 5656 2792 3175 4100 2110 7601 1574 4696 7694 1969 2434 7491 2491 1430 4918  218 6383 3521 6465 4338 5613 5354 5548 1237 7022 2746 2629 7526 7094 3479 2479 6221 1201  207  451 5733 2449 2155 4214 3662 2534 7322 2703 3339 5156 4611
 7003 3735 3286 6543 6770 1515 5762 1639  339 1248 6951  152 2620  820 2124 4167  934   74 4883 5200 5621 6457 5338 7299 7167 7892 1632 3320 4416 4557 7036 7878 5092 6701 4910  888 2864 5809 1483 7657  507 6946  870 7076 1992 1815 1334 2932 4314 4403 3604 1795 4196 1375 3091 1694 1949 1592 5120 7782  969 4001 5746 6075 1583 5163 4779 5612  821 7780 5131 5108 7435 4180 3163 1479 6788 1489 6853 5434 1951 2184  474 7324 4158 6324 1786 3197 1373
 6359 6044 2335 4719 7688 3717 2456  606 4676  825 2310  663 5327 7606 6413  370  946 2079 1387 6626 7797 4003 6515 5389 5801 4694 2018 6373 6171 6963  622 2327 3100 6234 6144 6175 6328 1242 6591 7768 3382 5978 4604 2049 6661 4463 3351 5866 7913 4835  915 1911  279 1256 2591 4435 6279 1587 1241 7480  819 3461 5145 6440 7277 1521 4436 7778 4931 4235   41 5639 2781 5794 2317  697 1477 4427  839 2603 2960  426 3683 1818 7607 2070 3685 1287 3852
 4325 2285 6477 5616 6649 4659 3343 1755 3426 2694 3976 5352 7031 7298 3335  704 1039 6953 5732 2005  889  119 7195 1871 2168 4670 5482 6612 2967 2704 3057 2813 1026 2956 2343 1791 7915 6398 2658 1887  305 3411 2718 4237  527 5046 3518 5403 4270 7254 3198  504 1269 7219 3169 1293 6720 4602 2215  209 6778 6389 7361 1963 6637 6303 5157 1087  949 6708 2679 7070 3590 5894 7303 6235   21 3409 6419 2671 5106 2528 5374 3543 6763 6653 6504 1436  737
 4060 4306  710 7096 4308 6037 4316 1939 3491 2859 1593 7395 1754 3752 5854 4953 3240 3042  876 7659 7293  449 2380 3222 5645 1703 7752 6256 7004 6269 4384  655 4369 5372 1075  540 7184 2858 2269  783 3346 3632 5916 1670 5224  346 2935  671 3930 4259 2880 7920 2881 5290 2318 1470 1956 6422   48 1064 6017 5220 3718 2995 7532 3506 7236 7203 3877 6375 7356  420  943 2605 2287 6369 2872 2541 4425 6475 5256 5906 3765 2031 5594 7670  973 6031 4451
 4523  268 6474 1803 2218 6733 4993 1172  446 4269 7836 6301  431 4116 2546 5568 6091 6909 4155 2027 5015 5208 5414 5628 6725 4571 2685 5312 7034  904  106 3012 7055 7133 7132 5280 6260  546 1595 2084 5125 4398 7692 3483 7358  603 1213 5202 6666 6717 3011 3087 7283 1892 6890  778 3557 3204 2342  800 7258 4877 4532 3803 7911 3941   57 2205  729 7855 1041 7331 2612 1389 3588 4459  807  461  871 1258 2719 4238 2805 6750 3517 5400 2883 3219 5134
   59 6836 4633 4364  827 3781 5130 7808 2862  200 6576 5366 3706 5760 7241 6841 1662  862 4634 5763 4469 4821  956 5323 1366 1206 3449 2812 6058 7462 3153 5259 3939 3690 6294 1891 4906 3069 4291  329 4105 5347 1127 1973 1268 7209 4747 1285 5132 1402 2204 6318 7436 4863 6219  909 1008  564 5358 5271 2877 3986 3664 7019 1417 2823 7876 6755 6774  542   95 6367 7419 2409 2153 2422 5759 3354 5116 5765 6573 2359 5276 7883 2003 4109 3625  615 2095
  245 4798 7224 2593  981  577 7309 4672 3640 7822 2172 5605 7378    8 3275 1681 3822 1637 3711  353  580 1267 1236 3934 6315 4168 2929 4420 5524 6791 5373 2087 3159 6924 6638 4810 7864 7537 6250 4878 4822 6386 6813 5750 2436 4024 2549  300 1141  613 2036 3071  252 4888 5218 3402 3475  832 1033 1378 5121 3245 6754  533 4720 2531 3970 5000 3644 5719 2275 4942 6810 2264 2908    7 7515  745 7772 3819 6894 1308 6514 1952 7429 7721 5417 6997 5397
 6336 1169 6544  705 3378 1135 4938 2473 4874 3813 7663 3109 4326 1226 1596 2419 6372 4639  609 3277 1982 4249 6928 6263 2505 3869 5795 1768 5617 4647 3833 6957   18 1487 1769 7333 1684 7804 2551  686 6729 2332 1945 5199 3963 6709 2526 7178 6558 5820 5124  670 5242 3945 2730  557 7869 5851 5937 6444 7123 5785 2684  412  543 5283 5781 7355 1540 4869 1746 5012 1272 5174  188 6865 6860 4711  357 4408 1914 3935 6430 1082 5112 6726 2214  785 4689
 1618  748 6715 5349 7360 6088 4843 5291 5232 7654 7345 5824 6536  583 5569 5181 6412 4992  878 1014 5958 7328 6992 1244 1083 3112 1622  293 5096 6352 2707 4434 2856 3329 6869 2390 2219 4376 3039 5252 3201 4709 4940 7101 3579 2149 3648 4544 5736 3650 3139  483 3393  388  824  651  624 5090 7894 1142 3823 7875 7577 1225 7063 2765 2964 3757 5703 1337 2763 6590 4981 1977 2200 5566  333 3693 5807  355 1440 7205 7262 3820 3290 4058 2157  292 5983
  340 2438 7579  350 7761 6613 4685 4231 5085 1066 6172 1257 2098 4371 2748 2078 1767 5706 4756 1381 5273 5051 3843 2709 1151 1386 3192 2439 2460 3232 4765 3049 2073 1738 3671 2851 4619 2492 2795 2408 6505  528 5890  916 2558 2885 1831 5056 4947 5084 7909 1486  789 4021 1109 7107 3469 3958 1872 5725 3903 7177 5816 4770 4122 3904 6934 6468  424 5873 7001 6026 6766 6325 6207 5407 6809 1555 2490 2319  331 4344 5337 7506 2017 7273 7477 6484 4140
 7570 1783 3472 6785 4215  441 6164 5187 3975 1405 1106 1601 4257 4123 1675 1942 6003   30 3338 6000 7910 1888 3785 4661 7124 3068 2649  235 7172 4813 7689  258 3554 3638 6718 1345 6209 2329 3966 6137 6107 5648 7787  342 3989 6911  368 4828 4630 1899 1760 2918  815 1650 3488 7624 3879 1505 2922 4769 5560 1326 5681 3645 6311 7232 4830 6445 5025 3160 4137 7220   20 1854  811 4277 4359 7247 7386 6329  968 6427 4553 5016 3726 1812 4298 2373  442
 4481 1976 6125 7858 4727 1004 2263 6069 5870 6431 5003 4094 6932 5973  351 5489 5753 7144 6803 3600  906 6687  891 3269 7699 4205 7779 2661 5996  869 1098 1250 5839 4164 1806 7595  927 3189 3663 5779 5480 1629 1779 5748 3190 6730 2266  502 6533 3801 4120 1089  538 1835 4224 5363 3212  993  828 5370 3021 3476 4850 2386 7510 7582 3607 2574  898 2160 1220  799 6896 5518 5299  829   23 5997 1158 3263 7180  264 6779 6079 5599 5976 3149 4433 4556
 1918 2514 2100 6497 7197 1840  854 2135 1453 4583 2101 6206 5534 6832 2130 7217 2165 3528 6229 3973 5235 6032 3742   90 2196  138 1086  448 5885 4475 5404 4714 6259 2129 4129 3577 2156  284 4404 7176 4092 3542  550 5627 7113 5207 4263 7099 3167 6926 5931 5934 6254 6178 1128 5550 3465 1937 5219   64 5320 6248 1900 1228 6211  635  626 6861 1909 5236 1102 2121 4098 7340 3405 2303 7611 3080 7809 7316  954 4973 6287  511 3875 4323 4133 4243 5060
  723 2803 1273 3630 7147 6780 6971 5547 4695 1473   43 2980 1569 1111 3273 3769 1292 4375 3985 7047 5863 4366 2852 7009  990 6856 6348 3060 3248 7629 5328 2500 6711 1027 3821 7317 7762 5253 5595 5879 7561  848 4849 2776 2032 7715  714 7268 6683 3694 5270  183 7006  131 4738 4424 5700 3905 2246 3319  665 6480 2298 5412 4143 5602 2252 5838 4572  980  534 3569 1861 1180 3394 7585 7173 5387 3936 1499 2300 4273 7078 2198 1905 1677  481 2617 4678
 7472 6317 5960  465 5203 3817 2137 6965 6485 2447 6723 6789 6255 5446 3287 2236 2904  510 3988 4367 2802 6117 3342 4223  434 5752 3217 2185  833 2019 3847 7850 6306 7705 2545 3837 3854 7451 5226 3419 7605 2575 1243 5105 4708 5882 5695 6330 3150  771 7297 3744 4952 1468 4911 2801 1197 4279 1525 1794 6409 7465 3902 4524 4550 1674 1631  136 1850 6941  920 5540 7633 4844 1516  389 3513 2273 5061 4126 7218 3599 1179 3857  328 5825 1879 1932 2046
 6794 2134 1410 5792 1547 4336 3358 5739 4018 6790 2485 7350 4150 2232 3653 5045 3128 6742 2010 1518 4096 1801 4157 5969 4701 1076 4134 6237 5192 7803 6355 1921 7856 4725 2530 1456 3125 6933  961 2117 7371 3750 7559 2068 7801 1493  182 5255 4010 5711 2742 1023  497 2063 6047 3535 2606  363 2472 6863 7667 1972 1188 2034 5107  797 7334  835 5728 1396 2645 2711 3733 4817 5939 6490 6688 6651 4620 6290 6072 7529 1996 2667 1070 4000 6697  661  408
 6239 6592 4132 1600 7210 1646 6938  926 5694 6663 1522 2103 7033 2393 6224 7505 4775 3097 5896 5502 1144  443 3954 5179 4382  385   17 7455 7669 1428 5970 6396 3327 1966 1078   88 6835 6120  741 3550  278 7318 1246 4819  598  652 6518 1339 3059 5419 1857 1539 2131 1217 7402 7162 4352 5073 7784 1931 5567 3187 2033 3591 5322 2314 1965 7905 6563 7295 1784 6199 2166 3332  717 3094 6772 7474 7122  992 6892  893 6650  248  944 2891 6186 2737 6183
 2437 5050 6238 3423 7702 1015 3938 2621 7872 4487  470 4979 3408 5514 4361 3486 7590 4232  462 2766 6716 5361 1187 4069 5488 4868 4280 7904 3020  219 5196    9 1847 4331 1895 7261  310 2471 4956 6805 7880 7773 6855 4693  325 1283 7725 5495 6787  894 7442  165  393 6681  170 1059 4254 4080 6930 7336  489 4909 7342 6740 6654 5826 1557   72 3462 7389 7832 1092  531 2289 6299 4354 2675 7069 1319 2283 2814 1205 6548 2849 5169 2312  309 2274  402
 1271 1061 4805 4964 3078 1229 4020 6454 3063 2647 3173 4751 3800 1673 6678 6210  496 1530 1986 6695 3611  290  103 2705 5342 2152 1160 2861 6878 5093 7541 4406 6547 5546 1962 5028 1893 6169 2678 6297 5699  265 1865 1876 4407 3278 1935 6522  335 4193 3570 7895 6414 4153 7704 7724 7244 6443  220 3812 7747  464 6326 5554 2683 4767 5476  750 4087 3298 5231 5367 6225 4345 5641 1978  444 7143  471 2494 3443 3221 4638 1725 6981 7748 1274 2664 6944
 5995 3375 6331 5635 1056 5912 3952 3305 7865  421 5689 1189 4595 6397 6854 2364 3743 2222  727  459 7793 1063 5424 2853 1467 6542 5756 1731 1669  896 4836 1107 4054 1999 2735 3072 2794 6334 3146 5717 6882 1626 1826 2726 3001 5464 7281 1060 6462 4700  453 5413 3568  699 3639 2496 1564 3967 6442 7861 7335 6849 4399 3587  114 5940 5859 3563 5607 2919 3924 2796 7765 6675 6089 5918 2057 1904  735 4913 3019 2938  326 2987 7463 5852 4511 6371 3910
 5165 2831  128 6603  880 1820 4194 7174 2484 1797  281 2452 4776 6378 3379  418 4186 2426 4862  773 4582 6999 3861 4978 4839   52 7509 2564 6684 1494 4787 2818 7420 7044 7693 1358 4183 4454 3957 6362 1214 6891 3237 7027 6131 7735 4099 2983 1049  861 3093 1235 7555 2539 6994 7557 4401 7452 7228  286 3999 5840 5961 2966 4449 7587 2839 1344 4631 7863  192 3445 6959 4455  730  221 2810 5148 1289 1095 3719 5835 1700 1422 3089 2965 7242  630 5892
 3998 7649 1230 5729 2022 7125 3762 2444 4516 3701 6679 2870 3831 1466  900 2533 6471 5444 2926 2815 4422 5908 1047 3779 6710 5747 2997  473 4606 6015 5876 5726 7448 4142  536 4230 3179 6027  322 7321 6341 3176 3032 4492 5315 4752 1605 3672 5686 5574 6158 2725 3315 6939 2577 5262   36 6815 1742 1672  195 2299 1819 5910 3365 2448 7562 7207 4379 1207  739 1906  198  959 3259 2697 6309 1994 3964  935 6501 6664 2934 7206 5677 2954 6154 2487 7093
 1597 2362  700 1411 7870 2898  883 2265 2140   40 7918 6024 2713 5855 2311 6610 3404 1495 2842 4002 4356 1459 5582 7007 1606 5847  591 4983 2037 7376 5696 7684 7032 2517 6271 7300  124 3748  924 7573 2015 1993 6410  720 3636 2006 6411 6151 6361 2544 5693 4766 2255 4967 2669 3126 3885 1549 2557 2945 3174 5764 1695 5971 6157 3216  257 4905 3775 6307 6549 4179 6241 5945 4017 4893 4882  907 4857 3045 6078 5942  477 2237 5932 2613 4608 7148 3046
 1051 5817 5558 5215 3790 6272 4447 6230 3349 1643 2695 4637 3669 3140 2640 2150 2286 7717 3312 5430 2953 4114 6808 2728  176 6249 6190 2280 2784 1809 3261 6620 7198 7120 4749 6614 1922 1827 7095 3210 4723 6496 3500 7320 6660  608 7091 3152 1772 6828 7489 3641 7337 3503 2193 6432   87 2097 2986 7817  191 6218  897 3510 3810 2030 5701 5305 1219  559 6676 2238 5023 2646 2942 4057  361 2182  616 4486 2994 5206  971 4575  487 6113 7764 4165 1100
 7108 5047 2868 6918 5829 6392 2820  951 7881 4657 2210 4294 7478 3848 3809 7011  429 1419 3756  965 2253   14 5930 3853 7504 6258 3454  816  632 5094 4076 1350 7043 5593 1186 5368 1038 2474 1148 6795 7733 4498 7637 3894 2542 7650  886  903 2457 1239 4135 2395 7092 6039 7564 4154 3668 2890 2306 7511 3203 2509  639 4355 2757 7862 3896 7311 1916 2008  579 5150 5687  179 1533 2789 5097 3603 4022 4884 1664 5160 2145 6516 3789  890 4300 5933 7391
 1834 6796 5209 6023  285   66 6080 6156 5579 7257 1814  226 4852 1566 6189 2665  572 6539  857 3413 1529  306 4118  299 1690 3829  647 5768 6643 3142 7770   97 5110 7868  611 7912  637 4827 7302 2410 4419 6483 1867 6633  758  680 6424 5832 4941 4405 1104 3974   80 6943   16 5964 1485 2611 6707 6463 3285 1146 7741 3341 5821 3061 5031 4735 4928 7843 6966 1348 7899 6984 5410 2652 1400 7059 4578 7326  562 3253 3729 3758 2567 3738 3224 7886  976
 6217 5075 6188 3271 1925 3492 7524 4840 1223  225 7707 3811 2897 7710 1212 5735 6686 4149 3845 4959 3127 2099  110 4697 4692 7520 1084 4826 7081 2147 5968   84   49   26 6541 4053 2326 1314 5399 2296 5994 1649 6804  113 2432 6555 7857 5467 3661 5709  535 5058 4565 2977 5675 5583  445 1496 6947 7653 5126 1560  194 7457 7572 7691 4698  239 1129 5580 4806 3732  544 6867 5311 2587 5021 1222 4302 3406 7484 4393 7013 2220 4833 2161 1788 1866  422
 7499 3296 1625 6094 6012 5332 4859 1161 5360 5008  693 6883 2136 6119 4255 1251 5883 2512 7598 4285 6204 6232 4520  490 3525 1576 1001 6628 1103  347 2715 3446 6572 3347  171 4984 4574 6150 3003 4241 5936 2756 5799 4013 7018   54 5258  167 7464 6534 6472  761   38 7240 4295 5811 7907 4071  952 1147 6759 1370 2361 1980 5658 4318 6502  222 6489 6142 5578 3987 1020 7105 3250 4005 3691 3705 7271 2171 2599 6580 1037  941 3834  768 1171 7109 2523
 5774 7023 1689 1255 6927 3306 3907 4880 4056 3724 2258 4688 4939 6509  708  549 3916 4834 6344 7734 1448 7427 6138 3124 2194 3933 4508 7814  145 2863 2454 4763 3995 3649 3614 5421 7574 1157 6467 2404 5298 7065 6451 1611 2282 7313 2608 2223 4929 6035  912 6349 4617 3867  654 5877 7683 1701 1202 3355 5223 3353 1898 3429 2920  659 6922 2430 3870 5927 1889 1185 3067 1000 1362 7811 1862 5528 1766 1385 3420 4044 1761 4304 5959 5386 6282 6719 3024
 2224 7652 2615  163 3396  397  313 7116 1722 2107 5500 7775 7736 6491 6736 4078  602 4208 7204 5301 2825 6203 4144 6194 5176 2686 3254 5538 2638 7163 4297 6781 4081 2785 7483 7025  978 7665 6161 7149 1693 2334 1686 5035 4138 2589 2899 5038 2313 6988 3696 7749 1511  734 4912 2146 6888 3629 7525 2745 1450 6055 4618 1310 3226 1021  199 1025 2239 7496 2893  380 1620 1667 3070 5167  942 4774 2911 2431 7609 2731 2278 2869 6014 5848 2083 1960 6833
 2993  482 3665 5173 6049 5911 1126 5586 3911 1696 4891 5935 3131 4799 4848 3979 1005 1046 7848 1758  738 2125 6284 1651 5329 5497  709 4244 4320 1099 1328 4643  638 6538 7252 7301 2639 5685 5398 2414 6705 6073 7282  713 2257 1101 2522  202  117 7415 6261 5383 6510 1653 4199 1855 5345 7352 1810 2895 3385 1883  962  764 4210 3951 7820 5458 5587  763 6872  565 5390 4512 6768 5953 4677 5030 3796 7622 6455 7879 5853  288 4879  938 1712 3336 5907
 1548 3223 5346 3029 2001 2330 6834 7642 1445 5055   24 4535 5248 3138 6857 1343 7711 7696 3786 7186 5339 3214 7737 6365 5388 1155 2376 2453 1868 3710  232 7404 2418 3110 4073 1912  307 1266 6936 4642 2325 5846   82  223  806 7552 1713 7796 3316 2144 2755  718 3547 6377 6435 6980 3913 2871 3044 3441 3457 2829 3792 3384 6363 6599 3698 2909 1124 4342 4707 2562 5272 2169 5592 6153 6827 5006 5504 2925 5596 1166 1512 5999 4660 5707 1181 5436 6292
 4768 2091  706 3390 7917 7084 2276 1412 1315 6148 1759 3004 5074 6967 5914 6874 3040  525 5981 7185 7731 2677 7819 1836 6052 6174   92   46 3213   55 5553 7349 7668 1427 6652 7441 1351 1457 5674 1260 7906 6647 4337 4731 3391 5140 3595 4846   70 5513 5245 5714 6208 2388 3771 4785 6428 1088 1356  410 1355 1458 3520 6525   19 2532 3348 2123 1137 2969 5874 7799 2292 4266 5076 2723 3195 1110 3000 7740 6571 3567 1054 7635  607 1744 7475 6481  808
 1416 5986 2901  415 6226 2256 6618 2786 4951 3727 5810 1340  296 4902 2826 7377 2368 6553 4036 5718 6641 4510 1164 2720 3279  810 3055 1825 4388 3504 5468 5713 1552 4239 4962  332 2760 7145 5426 5749 1627  859  253 3424 4591 1884 6446  772 6118 2698 7903 7284 6085 5017 3808 5080 7285 7619 4357 1091 6227 6231  629 1178 4682 5333 1764 4930 5951 5456 1165 6574 1830 2696 6346 2058 1538 6609 2463 3314 1282 2400 6105 7531 6198 1168 6747 3043 3130
 5661 6433 6976 5247 4119 6691 6692 5680 6756 7000    1 6459 7073 1628 4564 1438 3715  492 1307 6671  777 6557 7658 1149 7500 7422 2614  144 5079 7136 4117 5601  457 1028 4568 3367 4632 6011 4999 1044 1727 1162 4579 2406 1057 5391 1065 6831 6575 2547 5570 4847 1572 3356 5982  813 6990 7403 1336 3180  933 5738 1388 3844 1774 2503  684 6407 1318 1833 7397 4362 7592 1715 7306  383  925 6940 7829  499 1561 7017 3133 4438 1249   78 5044  159 7628
 2999 7423 7616 3532 2850 5266 1590 4082 5926 5083 3051 2048  396  537  121 7739 6374 2604  674 7834 3077 1215 3181 6565 4310 2369 6216 5536 1619 1652 5382 7871 4855 7223 1585 7060 4319 5155 6270 5166 3926 1751 3407 5439  379 5900 5139 4648 3141 1983 1688 3840 1421 2112 3806 7454 1757 4716 3509 4804 6111  769 6978 4187 4083 3917 6639 3684 1718 3202 1817 4172  158 5036 1858 2186 6159 4033  372 3760 4703 3608 6141 4936 6898  234 6245 7020 2714
 2458   89 7052 4128 7468 2516 1374 6970 1910 3876 1204 2443 4875 4281 6761  574 4288 7882  593 4861 7343 6535 2553 3238 6520  480 1397 7851 6690  582 3147  122 6608 1961  767 5441 4552 1775 7234 7152 6822 1678 6114 5915 2065 4652 5161 4124   61  872 6713 6722 6825 3431 7417  523 3628 2555 4538 2518 7112 5287 7788 1955 7466 5828 4499 1553  173 4876 1288 4198 5704 3578 2775 5037 3793 4461 3703  407 2379 5122 2716 4792 5114 3484 1294 3971 2291
 5858 3675 3937 3825 3007  262  722 1058 5590 6907  203 3968 5326 6899 3900  725 4541 7708 2943 4296 5897 4278 5905 4023 5965 6423 2990 6636 6801 2693 4413 4160 5246 1554 1773  237 6752  236 4353  874 1145 2648 3863 4621 5186 7897 1210  733 5652 4915 4932 5921 4996 4831  521 2372 5461 2578 3311 5264 4221 6996 1136 4922  478  818 2535 7821 6493 5941 7542 3083 2580 2761 1174 7054 7394 4896  295 2702 2240 1897 1543 4086 7251 7690 7237 1090 4037
 6866 5831  541 3991 1233 6382 6449  892  304 6093 5575 7332  853 6607 5297 7272 3956 1776 3095  206  922  196  664 1802 3062 5511 1073 5559 5690 4151 6304 2928 2302 7066 5265 5234 7874 1117 2628 2221  823 3901 3145 2793 1480 2118 4545 7308  360 4233 2706 2798 5776 1303 7270 6314  744 2272 5185 2424 5229 4190 7314 2752 1852 1645 4102 7057 7794 5032 4666 7679 7103 4213 5022 5279 4335 2689 1113 7567  143 1829 2080 6180 4937 2824 7743 4029 6513
 6741 5422 6062  526  979 5527 6133 6479 1478 2350 5948 1735 7381 2148 5923 2504 2610 3814 3113 5671 7296 7119 1175 3458 2094 7578 1781 2819 5274 6252 4358  508 6884  321  435 1748 7121 6333 5049 6155 5925 5078  645  382 5004 1997 1429 5625 1254 1617  881   31 4864 6850  868 3887 3555 7158 3564 1029 5956 2052 5052 7366 4108 3598 5638 3643 3906 6387 4473  822 3252 1006 2548 2401  233 5572 7676 6912 7867 5588 2251 4411 2988 6914 3763 6438 1763
 4372 5665 6677 1500 5180 3241 3183 4662  108 2758 4488 7914 1329   60 1108 3932 2092 3534 4478  688 6685 4084 6537 1284 5823  914 5806 1526 6875 2583 5972 4139 3794 6531 1676 7662 7823 6376 3635 1170  660 4011 6601 4537 7085 1710 7090 1562 7411 2900  653 2949 7446  790 5451 7777  118 5949 7304 2188 2341 1556 5490 2227 1782 6246 2370 3028 6494  440 1383 4851 1934 6368 1638 7191  522 6310 7159 5864 6556 7632  484 7828 6567 4234  409 1331  238
 7623 3281  860 5654 1504 7507  740 6332 2550 5171 2024  269  240 6312 3054 2133 3994 5100 6380 6393 5331 5745 3497 6605 5211 7077 3015 5830 3487  885 1789 1908  517 5357 3944 3828  556 3463 1507  755 7373 4050 3997 4954 5212 3373 5913 6624 4390 3369  702 3512 5723  724 5071  678 1685 6956 5868 1541 5475 7156 7568 1423 7117 4704 4410 4178 3646 5634 1780 2552  563 2676 3207 4016 3038 6439 4115 7008 4121  314 5872 1535 3482 6919 5673 3674 5091
 4772 5014 4814 5660 5632 6473  392 3129 6109 1519 6236 2360 5010 3247 6931 1753 4860 2907 3642 2958 1291  390 5615 1896 5385 4655 6923 6417 2351 7908 7591 3144 1947 3161 4476 6673 1125 3121 4490  682 6335 4432 7566 4551 3236 2307 1209  628 4665 3171 1915 3873 7421 7846 5784  148 4885 6762 6123  719 7648  902 3364 3677  228  111 6358 1154 1455 1497 6765 1363 5957 4206 4829 3851 7243 3566 5001 5606 5405 5394 1845  338 4332 2538   71 6862 4728