  359   31 5910 2352 5501 1456 3697 6882 2022 7690 2088 1215 2848 5348 3338 3242 1642 2473 7405 3402 3435  771 7367 6063 2294 7200  437  938 7535 6593 1954 3853 7474 3906 4918 3077 4740 2218 4943 6761   30 5558 5170 5073 2366 3839 3328 8061 1130 3290 4106 5021 6496 4276 3353  789 3073 6273 7089 1632  911 4937 5062 5647 1759 7074 1940  965 2026 4846 8031 4171  205 7328 6531 7643 7417  793 4834 6270 7330  493 4239 2597 1192 7957 3103 6046 5374 2493
 7834 7342 1487 1495 5441 2581  572 7356 2039 2698 1195 1530 2665 3358 6101  187 3151 6477 4184 5681 1812 6940 6966 7230 7929 3159 7700 3351 4647 3515 3465 3894 4004 1440 7214 2725 7536 1607  268 4682 2532  625 4168 5981 4426 6998 3271 6407 4131 1206 8001 3108 1017 3286 1462 4895 2928  429 1012 7951  797 3586  818 5770 1164 2833 4586 8030 4751 5387 4078 3635 6418 4177  147 2935 4408 3659 7541 4201 5515 6965 1958 5293 6247 4678 1791 1191 6760 7934
 2884 5761 4923 4464  700 7222 4648 6618 2171  146 7913 4451 7388 1861 7712 6315 3205 3956 7544 7500 4309  801 1768 1350 4685 3440 6606 2963 7455 6816 6667 1314 6686 7871 7844 5322 1669 4498 5524 3102 2317 4636 2867 2545 6644 5448  230 2138 5885  784 4326 5030 4254 1348 4221  409 1664  167 4782  543 5508  846 8056 1673 3834 1241 5367  379 2622 4018 5569 5934 1183 2053 7037 5673 6327 1547 1595 4311 1498 1567 6539  612 3723 7385 6682 2633 7570 3253
 3134  870 2264 6048 3711 2699 7298 6986 2209  431 5342 2730 7886  232   17 6548 4706 1125 2128 6210 5023  105 6285 7956 7720 3091 7616 5959   44 5543 1723   12 7717 4338 7320 8059 6892 7031 6549 2266 4371 2785 6600 1565 1061 1284 7973 1147 1793 5734 2548 3342 3642 1132 3177 6056 1816 3150 4930   66 5008 2159 1539  744 7699 4970 1897 1700 7236 5196 3902 4960 3543 2368 4244 8079 5156 2595 6637  701 3793 5951 6380 6157 2697 7499 2172 4744  279 6545
 6462 2808  613 5584 6077 3913 7787 4967 4462 3176 4683  579  788 5920 1208 3423 6842 3933   51 6836 5548 4441 2451 5589 7773 6025 6400 3107 5940 3767 2165 4265 4818 2787 7916 1834 1066 3254 4481 4529 7408 3291 5171 1624 5898 6481 1803  462 1838 1512 7472  324 8047 7068 6912 7794 5580  669 3535 5498 5975 3690 2011 7884 1527 2386 2556 7637 7371 3115 1016 4672 2752 3322 5853 5908 4572 2120 2250   11 1091 7019 4278 1188 4870  131 3471 1414 3382 4418
 4485 6599 7069 1065 1573 1872 6660 5644 4644 1104 4980 1602 4044 5234 3885 6878 5086 6649 3744 5191  127 3762 1141 7514 1328 5591 7337 5656 4483  760 4900 7529  683 7543 6938 2260 4286 1950 7177 1261 6160 6205 3486 5036   75 5335 1681 4387  580 5546 1750 5800 3580 1305 4822 1989 2403 6105 3595 3614 3850 5490 7296 2421 2443 7429 3325 1934 6703 2931  810  955 6961 4415 4375 3644 6488  150 2825 1832 6604 7873  570  538 4761 7876 5562 2131 1433 7232
 3390 7287 4625 3631 1594 6796 1858 6278 6685  996  775 2868 2703  125 1486 7971 1881 1986 5053 4502 6290 5147  308  526 2051  468 3994 1349 1006 7962 5468 1850 6977 7685 7828 2058 6110 2183 2873 3898 5413 7921 6114 1369 2356 3562  236 3703 1862 4099 4478 5435 7355 7389 3965 7426 5529  665  375 4976 4318 5325 3617 4315 1105 1161 2377 7150 7658 7538 7418 7264 1304 7759  742 4745 4235 1323 5964 7894 1172 4203  160 4500 2461 5624 5043 6830 2998 5593
  602  901 3380  144 7029 7978  764 1769 5952 7579 4737 4619 4413 2100   74 5258 7433 7410  790 5659 6395  689 6001  420 7985 8037 6992 6967 2307 3124 5106 5638 6312 5775 2220 4777 2824  280  241 6659 1494 4543 4175 1290 2501 5309 3788  122 6039 3457 1079 1647 1281 1593 6492 6547 5341 1736 6078 6844 2912 4169 2857  365 6776 1231  881  132 2008 3237 6249 7167 8021 4497 3745 5042 5706 4554 6817 3487 2733 6416 7604  184 3558 7301 2835 7911 6348 1106
 1747 4365 1351 2351 3873 4438  921 3652 6459  986 3865 7365 3653 2780 6718 7996 6735  844 6925  119 5321 6156 2197 2562 3878 6833  106 4862 7684 6586 3985 2367 4579 5205 3414 1679 2680 1137 5602 6651 2210  711 2341  852 1672 6050 4260 2519  444 4001 4264 6944 5368 7702 7636 4312 1210 2574 6763 3641  482 4653 3944 2238  260 7910 7378 1917 5854 6716 4613 2744 5956 5388 5168 6038 4489 3553 4518 6737 5344 1041 2196 6991 3918  979  321 7912 5611 3575
 1830 6288 2089 6646 7961 6921 7802  535  305 6942 3433 4156 1553   37 1375 1488 4537 4610 1542 4614 5670 1660 4720 2874 2942 7705 7738 5111 6837 5765 5009 5280 6688 2895 4161 1095 3366 3256   64  435 2944  296 3991 7825 2610 2468 2984 6300 2541 3033  227 7546 4748 2013 3489 6444 3708 7280 1092 1479 5522  130 7384 4407 6594 3546 7032 3581 1443 1388 7299 5305 7559 2470 8006 7033  815  452 7798 4721 1325 6910 1978 7642 1771 4136 5379 8015 2609 1342
 7588 7161 3277 8100 7351 5627 2956 3638 4646 6321  188 2063 1320   38 7646  605 2364 6981 4034 7855 2816 1707 5187 5001  301  364 5874  273 2469 1896 2168 7488 1339   87 5136 5763 4835 1244 3041 7258 6410 4456 3010 5326  659 4922 4844 4332 3748 1749  599 6304 5220 2547  440 5400 1032 7952  392 5863 5929 5104 3379 3917 2660  939 4595 6970 5714 3967 4859 5703 4215 4399 3572 3294 4466 3317 4075 5336 3040 6408 5545 1399 6939 5708 1855 4651 5753 7626
  877 7082 2791 7860 6491 2829 5742 2502 1221 2085 3660 7268 3619 2905 1939 2321 2048 1658 3236 7271 1225 7494 4242 1779 3643 6116 2947 6729  948 6598 4949 4938   24  853 6673 3539 1404 3450 7931 1922 1015 6680 3416 8063 6238  592 6573 1247 7044 3229 7158 3065 7436 5599  473  223 4037 7387 6767 2204 3855 5301 2569 4492 1654 4965  906 6905 7605 5933 7218 2916 2712 1537  985  755 6297 2179 7461 5895 5247 3289 2164 7661 7882  425 7629  133 3154 3566
 2283 7135 7531 1366 5176 6955 4986  544 3473 2577 1500 5597 5206 6792 7673 2074 6478 5610 6224 3117 2280 2629 4775  871 7761 2082  584 7344 4143 3524 5968 6293 1827 3281 1317 5632 3763 7528 2079 2705 4998 2919  505 6771 2190 2810 3794 6458 8045 6975  898  201  193 6387 3728 2202 6964 3346 7861 1677 2145  962 6908 1927 1179 6907 3157 2344 4389 1058 1444 6485 5859 4743  642 7516 1991 7293 3429 1938 1579 3822 5048 4023  181 1712 5666 6754 8069 7770
  641  837 1050 7480 4442 2676 4157 6588 7002 7409  947 6409 7833 3014 4947  545 2506 3537 5948 3621 7077 1277 1243  249 3714 1814 3018   33 1584 6405 5771 7915 4146 3349 5158 2948 7689 6777  111 7747 7829 1021 5542 3386 7226 7864 1741 3874 5264 5886 6818 2107 5999 5482 5364 5759 1075 4566 1892 5919 5361 4583 1219 5978 1177 2585 5493 4856 2123 5241 3270 6972 4283  725 7373  624 4503 2437 1134 7503 2762 3738 2987 4325  644 5226 5243 1770 4728 1454
 8022 3327 4085 7569  586 2898 7713 3805  834 1720 3922 6748 7606 7381  246 5837 3238 4467 6132  357 6521 5622 4857 5755 2981 6454  270 2299 2718 5477 7157 6349 3960  969 5052 3671  875  894 1574 2879 5294  747 7079  783 4951   92    8 3875 2152 2413 6150 6216 3012 7401 3963 3275 6456 4709 5657 7145  347 3266 7836 6471  578 7715 1413  583 3020 1295 6289 6780 7224 2028 7143 2530 2428 3163 2439 7708 2099  310 7300 5772 6695 5070  703  796 3630 7709
 5648 2433 6451 4968 3198 4285 1180 6082 7030 1753 7252 5256 6875 2674 5416 4768 4558 5484 1336 3173 2411  824 1224 5439 1409 4957 6799 7211 2435  786 6949 4100 2883 1726 6364 5914 6850 6028 2801 1748 1148  430 3245  862 2252 2976 5836 1252 1523 6788 4545 4815 7554 3269  737 3233 7147  476 3914 2476 6642 6277 6104  637 5718 1063 3781 5161 3285 5311 4654 4493  548 7105 5130 1232 6095 6138 3938 4791 6602  406 6738 7835  380 1037 6583 8055 3895 1755
 7452 2191 4627  145  186 1506 3888 7023 4850  552 5292 6480 3472 7465   57  896 5063 8086 6687 1483 7425 1504 5269 5432 7527 4793 4322 3094 4064 1668 7877 1963 6310 1423 3820 2790   40 1563 2455 7482 2671  309 1641   77 7049 1159 7524 1727 1849  868 6119 5684 3496 6099 3056  750 7870 5214 4861 6429 3095  893 7246  735 6206 2888 2962 4535 5263 6770 4512 6181 7261 5900 6861  252 7765 4289 6439 5922 1031 4719 5716 3721 7879  354  461 4439 3790 3786
 3168 2514 4281 2592 2158 5089  909 3760 2789 2611 1425 6256 2802 5260 3848 1463 5372 6024  338 2734 5343 5101 3664 4320 7445 4962 1649 4924 3564 3034 5471  595 5080 3174 4151 3268 6794 7595 6142 2380 1324 6980 7907 7179 7009  830 5823 4515  276 7846 1689 4406 1186 3573 6698 5855 3997  243 4382 4633 7013 6683  685 6017  506 6820 3995  654  615 2278 3001 4211 6223  560 3029 3755 6669  950 6029 7275 3461 5987 4979 2880 5633 5764 4390 6894 6357  832
 4234 7679 1709 3407   29 1202 7352  443 1100 8010 1040 2077 2578 1984 7875 8082 6909 5740 2631 4207 4816 6675  102 1333 1719 2015 2841 1621 1921 2282 2637 3152 4148 2173 7233 5970 6172 7940 3625 4324 5979  748 3952 5262 5201 1734 3147  546 7207 6534 7005 6755  576 4298 4145 7919 2418 6839 4969 7826 2185 2727 1583 4181 5652 2914  320 6299  598   68  946 7526 5966 4521 5511 6838 1165 8040 6040 5500 6621 1578 3156 5409 3263 4632 6469 5615 2360 2815
 2161 6359  761  813 7039   59 7364 7217 5282 6065 7097 8042 5686 6487 1384 4901 3175 7930 1470  988 4010 3212 7654  393 5526 2959 1955 3604 3006 4999 1211  823 5796 3211 5018 1131 3552 4546 5991 2626  316 2042 4657  248 2812 2485 6295 6512 6374 3341 3870 7225 2195 6730 4262 3232 2006 1416 5312  263 6973 6302 6128 7282 2258 6670 6342 6286  402  179 7449 1173 8099 2582 5090 6772  376 7369 5827 6356 2228 2750 2426 6261 4599 7065 1962  734 1376 2133
 7070 3081 2760 2549 7219 5941  412 5607 6889 1057 5697 4590 2721 6691 4547 5809 1321 7942 5408 5085 5355 4359 6188 2632 6464 1995 7090  211  649 6473 7918 7106 4628  858 1408 3467 1073 7908 1746 2358 1703 2996 5480 2160 4809 7801 4333 7095  398 3823 4920 4622 5276 6614 1546 4496 5830 1559 3069 4063  536 5075 1385 7823 3961 1163 3847 3144 4752 4331 4461 2425  521 3220 6759 1150 2080 7591 1698 7989 5430   91 4450 7067 7223 4195 6551   39  495  218
 4770 1405 7459 4839 1062 5870 6079 5992 5911 7926 4144 3437 2187 5662  441 4804 2206  564 1025  237 1502 2423 1646 1557 6035 2060 1185 2448 5847  856  574 3593 2524 1965 7854 6427 2115 3658 1671  163 1931 2267 4403 2512  713 3393 6924 7064 5893 3055 5639 7199 6587 8050 7156 7611 1430 5473 6324    6 5417 6681 2991 2239 6350 3749 4605 2989 5544 6406  949 4513 6174 1728 7841 1352 5815 4091 4876 7668 3240 7539 4236  212 5923 7427 6601 2270 3981 5385
 4553 6708 5351 2910 5425   23 3140 5017 6552 3880  455 5394 7338 4104 7666  646  291 6225 5407 5514 5179 6484 4042 1637 1974 7379 6257 6856 7933 1840 6245 7736   43 2915 6446 4038 5661 6974 7727 7842 3092 6710 1424 1214 6197 6489 5739 6382  206  327 4055 6926  601 5107 3203  608  981 7922 6536 3485 5398 3992 2253   80   55 3665 7880 3374 1094 4797 4664 4806  860 4964  667 6428 3854 2658 5868   10 4563 4204  922 3661 1077 5571  722 3314 3017 1116
 5474 3310  532 7902 5578 5525  640 6167 8078  809 1089 2896 6589  242 2113 5329 1222 7015 1627 7119 3941 3025 6122 5087 6130 2813 1259 7178 4824 4082 5689 7793 5250 6564 2221  303  741 4978 1236 6421 7284 6605 2328 5144 5093 1509 6443 6220 3779 3863 5618  960 7318 3743 1907 4871 5967 1865  221 7649 6579 3036 3778 3971 6164 3527 3891 3239 4330 6650 2844 3851 1895 1069 8046 2489 6968 2600 2292  366 5199 5798  204 5510 5881 1278 3137 1358 2290 3005
 5167  951  314 3312 7618 2949 1605 6707 4402 1158 1303 1493 1717 6635 4186 5791 4351  516 3348 2964 4832 1655 6869 4501 6711 2807 5883 6978 7883 6448 2831 2412  594 2409 7340 7756 1086 1007  523 5497  890 3901  148 3210 3388 3687  527 6124 7464 1226 7304 3246 5140 5563 2838 6873 1691 7969 4723 3791 4275  710 6461 5229  434 6841 4746 1587 4470 6509  356 6723 7206 6732 4890 3742 1080  465 6472 3943 3045 5767 7249 5701 7051 3796  196 6058 4733 5866
 1438 1994 7760 4708  727 7248  228  782 3149 1899 5463 7967 7183 6200 7101 2776 2775 4997  180  551 2442 3215 4357   19 3507 1588 2540 7317 7292  489  561 5912 5469 3051 4282 7645  389 7565 7785 5257 1877 3868 2551 6766 2224 2003 8000 7621 3563 4068 7456 4511 2194 1914 2634 6004  195 6524 6483 1490 3126 5754 1332 6431 2619 1237  851 4317 5687 4280 1953   45 6677 4425 3419  453 5712 3784 7599 2192 6636 5654 5640 7862 5556 5523 4243 4724 2132 6928
 4795  726 1705 5285 7406 3009 8012 3675 4765 5117 1269 2186 1123 4950 6627  197 4491 3454 3986 3746 7755  836 4084 3666 1706 5802 4891  619 6640 5230 2405 3712  940 1011  335 7501 7129 6815 4027 2067 7116 8034  194   79 5445 7208 7696 6537 3063  984 5071 7042 7592  958 5059 3155 7087 3196 7243  897 3693  121 2119 6798  361 2061 5678 5382 1354  792 6365  390 1389  422 3193 4710 1943 4248 5592 6303 2370 7498 6345 5606 7450 3512 4032 7491 6466 3510
 7163 3591 3372 6307 5878 2338 6713 5366 1708 5856 6000 3533 8027 7960  140  597 5513 6264 5747 4339 5960 2979 6333 7370 3513 3987 5005 7819 4125  225 2926 5786 4603 4747 7901 7484 1435  540 2019  907 6109  956 5242 1600 3139 5213  306  880 5645 4551 7939 3732 3838 4600  704 5082 3589 1067 8066 3722 4458 3649 7509 6468 4637  395 5045   61  933 7810 4674 7659  691  614 2108 2606 5016 4437 3418 4361 4715 5491 3355 1982 2854   89 1235  674 3199 6346
 3368 7212 4837 7763 6933 7441 4732 6530 7892  970 6479 1663 7314 6561 1178 6957  616 2034 6170 5869 2392 1781 7612  336   32 1795 7620 1027 4753 1951 7453 4076 3519 2395 4591 3235 7428 6002 3761 7914 1402 3459  134 4026 3554 3611  416 7574 4366 1682 5872 8028 2904 1276 3295 4894 3817 1455  770 7430 3316 6015 2125 4163 2603 4256  315 6497 7981  490  522 4414  571 7155 7938 6632 4975 4928 5068 4810 5084 1906 1835  261 8003  450  850 6084  651 2490
  756 3836 2029 5315 5401 4829 1434 5601 1961 4015 6555 5663  383 3916  117 5961 7779 2662  928  714  417 7613 4081 7941 2362 2858 4726 7695 6233 7928  294 7827 1263 4508 1680 1391 4616 7750 1919 7496 7946 2387 6501 3330 1805 1722  964 5024 6214 3130 7000 2296 1516 5891 5594 1059 3434 6628 1400  632 7353 5790  129 7062 3016 6946 5751 6182  484 6914 3302 5667 3113 4178 4011 3138 4665 2030 4164 2774 4386 1331 3329 7229 6725 3456 7467 6558 1124 1345
 5527  811 4582 1334 2554 4299 3230 1457 4963 2153 4520 3413 6246 4807 6783 2340 8064 2745 3609 7260 2823 1229  451 6301 2921  692 3244 1619 1969 2263  917 4668 2420 8036 2092 8083 1665 2654 5489 5415 3528 4432  427 6774 4601 4417 3319 1042  267 3556 4787 7680 4597 4391 6963 1205 4589 5688 2513 4476 3318 7063  135 4477 4659 2285 7377 7897 5949 3802 5846  716 1466 3361 7291 3647 1864 6814 7454 5460 5646 6923 6367 6044 1725 5669 5447 4652 2599 3692
 3059 4849 4486  693  807 4430 7632  483 7289  297 4649 1721 7749 2269 7227 6654  872 4059 7173 3412 3843 7722 4722  765 2999 3886 2149 3078 7714 1250 2590 2389 1817 5249   54 2479 6190 3446 3047 1052 3506 7822 5557  224 3910  822 7132 7354 2612 8070 6054 7909 2097 5138 6988 7850 7036 4155 1459 6003 5418 7594 1033 4717 7852 7682 1439  322 2670 4400 7404 6183 4946 7808  618 3076 4241 2571  479 1789 4129 1256 5551 3201 6287 1608  328 3228 6764 2002
 5177 3118 2139  719  554 1474 7349 7457 6230 7707 1427  519 6336 4411 4020 2614 3357 4961  763  299 2298 8081 3827 5984 1754 4948  724 4213 2852 6532 2427 4305 6344 7648 5850 4695 7176 1597 5377 3060 7729 1651 4303 6059  340 5338 4686 7556 5037 4229 7568 2809 2215 5239  177 7149 6396 4122 5787 3164  257 1936 6879  721 4931 7815 6423 3303 7277 1223  288 7997  175  866  478 2768 7963 8094 6005 1552 6525 5083 1782 1344 1859 5720 2746 6136 2902 1620
 6398  156 1792 3795 4687 3090 7578 1026 1828 5352 4734 1296 2416 8058  449 3640 4126 4113 7744 3651 7564 2850 4147 3730 5818  369 2357  458 7777 7047 5327 5272 4047 5631 6826 4642 1694 1992  360 5709 6227 1282 1273 5466 5748 3300  776 1929  397 7112 4124 6535 4132 1920 4444 5737 2977 8020 3736 3648 1692 7084 3964 3618 6932 3424 7598 4166 6169 5890 2460  812 5270  311 5805  192 2140 3274 4982 3463 2724 2580 7718 7332 4945 5428 5581 7195 2271 1196
 6557 2472 1218 6789 2301 6528 6240 3547 6134 7267 2714 4565 7114 3978 1030 7706 2952  494 1322  603 7120  292 1904 1731 7270 8072  504  887  238 3735 4372 4882 4898 6260 4611 4392 5452 3259 2742 3627 7411 7470 4866 3321 3165 7107 3731 7653 2814 1623 2330 1056 6137 1035 1036 5164 3050 5105 7542 5957 1794 7492 1513 1347 6148 7624  515 4805  675 2909 4604 4165 1910 4433 3479 2901 3053 3881 6851 6094 3484 5192 1520 5707 4014 1797 8024  562 5972 6728
 5414 1410 7310   67 1374 5218 2567 1461 3110 3903 2248 6915 5555  780 6475  114 2836 7812 2207 2828 1378 5304 3221 7675 1288  533 5848 5958  838 1412 1478 4090 3815 5479 5076 3996 5876 1264 6902 4419 7035 7325 2038 6067  272  207 2162 7323 5481 5725 1356 2326 7421 7845 2154 2843 7945 4893  814 5103  968 6622 3258 1335 4942 4909 8018 8097 1540 5359  501  233 3488 5902 6533 7202 3141  720 7677 3504 8060 3387 3255 6022  330 7577 2136 5731 7398 4911
 5604 7247 1379 5013 3021 1903  663 2796 5275 6860 2438 1312 1260 5903 5310 2521 8016 4137 6460 3166 3381 5278 3979 3948 3444 3797  138 2701 1101 2025 6388 6876 7066 1796 6699 2681 4539 1327 1979 7432 6420  317 6378   41 7210 5530 2933 2111 6284 6948  998 4449 1798 1831 5899  609 2471  628 7144 4162 4108 4667 3818 6133 6354 6911  253 5027 3324 3448 3576 2798 6108 7442 2217 6283 6862 3892 2644 5766  410 6013 5142 1844 5750 3462 3639 2753 6674 6207
 2155 8049 1521 5323 6442 5113 7220 1238  769  289 4012 7972 2667 6808 7475 1829 6012 3813 7900   73 6645 7413 6086 4853 7440 1309 1967 5540 6113 4336 2465 2150  190 2602 4394 2969 5300 7780 3598 6131 1766 7343 5478 2997 3734 6625 1337 6503 4750 7730 1975 3352 4159  534 3093 6919 6319 6404 6347 2318 3679  589 2242 1603 7476 6607 3606 1204 2811 3160 4792 4749  687   18  915 4008  510 4167 1923 3035 5773 6720 3224 5520  518 1744 5612 1598 5434 4977
 4230 7865 3990 2566 2036 5741 3214 2223 2431 4017 7130 3125 6064  991 5189 5295 1863 5420 7772 6413 6445 6901 1538 5032 4608 4191  215  738 6417  794 4074 4094 5012 7783 1265 5993 3548 4173  743 3109 6567 1611 2376 5916  664 5259 3223 3189 7560 3968  679  499 1240  982  384 4056  235 5965 6316 3662 6705 5917 3709 5148 4634 5997 6212 5267 4847 7774 7751 1763 2289 2452  733  189 4307 7046 6248 2135 6023 4153 1234 3250 4313 4594 5360 4174 5290 6432
 6341 2800 2525 4621 1139 4908 6158 6657 2531 3046 2419 4267 7043 3478 5719 5829  620 5653 4070  781  785 1458 2950 3301 2965 1023 8026 5621 6499 5799 5236  900 4645 3942 1436 1267  537 4927 4885 7856 2684 3654 5974 3958 6832 7655 5674 3280 5989 1928 2648  329 3582 7017 7416 3178 3082 7721 4587 3502 7290 7830 1515 1034 2715 3315 5152 3360 7790 6517 3100 3227 6863 7020 4272 1810  923 5945  271  529 7098  973 3364  828 5216 6308 7358 3085 1924 2560
 3190 8033 4233  806 2932 2314  990 1807 1885 7693 6415 4138  697 4482 6255 5676  627  457 2820 5486  418 5509 4328  509 8041 6510 4592  332 6617 4048 5462 5635 6314 1614 2050 5145 5735 5973 1136 3988 2408 6811 3304 2945 4381 6052 1739 3008  749 4833  707 1475 7115 2955 1973 6848 4206 5838 2970 3780 6096 6597 4030 2459 4811 5819 3066 2638 5937 5028 6434 5672  508 1157 3921 8077 6371 8039 1294 6655 4955 3428 4689 2649 1813 3726 5788 7198 2761 3940
  266 7838 1801 1772 6692 2350 3993 7923 1005 6320 7557 7396 4304 2563 7187 4316 4825  937 2978 3432 5099 1432 6696  565 1758 2951 7081 6751 2564 4172 6676 4198  109 4932 1051 3869  952  668  876 3569 7360 1883 1590 3146 2786 6529 3866 5397 4409 6323 4404  158 6151 5183 6831 2005 7182 3064 1752 5127 1078 6721 3710  472  688 2343 4060 4944 3030 2990 5240 7399 5596 6215 7741 7012 3713 3311 3998 7851 6194 1757 6929 3460 1659 3632 5014 4802 2826 3590
 4296 5776 2528 3890 2751 2091 4384 5000 4681 2024 3365 1592 2483 6563 6734 5041 6258 2736 1876 1289  841 1437 2862 6693 7244 5905 5519 4343 1279  408 6185 7987 4119 1935 7805 5019 7253 3306 6920 7392 6373 4762 6166 2773 3427 4435 6393 1613 4416 5092 1609 1550 5932 5346 1577 3169 5926  803 3636 6377 7359 4288 6746 2639 5072  507 2719 3370 6085 5132 6274  488 2094 5197 1390 7148 5369  652 1396 2300 1821 5461 6060 7925  670 3837 2795  888 4302 3376
 2994  524 4385 4714 2818 5574 2293 6438 3072 7820 2151 4676  617 5834 1818 2331 3340 2359 2799 4025 6389 7550 3260 2027 2770 7302 3032 4910 6155 7283 1548 2014 4079 4956 7434   65 4578 7394 6140 2148 5353 7209 4884 6007 3262 2700 2906 7104   15  904 7891 4393 1699 3949 4340 7670 1941 1316 6813 7602  466 7534 5976 1617 4868 7274  469 1657 7285 7988  477 2498 2940 7664 2851  439 1514 3475 5115  980 3531 4848 5924 6372 6334 1545 3751 1401 7665  513
 6611 6895 4707 2875 5810 4009  859 1160 1448 5284 4523 1308 6624 8076 4696 3273 3757 2495 2515 5050  231 2062  240 2709 7742 1733 2913 7758 5660 2436 6572  512 7078 5884 1564 2143 3920 1945 4033 7118 4005 6476 6515 4905 6337 2201 7085 3682 5465 2672  400 1151 2241 4310 1313 6870 7265 6868 5996 1529 3597  643 5779 7391 6165  528 6591 4991 7858 3508 1489 3919 2793 1029  636 7593 5985 7647 5887 4073 2265 8067 2432   35 1618 3821 5173 5757 1118 2643
   46 6840 1809 4045 3857 1898 7294 6467 3605 4819 4766 3272 7711 3969 6706 6091 7262 7306 4550  304 6243 3192 4397 6237 4149 3354  997 1519 5225 5585 6782  503 1270 3297 3899 3194 7638 6881 6107 2764 5203 3042  258 2167 6259 4917 6120 4210 7447 3915 3119 5505 4337 4690 3792 1777 2076  681 2876 3356 1246 2156 2568 2856 6330 5894 4429  758 5139 1198 4499 3208  610 4712 2784 4422 4395 5801 5333 6402 4434  945  396 4376 7071 3068  459 5318 6437 5704
  596 3204  889 7327 7021 1326 7141 4959 4875 3676 6962 3135 1884 2494 5935 5969 4378  977 7027 3417 7086 3375 5946 1048 5444 5918 4463 4257 4781   97 5576 7345 4258  752   85 2396 8095 4410 2691 5566 1152 5064 1155 3279 8004 1572 7451 3810 1038 8068 2434 3122  573 4581 3559 3398 2198 8091 4525 4150  865 1638 6904 4966 4219 3587 1937  682 5758 2254 3385 2415 6918 3458 1394 7888 6358 1230 1930  142 5927 6559 5651 3927 2766 7368 2181 4995 6626 6612
 2756 3217 7057 6296  802 7511 7308 3127 7603 5386 2487 4771 4666 6073 1701 2675 5119 2057 3999 7171 2539 4585 2980 3729 2316 7174 2855 3882 3650 5002 1302 1287  855 6112 7471 1915 4115 6208 1952 1685 2737 4170 5324  849 1049 7904 1112  591 7073 5871 1639 2142 3043 2908 7662 3482 5907 5561 3200 2121 6546 4454  827 7216 7725 1808 2454 3474 2558 4933  346 1985 6268 6153 6516 6543 3282 2687 1635 6018 1510 6922 5559 3226 7123 2555 1255 1580 6643 7003
 4217 1441 7609 2641 2329 7530 1415 2199 4617 3498 5204  695 6893 1096 7380  110 2713 6351 6757 2012 3747 5577 2017 8054 3521 6793 6075 1650 7316 7339  274 2723 5281 5860 1209 1765 4197 4984 1253 6042 3928 5921 1194 4212  886 3123 3663  966 5733 6825 3740 4803 5572 3727 6744 5724 6506 6203 5411 5056 2726 6576 2157 3153  935 2081 6581 6294 2070 7630  485 3003 3209 3733 6222 1503 1860 3923  861 1507 4086 7954 5098  520 3702 1009 3983 6843 5096 7424
 4559 6436 6886 4831 3161  606 5134 7395  653  629  568 1166 1568 2474 5340 7001 6701 6226 4796 5350 3225 6544 5879  438 5803 5316 5246 5598 1836 2235 1469 2827 7374 6232 4188 6765  448 3002 6852 1363 7295 4112 8035 3883 3143  635 1133  381 6411 1846 2863 1377 5429 1604 5623  104 6899 2134 7048 3557 1114 6971 7667  657 6269 3004 5215 2941 4881 4006 3600 4180 7312 3800 3257 7617 1300 1841  341 3022 6062 1343 4919 1902 7439 2447 3601 5547 6849 7809
 4903 3396 1918 3656 5641 7487 2385 4615 6102  454 7242 5038  926 2706  262 6867 7874 4214 5862 3907 1634 4388 6394 3673 1990 6162 6722 5118 3945  378 3896 6877  702 2735  563 5832 5982 5828 6507  500  567 3114 1585 3377 2899 6139 3776 2232 3911 3525 2777 6502 1053 6985 5392 2954  391 7402 4562 7726 4658 7022  185 1364 1528 7737 6074 3756 2968 2193 2967 5279 3206 6884 2311 4089 3371 7752 7255 1251 4940 7547 6252 2044 2509 3495 4223 2354 7121   60
  869 4936 1306 7245 4575 2309 2184 7676 4514 5190 3099 5795 4179 4801   86 2424 1751 1713 5858 1661 2646 3750 2129 2897 3222 1909 7984 1856 3768 2141 4865 5313 4293 6568 3333  732 5762 5110 2214 5195 5356 3172 1200 2533 5586 6192 7799 6498 6326 5743 4663 3476  103 3681 4007 5483  686 5839 3809 3430 3696 1000 1653 7986 1451 3538 7754 4353 6250 2975 5162 7038 4567 5143 6298 5410 3452 2961 4368 7164 5100 3803 2822 4383 6866 6143 6369 2903  481   16
  731 4983 4355 2382 4308   82 4820 3445    4 1398 7607 7803 7458 5986  539 2020 4774 5252 5137 7816 4763 2251  718 5174 5931 4273 1417 6775 2806 5616 1558 3545 3686 8032 2819 7991 6291  805 3759 2860 3932 5620 7631 6983 6080  374 7008 4780 3634 2957 4249 2440 1307 3657 3409    1 5331 2664 5154 7745 7088 3629 5222 5588  676 6426  779 2657 2917 4755 5668 4053 4323  902 6093 2891  547  992 3057 7767 7748 1090 4448 5451 4536 1129 6141 3832 3097 4117
 4907 2355 4675 3323 3844 3912 1088  978 8017 3483 4193 7580 6490 2284 6179 6486 1285 7281 1004 8025 7672 2988 1176 3974 6553 7446 1002 6897 3830 2056 3158 3957 8071 1168 7979 3453 7444 4779 1485 4527 1760 2363 3187   98 2722 5729  959  942 5777 1933 2102 5904 5007 2463 7832 5370 1644 5123 2116 7596 5251 4247 5783 4152  658 1068 1242 7625  460 4290 1711 7583 2144 6574 4778 6779 6950 5595  345 4926 3691 2953  843 2792 3494 2444 2661 6242 2000 7633
 1778 5022 2496 6195 3013 6016 7651 2219 1341 4453 3613 6450 2007 3555 7059 1666  757 1901 2066 2797 2004 3877 5442 5817 4569 1109 6538 7990 1383 6071 5487 1419  638 2174  908 3951 4573 1426 4255 6953 2870 3565 3061 7688 5404 1820   99 3814 2072 5178 2695 5811 7959 4058 6173 3309 4479 7905 1633 2686 2720 2986 5947 7117 3694 5122 3715 5699 3766 4921 6653 7350 5499 4224 4838 5685 3904 7094 1686 7326 5193  209 1508 2103 1999 1561 6306 7016 1942 5844
 5060 1103 5880 5298 5302 5232 4352  550 3578 6898 1149 6422 3283  954 3801 7896 4226 3170 2859 5423 7849 3501 4588 8073 7331 7512 2579 1882 6175 1804 3089  878 2287 2794 1453 6355 4344 1471 7423 1127 4457 6449 1360 7517 3741 2222 1586 6800 3202  244 1501 6057 5954 7947   90 4701 4374 8062   14 3596 1392 5399 1867 6265 5745 3846 1248 5459 2261  126 6199  407 4883 2817 5026 3667 2313 7319 5702  847 5422 1407 7731 1249 5395 4424 7448 7505 1074 5277
 3774 5503 6806 1505 3443 4954  941 3451 5683  740 6857 3027 2743 3503 7518 3425 6758 5354 6189  112  498 4852 6513 6662 3468 7869 3954 7857 2274 5717 5244 7571 3689 1083 5074 5867  264 2312  777    3 7964 1087 2084  842 2683 4953 6066 1702 3785 2059 6987 7533 4121 5507 2507 6011  463 1014 3218  633 6790 7363 4510  100 3344 6827 3167 4031 6385 4140 3096 2892 5224  259 1213 3982 3939 4321 2587 1599  222 7840 6571 3677 7906 5726 1957 7348 4925 7551
 3775 1481 7194 6969  590 1156 5029 1491  587 1171 6412 1047 3394 7437 3384 4123 2247  826  275 7460    7 6097 3197 1656 7983 3403 5692  128 2930 6251 3849 3889  647 6100 5088  910 5235 6026 7683 3585 7881 7652 7172 6927 6865 3162 6603 1870 4662 3345 6733 5081 5781  825 7238 3929 8053 1845 2929 6221 7136 6193 1421 2176 3332 1330 2529 5046 7415  963 4887 3278 6822 4199 2616 8085 6697  254 2749 2583 4196  739 2754 3811 7276 1631 2429 4640  217 5963
 1081 6455 7240 4843 1886 7045 4134 1108 3234 7168 1119 4133 3449 6665 6463  343 1203 5614 5915 7692 5044  283 7976 7581 1589  914 6352 1022 2572 5155 4228  281 1980 3247 1616 2391 3019 2400 5485   84 6368 5094 2890 5857 7235 3391 2510 6824 7390 3828 2353 2845 3739 4183 1239 2430 3845 7585 5349 1411  768 6106 7950 2759 7109 8005 1854 1675 3505 4902 4346 3339 5433 6363 3261 3720 2666  972 6493 3610 4300 2589 6778 1361 6123 4629 7483 2542 2669 4860
 4989 3931 2170 3626 7843 1138  918 3074  269 6027 6198 2146 4602 6769 4631 6984 5690 1097 4069 2740 7175 5233 6117  447  445   50 3000 5055 2462 2738 7839 4790 2690 3897 2960 6976 5006 4495 6282 2881 4218 7393 1311 6906 4620 4205 7975 1274 7732 1612 5553 4216 7853 4192 4972  708 2911  582  342 7575 4892  884 4698 7329 6159 3879 1693 6786  250 1949  387  295 1998 5159 3265 6061 4271 5328 2492 2593  854 7980 4024 4916  885 5458 4880 7586 4345 7650
 1233 5682 4002 4560 4380 2417 1571 1533 6231 2163 5988 6087 8089  202 2064 2275 7522 5011 6613 4016  413 7014   78 3408 4896 2394 4840 2527 5694 5421 5362 6562 7386 6381 4817  588 2137  672 4688  549  678 6592  873 7932 7124 7188 4821 6522 7582 3561 5157 7110 5677 5617 1888 5998 1591 4994 2537 7525 7608   34 7080 1153 4813 3603  298 4788 6740 4487 2369 4446 5124 7221 2229 1446 2052 2484  736 2244 4040 2769 1531 1420 2303 4445 5391 2388 7215 3655
 1522 7397 4913 1944  492 4420 3347  555 7204 5565 5826 6689 1575 5579 2106 5319 6648 7639 2101 2481 4266 7357 7552 4019 6941 6847 3079 1615  157 4428 3514 7924  151   58 5495 7566   95 7026 5208 4277 7468  164 3972 5227 6125 2407   36 7169 5582 5780 6819 4160 3570 7769 4528 4897 6121 1869  930 5873 4227 2627 2401 5531 5944 1187 7142 3511 1764 6690 1373  919 2900 6370 2694 4319 1045 4116 4769 1926 7266 2032 2188 2832  411 3411 2778 8023 2069  717
 6679 5980 7807 7687 6392 5792 2040 2702 4731  143 4109   21  831 6937  931 4542 7096 1199 1357 7968 3213 6560 4530 4238 4694 1262 5936 2504 4279 3421 2384 3936 6741 5749 6584 3133 1019 5476  746 4342  517 2732 4347 7146 3893 2604 3674  845 3536 5820 7549 2821 4671 7786  994 6896 3131 3497 7697 7573 1291 1393 7113 5955 4039 2348 4906 5102  879  351 7400 6505   22 4776 5419 2871  848 4864 6596 7937 1839 2635 5877 6474  541 1687 7018 2225  833 1381
 3098 7811 1824 6126 5990 4292 1201 4504 4526 2613 5274 5020 7288 3872 6616 4071 3493 2083 5426 7334 6802  804 1868 2304 2086 1730 5133  957 5345 4110 7234 7201  569 7305 2109  208 8044 4209 1368 6032  585 2406 2636 3367 6031 1492 3577 5180 5365 5271  234 7213 4362   42 7743 3336 3062 2573 7917 2467 1560  774 2717 2402 1688 2505 7205 6176 3966 1983 3705 5840 6127 3568 7335 1518 6267   26 2390 7866 1887 7948 2337 3405 2767 6218 5782 5440 4713 5691
 3284 3499 6034 8048  712 1217 3700 1716 2523 2480 4576 2974  932 4669 1046 6266 1800 6945 7678 2508 1216 3049 2262 5889  404 4460 3121  650 1060 6147 2227  255 6550 1018 8009 7502 4301 4237 6204 5861 7050 3867 7010 4823 5209 6641 1110  278 6845 4269 6241 1207 6424 4268 6608 5464 4727 1355 7414 2043 1452  753 4808 5504 6009 6366  318 7091 7681 5570 5913 5306 4398 6263  645  226 1301 6161 5153 5536 4423 4729 6234  656 4475 2279 7420 1482 2652 3859
 5412 6719 6184 2182 2534 7313 2550  423 7887 1257 5454 1003 3363 7054 1630 3935 6804 4306 2478 1662 2598 2319 5248 7041 1353 3807 1115 2302 6317 3831  728 4187    5 1626 3947 3549 6829 3777 5403  352 2830 4742 2543 7153 4360 4764 5723 7040 5642 7868 8092 3038 1890 7691 3442 4630 7558 7111 1120 5983 6731 4557 3305 3116 5219 2716 2249 3216  639 4096 3024 6930 6784 5710 2001 3612  502  671 5125 6452 1806 1852 7994 6390 6996 3296 3980 1024 3529 1319
 1970 5390 6610 3243 6118 1382 6051 4524 4065 7701 2623 8075 4118 2938 3584 1628 7992 1948 2536 6702 6582  514  216 6828 7555 7510 5793 2205 4251 6791 6527  313 5896 5962 2511 1648  690 6202 4436  115 6163 4127 4783 6229 5396 1875 5897 2117 2466 3579 5383  154 2375 7589  161  424 7185   28   96  762 8084 1696 2488 4490 1064 4182 7817 7152 7600 5185 7203 5453 7052 5554  927 1735  174 4431 6397  912 5746 3516  566 6801 2333 1084 4405 2885 1297 7784
 3105 2805 2608 4889 4561 4607 5406 4401  159 6954 1555 7733  210 6749 3772 2295 2114 3184 4741 2349 2323 6989 5804 7781 2041 2607 5721 6276 4341 6990 6652 3583 3835 1111  696 5516 7993 1652 1535 4057 3362 6726 7197 2625 3716 7762 6328 7239 3086 7184 4673 4517  116 4465 7775 1894 7590 7419 3953 1562 5696 4534 7814 3717 7422 3070 2783    2 3067 5223 1704 3540 2685 6070 2379  631 2226 5003 1889 2018 2398 7977 2445 4772  882  471 3975 2213 1477 5573
 7507 1738 6585 6253 1499 7953 3378 7771 6931 7656 4974 3624 1465 1676 7139 4577 7753  220  139  421 1977 2345 1981 3905 3544 7657 4443 5039 3934 2647 1996 2372 7303 4072 2557 4929 5163 5126 6575 4107 4473 2234 6736 2992  903 4054 2642 4858 1697 7259 1428 3645 6661 5114 5995 7698 5613 4555 2374 6430 3180 3101 3054 2887  634 7640 4624  874 5010 8088 5287 1117 7949  530 1298 1008 6325 4480 3824 3718 3500 1145 1556  905 1715 5347 3207 5255 6762 2233
 4533 1536 6279 1283 6807 7376 6305   56 3517 1774 2047 1916 3104 4635 6219 5833  491 5909  368 7443 7867 2584 7058 3752  118 4760 3491 7634 3026  987 6672 4049 3307 3298 7028 4661 1359 4154 5583 1010 6069 7053 5149  426 1526 2907 4739 5636  182 4506  239  337 4699 1140 4083 2788 7847 7506 2078 2031 3955 3925 7372 2189 4003 5549 2178 3191 3950 4981 1406 2124 4915 7102 6037 4584 4440 8080 4139 4314 5852 7766 5518 2739 2291 6935  293 7872 5108  967
 1972 4670 1826 5942 1135 7196 7644 3669 4660 6542 5339 2934 5317 1643 5131 1905 7193 7824 6958  436 7128 3441 5065 3607 3455 4035 2087 7412 6615 5289  108 3276 2650 7837  353 2272 2286 3522  531 1258 4253 1743 8087 6178 5202  709 4356  723 5175 4735 1780 4364  819  630  155  800 6750 3028  993 1787 3359 3112 4507 5675 1554  772 7764 3608 6186 7056 4826  795 3335 1511 7092 7859 6083 6569 2065 4623 7011 3248 1054 7366 6997 5506 6756 1971 7520 4335
 6076 1121 1329 6098 5512 4544 1811 5600 7704 1418 2645 5939 6103 3769 2315 7286 3401  840 1380 6383  648 6504 6803 6386 4052 4041 4103 1851 1541 7108  798 5629 1362 2679  350 3052 1674 7899 2920 7965 2971 3007 5567 7228 7800 3241 7131 8002 2518 2651 1144 4878 5389 2243 1227 2834 3534 4028 6888 6457 3313 2414  604 5738 5864 7540 3480 7431 6556 7083 7481  470 3908 4549 1785 2923 2110 3798 3799 5541 7724 1055 1551 1271 6339 2849 1245 1873 3404 3470
 4363 1745 2803 4141 3806  214 2837 5265 6055 3623 7553 1714 4202 7321 1126 5455 4786 5165  363 1093 4061 4845 2624 4246 3560 2216 1925 7532 2561 8093 7034 2936 5560 2878 4250 4574 5752 3171 1718 1370  706 5188 7159 6239 3395 6006 6724  382 3571 3426  511 7610 7622 1532 7297 6146 7138 3299 2846 6671  388 5078 7478  153 4725 6145 3770 7792 2339  767 7186 3389 4842  203 4488 4759 6810 3551 3011 5357 1181 3989 4548 1913 3492 3633 6129 4067 4988  370
 8008 3400 4552 6361 5994 2297 1549 2865 5564 6934  920 2877 3406 4232 1932 5849 5784  729 8090 2588 2522 4828 6168  759 2450 5112  219 6709 5655 5116 3326  432 4327 4874  120 2332   69   83 7508 1987 5882 6280 4700 5700 6376 1340 6526  169 7669 4556  300 2758 4516 4468 8096 4261 2046  575 6049 2886 2320 7438   94 3195 4252 4656 7463 8014  829 5109  995 5286  162 6309 2958 7523 3683 7788 4194 6952 4102 4377 5186 4684 5402 7995 4541 2397 2246  715
 1570 3252 7890 6180 7889 7776 3594  358 2361 2324 5210 6913 2491  474 1254 2096 5146  170 5797 7257 3343 6433  655 3397  730 5211 4680 6742 7663 4639 1386 3819 1596 1900 4484 3588 3431 3185 7562  200 6335 2553 6435 3685 5033 2966 3602 4367 7315 3080 6872  348 2410 5822 7619 6511 6144 6111 6727 2839 6262  677 2728 5172 5693 1310 5095 3231 7231  176 6994 1365 2305 5865 5679 1968 2861 1447 1449 7903 2346 3106 1028 3490 2310 2747 4941 7821 7694 2231
 4349 5845 5808 2763 1775  405 5494 5650 7362  820 5824 1891 2130  124 6947  403 5427 5605 6647 5925 2016 2422 6885 3383 2731 7982 7635 7072 4958 7076 3884 1569 4270 6508 5550 3518 7160 6213 5538 7804 6812 1964 2449 5051 3182  487 1866  593  766 5950 5375 8098  149 3764 2678 4971 6313  480 4334 3267 6752 4087 7486 5069 2071 2240 2544 7346 4904 5730 3464 2200  213 1690 2688 2327 4114 5393 1193 2373 1879 2995 6514 3520 3637 1085 2090 2499 4730 7795
 6982 1543 4872 2208 1601 1082 2922 2383 5603 2570 6631 4294 5814 1684 1044  835 2035 4373 3136 5077 6795 2503 1819 5438 1371 7584 5200 3616 5405 7970 5971 2889 7739  101 2049 6041  787 7180 7007 7757 3628 1988 6714 5539 4291 6519 4736 6187 4120 2894 1786 3959 2840 2237 6254  287 4505 1315 6577 1853 2927 3900 5831 7055 6580 1268 5384  698 7469 1823  553 6916 7521 1429 5634 5424 2925 2212 4050 5254 3509 7100 4111 7627 2453  385 6959   63 4799 2546
  172  464 7477  467 5728 4598 2456 5381 2486 7597 7686 4697 2054  699 6805 2677   25 5619 7943 5141  581 7256 7791 6494 3542 1566 4066 1197 4142 1956 4996 2782 3071 6482 1767 3477 6135 1784 6047 7831  277 3048 4329 3399 5785 6053 4101 2268 4522 4756 8019 7796 5492 3337 6554 2708  433 1997 1228 3084 1464 6871 2093 6228 5054  284 1740 3841  372 5643 6936 4643  344 7375 8043 6887  442  808 6858 1212 6211  415 6414 7170 5047 6072 3530  661 2872 6694
 3373 7190 3369 6089 3871  386 5337 6745 1582 5097 6578 6743 2500 1272 1857 5066 6797 3481 1143 4080 8057 6629 3937 4043 6639 1946 6353 2098 2615 6360 7710 6332 4655  107 4036 1107 7347 2924 2257 2659 1576 3804  974 1338  199 5217 2118 1472 4105 6834 2037  542 4287  326 4705 6425  891 7479 2946 5816 4863  976 6781 6244 7572 2126 6191 3773 1039 5061 2882 4814 7587  666 6864 1167 7490 5534  497 1737 4538 3469 7250 5568 2937 6943 1667 3023 6470 5358
 7278 4189 7567 5314 5450 7165 6704 1169 4062 1732 4088 4702 1387 7628 7382 5253 6318 6999 4284 1154 3183 3615 1292 4098 2656 5744 5004 4379  975 5120  944 4158 7797 4455 5079 1497 7024 3909 4877 4990 7407  924 5794 2256 1372 7181 2127 1893 1318 5456 1162  558  165 5502 1184  166 3620 1581 1480 1189 7848 1773 4412 5470 6362 1762 2404 3415 5835 1534 2596 4641 5025  943 2663 6900 3466 3668 7601 3179  419 6177 4580 4358 6753 6619 6217 3984 7061 3924
 6092 2334 3129 6903 3219 5727 8065 3707 3031 7099 1190 5207 1629  864 5291 4095  339 1467 2630  456 2112 7093 3808 7311 3288  821   81 4369 1802  839 2177 2973 4873 5166  152 5695 2693 5238 1071 4827 3706 7806 7254 6823 6021 7895 8011 4800 3574 4531 2281 2601 2866 5517 3120 5756 5128 6630 5552 3422 4830 5273 7671 6292 6739  600 5821 5587 5812  745 5457 3758 4794 4987 1403 2009 1610 6960  816 3439 5806 6890 5261  168 3864 5467 4240  312 2446 3331
 7746 2804 2273 4888 4855 7269 6329 2347  899 6768 8074  611 2972 5231 5769 1098 3148 5537 7060 4758 4609 5228 5067 1422 6656 7723 4022 3334 4540 6236 3840 2591 3567 5938  953 4046  229 6951 3737 3039 3287 7493  334 1142 4679 7778   20 2230 4509 1911 2095 1431 1799 1476 3754 2943 6019 2055 4618 6658 7935 6609 7133 5813 6281 4692 2552  660 7336  867 4472 2122  673 2704 2918 3926 6712 3188 5182 2605 2259 2668 4914 1070   53 7189 6666 7674 4135 3142
 1525  892  325 3186 7768 3447 3699 3812  191 6399 2277 1275 6956 4130 2336 6855 3861 5035 4934 7466 5807 4836 2166 2692  496 6684 6375 1174 1776  446  916 2475 7473 5091 1729 6891 5658 6715 7126 2575 4354 2771 5532 4784 7623 3249 5535 5015 4231 2255 3550 4459 6773 1678 5194 3672 5266 1442 2010 3787 4703 2393  623 1848 3782  401 7734 1833 1445 5665  983 3842 3145 5930 4128 6570 7545 5841 3420   47 6045 2378 3701 6859 5590 7615 5928 6540 2236 7125
 7322  265 3833 1912 7716 5715 4985 7944 7703 2526 3088 6700   52 2538 1175 7936 5330 1976 6036 5169  333 4092 2497 5475  245 4297 2618 6979 2147 4650   93 7614 2203 5943 6391 3670   72 1993 6809 2105 2335  934 2682 5378 7137 6518 6500 6149 2710 1468 5637 4274 7789 5533 6465 1099 2245  399 7006  961 2842 6419 1645 7324 6152 7192 6068 5121 7134 2640 2689 4471 7103 5332 3132 3111 4029 3829 6196 5789 2457 3876  256 3044 5221 1280 3181   88 2559  999
 4993 5496 5843 1636 2068 4427 2306 7660 5376 6664 1790 7151 5626 2023 8052 5198  355 4051 5521 7576 5034 1683 2576 2620 6678  282 5608 6115 4185  394 5901 2985 4570 7974 2517 7515 6854 2276 3783  751 2441 7958 8051 7728 2864 1286 3128  925 2104 7361 3392 4263 7813 4767 1625 7154  705 5380 3678  285 2175 3526 2516 3930 8013 7025 4773 1460  367 4519 3075  817 7004 1837 4899 5303 7818 5705  929 1524 1484   27 1761 6747  989 7341   62  377 3973 7548
 5760 7497 4757 1395 5875 1959 4000 7966 6880 7489  622 2621 2741 3292 5031 3852 1113 3826 5237 1695 7263 3438 5630 5334 4571 1072 3724 1908 4220 1496 3684 4259 3523 5906 6403 1013 3037 2325 7383 4190 3058 6440 5040 6453 4013 4245 2458 4854 6595 1182 8029 5575  475 2983 6787 1825 3704 1043  857 7863 6311  251 7279  371 2617 4208 6235 5892 2893 3962 6717 5488 6835 5049 4564 3977 6154 4738  323 2180 5778 2308 3771 2365 1220 1710 2755 2993 6090 2045
 5437 4879 7485  694 6917 1783 2869 7513 3251 7537 6010 6343  171 1788 1450 6565   49 4935 1517 3087 7166 4912 1843 6275  791 4350 3592 8007  626 2696 1128 4093 4718 6623 3970 5212 2982 4886 5851 7075 4869 5320 6271 4754 6541 2781  895 4469 5129  799 3688 6668 5443  621 5160 4295 5628 4939 6520 8038 3532   76 5307 7885   70 3264 4176 5825  349 7999 5472 3856 2381 2535 3293  331 6272 3946 7719  557 4532 2073 3887 4704  936  141 3436 6020 1473 2594
   13 6995 4789  290  913 2211 2464 3695 1293 2477 6379    9 7893 5135 5732 2371 6340  136 3698 7162  123 4693 7122 7641 6566 4474 2565 5953 1622  883 6821 6384 6043 7307  607 4222 4812 1871 5698 7955 4421 5449 6846 5308 1670 3350 5436 1960 5768 4798 5888  662  373  173 4097 3646 1815 7898 4992 1020 3976 2033 2482 5680  486 1966 7140 1822 1756 1842 7920 6633 4447 6401 7241 3858 6441 7462 3083 3680 7127 1544 5431 5774 5184 6523  754 1878 2655 2399
 6331 1299 3816 5446 5299 2075 2765 5288  863 4568 2342 4348 5977 7333 5649  414  319 4867 5058 5664 4612 6663 6993 1122 7273  778 1102 2729 6495 4606 5268 3725 6209  113 5057 7561 4596 4626 6338 7735 1397 6014   48  247  525 3862 6634 7878 2939 5296 5297 7191 4716 7237 1640 3860  577 6853  680 2707 7504 4691 4021   71 5151 7927 5736 5711 3541 3719  556 2586  428 3789 1076  198 3410 4851 3825  302 1367 4785 4841 5363 4711 6008  684 5528 7403 5842
 5625  178 4677 2288  773 6081 3753  183 6030 7495  307 1606 6201 5371 2748 5671 7309 5283 4077 5181 6874 7998 2772 4952 1742 2021 6088 1724 6883 4452 7435 4494 6638 6171 4370 7272 2673 5245 4200 5373  362 1266 3015 2520 1146 2779 6785 7782 1170 2847 4973  286 4396 2322  559 1346 1001  971 2757 4593 3765 6447 5713 2628 6322 5722 1874 3308 2711  137 7563 5609 3599 4638 4225 1880 2653 6590 3622 6620 1947 7251 2169 7740 7519 2853 6033 3320 5150 1847