    5 2391 1817 1157 1398  705 5786 3066 5121 7809 6725 7599 1354  971 2852 8062 4456 2286 7079 8153 5054 3032 3965  441   84 3495 4525 5383  922 1067 4361 1283 3910 6131 5259 7332 5501 4718 1279 5194 1743 3802 7280 3662  883 2279 1725 4440  877 6603 5074 6720 2861 5086 7489 5271 6678 1727 5023 7756 2066 8256 3511 3437 4353 5528 7464 7472 5239  146 5530 5796 4578 1253  994 1086 4061 7295 8214 4184 5987 4947 1572 6533 2915 2762  616 5804 7976 3376 5173
 6044 3527 1631 5468  507  273 2448 1081 4898  213 2997 5944 6961 7111 3289 4581 8234 3976 3204 7675 2399 5761 6480  647 1584 1683 1130 7722 6567  321 5472 2867 2335 3887 6929 5328  410 1763 7232 4626  920 8195 2374 3365 4221 6105 1754   52 5715 3461  701 4576 5866 5992 7024 7521 6558 1667 6899 4775 3374  513 5519 1112 6564 7215 7901 4990 5029 1285 8033 6611 6470 7316 3060  328  798 2623 5565 4080 4307 2124 4958 6383 2591 2113 6281 6859 3829 5507  547
 4453 7735  203 7652 1599 3355 1811 2298 6679 4789 3249 4589 7956 5088 1704 4610 6245   42 7002 1057 5870  261 3171 8137 7050 3778 5935 4070 1713 1682 3839 3297 6813 5947 2843  504  338 3190 5651 6441  700 5553 7793 6722 5878 3576 5099 1554 2366 4370 7703 3323 4527 6606 2726 2603 7625 2276  378 6329 2692 4609 7088 5123  364 7942 6132 1912   35 7559 7342 1085 4878 4544 1287  431 1479 7469 6988 6960 3441 4662 5180 1866  356 2449 7957  842 7606 1320 4880
 2739   13 7578 1218 5911 7214   30 2644 1286 6912  990 1806 2228 2996 2120  923 1323 5891 4036 3279 7190 2033 1124 4742 5112 5398  183 3589  736 7182 7647 1225 4057 2562 3692 4772 6818 3833 1697 5753 3542 3468 6352 2524 5932 5397 6666 4051 2665 5734 1944 5588 3935 2612 4983 7757  247 2453 5953 7623 5831 5737 2100 6626 6886 7810 8159 6495  352 4871 6093  879  741 3274 3156 7769 6346 7959 1908 6620 3962 4247 3805 1860 2859 4319 1148 5373 7471 6351 5916
 5323  464  322 3803 2673 2763 3160 6368 3248 2571  277 7351  841 2691 5218 7894 5881 4261 1807 6258 3649 7676 7299 1710 7724 5375 3610 4501 3939 1921 4716 7086  631 2019  475 4895 2785  141 4979   51 3791 6692 6978 8049  383 3194  379 8036  928 4702  287 2316 5313 2264  455 1356  217 3016 8096 4177 3977 6076 5139 3866 2810 7705 1243 8130 7638 1600 7440 2362 7927 7696 7063 5943 2813 1536 4081 5709 7889 7664  890 2991 6005 8281 5853 7070  628 2006 7815
 1957 1786 7560 3000 7302 5655 6608 6694 7910 6389 1401  652 6075 1530 5487 6982 6770 7509 5729  748 3929 3141 6457 4289  951 1493 8080  818 8101 7077 3609 4200  884 6014 6207 2596 6043 1833 4927 6197  770 3303 4439 6121  648 2177 5148 2981 6985 7635 3336 5040 5985 4724 1268 4091 7994 4786 2764 4355 4432 4360 8163  744 1186 3448 3838 6619 3098 4336 4486 3119 2204 2211 2919 5600  997 6741  690 2480  126  473 6577 3919 2622 1387 4864 3675 5084 5085 2208
 3445  790 7487 7483  411 3334 3027 3464 7328 2247 6474 1771 5348  988 6097  622 4690 7465 3145 4847   48 1484 7492 2519 2384 4074 6525 7225 7511 6695 8135  671  659  588 7456 2259 7112 1612 4107 3770 6340 7278 6866  131 7042 1296 7239 3363 6336 2851 5327  910 6240 3450 1800 6930 5626 3942 6579  808  405 7595 8110  505 1107 5592 3820 6471 1241 7617  911 3470 3117 5914 1495 7806 4151 1841 3327 7339 7231 6624  772 6747 1680 4458 3850 7037  459 2653  343
 2989 5757  897 1161 5267 7708 5343 6749 8069 4953 1200 4604 4190 7437 8005 3361 7238 1617 3328 3638 3422 3035 2014 2756 2803 2450 8218 7436 7643 5032 5183  216 4930 3356 5412 5771 4409 2649 1523 5097 2225 7447 4278 8209  723  995 5994 5658 1454 3043 1008  152 4298 3865 6209 2791 4114 1566 6853 3253 6548  766 3280 7250 3728 2950 4059 5260 2984 3613 1389 5817 7637 4023 3261 2854 4473 2533 5725 3022 1203 2641 6154 3331 4026 2925 5060 1634 7119 6785 3780
 2481 7694  784  809  969 7423  387  283 4087 8225 3093 7993 1512 7100  371 2700  264 2587 7438 6251 5227 8116 3745 4476 5167 2167 1779 5059 2705 7334 2830  965 6659  138 4745  646 1961 3586 5315  708 5906 4814 7372 2158 7651  871 2896 4774 2042 7773 5661 4372 6774 5017 2822 5177  678 1505 6017 8019 6667  675 4377 5217  750 6114 4148 1978 4431 4566 6883 3703 4246 4659 8279 7333 7255 8089  173 5619 7315 4607 2354  340 7924  590  323 5209 3389 6540 5000
 8104 3493 7162 2518 1764 1890 2001 1880  486 6689 4764 2148 8016 7716 1568 2125 6702  629 6059 5962 1930 8173 5132 5136 4615 5426 2581 8258 2916 5439 4799 7712 5927 8187 4921 4046 1830 1333 1994  477  108 1711 6919 1886 1259 2839  909  982 2868 4638 4174 5681 3275 3769 6750 1272 6125 7707 6913 4598 7138 4701 3122 3388 8165 2491 1687 4255 7237 3947 5902 4874 3812 7820  527 6933 6861  276 7349 1228  983 4219  546 3682 8118 7455 2899   36 4191 1478 4620
 7167 3539 7184 3566 8185 7341 6478 5235 1956 5909 1297 4846 6429 2224  155 1934 5782 3308 3757 2216 4339 5107 6083 7242 4179 5712 2373 3600 3798 2005 4739 7175 3472 4833 1014 6846 2409 1146 6545 2472  572 5118 3265 5521 6088 6084 5425  197 4523 3529  954 3751 2122 1244 3578  399 1349 1657   91  114 8084 7458 2083 5980 1205 5419 1022 6061 1101 7783 6239 6841 7987 6120  956 3681 6173 7107 2645 1136 6617 7198 3894  171 5228 3102 6193 3967 4161 6087 5954
 2610  254 3007 1927 6165 1449 5797 1226  449 7093 1611 5836 6704 3914 7704 2740 4663 7196 3121 6645 6080 6063 3168 3382 7854 3379 7615 5972 5330 5310 3713 2549 2532 4528 4513 3821 1338 3855 4757 4655 1542   94  347 6430 6998 6905 7601  161 1041 5834 1463 1918 6033 2969 5885  558 2040 6969 6170 8166 6732 4451 1632  717 5392 7186  916 4870 5951 2378 5165 2708 6636  830 1021 2061  286 8164 2710 7528 5547 6325 4723 7391 2820 4989 1288 2538 1758 4333 8136
  878 7688 2902 3100  974 7205  246 2970 7503 5319 3871 3858 1129 5277 4765 7320 5783 3353 7289 5186 6504 2078 6031 7813 1973 2531 6506 5660 1785 3381 1874 4595 7668 5443 4599 6072 1864   81 1622 3607 6378 6797 5160 2034 5815 2576 3725 8220 7847 2855   85  238 6650 8125 2465 8216 1945 7151  318 1204 7577 5673 5033 5522 8150 2176 1909 2280 2161 1227 3067 2476 4105 7979 5356 5636 1461 4494 2853 4766 3836 3075 5920 5336 1819 5145 1706 2831   53 6243  859
 5482 3847 4371 2281 2629 3733 1133 6669 2353 4165 5083 5452 6746 5137 7090 4446 4747 5628 1993 2198 2638 1082 3786  502 2754 7007  481 8107  810 5573 4524 6904 6050 4806 3059  975  389 5441 3090 1172 6804 2892 2297 6529 5989 6355 2253 7853 1001 1629 2759 1019 5062  158 4154 6664 6733 4914 8224 7610 2913 3065 6006 7130 6854   56 7802 7814 7865 6407 4025 5520  886 3766 3134 3467 7129 7330  774 1741  981 4932 5213 3246 6077 2880 8064  763 1003 1859 2897
 5845 5532 6428 5354 6349  209 3597 6316 2330 5559 7729    7 4875 2773 2396 8241 3433 1638   14 2115  932 5933 4201 3244 7097 7021 2715 1345 1292 3658 3697 4460   25 5882 4037 3640 7933 7935 4587 7803 6855 3995 1681  737 5233 6467 3231 3902 4067 1955 6265 3693  466 8169 1206 3593 6742 6575 1168 3023 5822 7428 7058 4855 4934 1974 6064  176 3626 3063 5311 6191 2699 1214 4999 3599 2359 1797 6791 3041 2647 4099 7581 1654 5070 6377 6046 7245 1407 2199 2305
 1121 1273 1098 7569 6304 3775 7297 4098 2986  179 2016 6680 7147   59  140 6115  472 7187 1489 4562 5543 7918  836 6052 5762 4272 5988 4533  169  728 6486 4401 5711 6829 6972  620 7413  643 3891 6272 6442  674 5595 5340 1115   40 6798 2327 2736 7367 4421 2388 4226 5147 3810 1545   44 6288 4412 3685 5476 1625 1134 3001 8114 7246 1997 5612 7632 4885 4577 6877 1182 2878 7520 3890 6278 7669 3627 7311 1458 4140 6610 4172 4650 5027 5286 2872 2772 1524 2783
 7930 4730 5142  462 1260 1531 6000 7426 6300 4863 6753 5606 4959 2331 6776 1369 1759 2454   31 5859 1644 7541 8122 5513 7051 5484  271 1894 4865 2870 2863 3690 3360  195 1084 5002 6308 4903 3058 7308  175 5421 5785  726 3106 4322 5993 5975 4133  336 5174 5355 4617 3863 8151 4625  800 6275 6562 1670 6375 3219 2856 2797 1434 3975 3427 5684 2430 6212 1374 4831  967  896 5119 5388 4032 2959 5537 1942 2994 5149 5716 6598 7831 3951 2347 2188 4643 8002 6327
 1089 5835 3570 2833 6244 4214 8010 2325 6032 7864 6287 3281 6777 5124 1365 4007 6016 3521 6863 4813 6939  199 8120 3936 8108 6677 3635 5151 1897 2975 2901 4413 6147 2437 2358 4039 7790 3581 1925 5647 3507 4611 4075  253 6400 5461 4697 4612 3788  258 8198 3165 1635 2513  745 2262 2229 2864 6330 1589 4782 5255 1447 3874 2818 1033  632 2401 7660 1324 3971  645 4488 4892 6552 3252 1036 3781 7531 7244  706 7253 7212 2508 5130  419 5353 7461 3033 7666 1335
 4872 6847 7056 4994 3302 7108 3358 5042 2693 7114  334 3806 3953 3054 7387 6827 6510 2624 1155 2190 2252  103  298 2318 4938 5678 8268 3183 4876 1246 2458 3822 7304 6958 5541 5031 2474 3870 6880 4040 2186  578 7006 3639 2836 5222 1266 2169 2326 2121 4496 6949 2390 6260  655 7220 7525 4475  156 4996 1291 5934 4879 2613 7989 1460 6164 2712 2371 4043 4274 5377 5318 1714 2185 1342 7583 5997 2179 7827 3502 3061 7085  297  190 6964 7468 4622 4554 8004 1597
  875 2134 7582 3869 1106 3988 2564 1848 1007 1746 8212 7633 7031 1052  130 6398 3344 2837 6488 4795 8127 4455 1766 2992 4169 7972 7592 2607 3616 4144 1000 5738 3892 1224  222 4293 3997 7101  236 8250 6152 6366 2953 5991 5095 3456 3095 6298 3546  164 7792 1433 6146 5034 6320 1660 6542  516 7862 3056 6721 5349 5680  115 3026 1849 4550 2565 6456 1933 6596 5193 6463 3940 2601 4695 2676 4836 1213 7095 7742 7619 4236 3024 2788 4997 3659 4103 7247    4  351
 3293 7478  715 4160 6215 3827 7736 4054 5666 2707 5326 3123  408 7380 6557 5594 3648 2690 2023 1898 5702  695 6651 2350 1092 3218 7132 3535 3118  165 8222 2834  668   33 7698  568 3236 4572 7711 3557 4619 3937 1581 3723  742 3606 2849 5648 5939 5690 5234 1497 7900 7116 3015  906 7010 7825 5153 1165 3176 7109 1765 8231 1515 7230 5102 7159 2795 3528 1445  267  447 3357  660 5449 7947 1160 5402 4183 8100 3317 3928 6565 3298 8045 2051 2885 6688 6710 4907
  699   89 3585 7221 2147 1188 8251 5627 5958 3233 1395 7600 1372 2294  850 6974 2249 2273 4207 5289 3513 4474 4603 7266 1358 5005 1590 1451 4629 2346 5960 2605 2648 6277 3412 6643 7904 4218 5111 2466 2579 4466 7098 2387 7287 8219 2555 1502 5405 3294 2345 4506 5921 5416 6945 7510 4390 4978 5509 1999 7662 2196 3533 8152 5444  157 4651 7091  134 4347 8076 4809 4454 5667 7653 2666  617 3653 4727 2482 1453 4568  137 2295 6947 5065 2473 7075 2411 2794 3151
 3069 3152   65 3097 7931 1658 6672 6531 3906 7565 4116 8191  611 8092 2706 7156 7269  511 6038 1911  574 1210 2731 2697 3128 1730 3169  384  638 1485  691 5659 5269 3239 5133 3008 1140 2243 1592 6980 4688 5930 2650 6332 6991 3222 7621 6314 7968 4136 3150 5169 5408 3930  710 6638 2735 5041 6616 3398 4228 2635 1180 7233 6382 5400 1254 1211 6646 4442 2675 6794 3830 4729 5913 2407 4049 2451 4608 7775 6902 3605 3088 3099 7663 1776 3750 6657 4591  935 7329
  828  921 4825 5101 7573 6658 1477 3676 5842 6472 4722 6483  936 6092 4995 8060 3740   26 4396 1263 1413 2392 4805 6122 3796 1050 7709 3326 2240  257 2865  407 7485 2181  370 5220 4785 8259 3436 7283 3350 7360 6462 6015 7441 4233  278 7661 6178 6385 6458 1773 4510 1105 4512  832 2082 6521 1850 3037 2738 2461 4366  824 4308 6527 7358 1208 1462  807 6819  972 2300   46 2475 5022 1313 7740 4313 8215 1947 6759 8121 8139 8077 7025 3135 2293 3602 5284 3645
 7603 7791 1998 5582 7530 4816 5249 4258 5502  900 4141 2600 1782 8263 4164 2275  817 1883 8031 2905  119 7758 5772 6211 1980 4220   66 4734 5818 5747 1233 6959 3260 5862 8200 2542 4060 4948 6294 7203 1851 1307 2088 2949 2477  740 8227 4830 3763 4532 5368 5718 1923 8145 3818 2303 6284 4939 6259 4123 5503 6544 2511 2201 5668 4034 1602 6345 2593 3348   11 2982 5089 6225 5187  109 3452 2436 4055 2780 1397 8040  263 7846 2336 3591 2543  191 7125 3984 4120
 7575 4781 6109 7497 2824 6709 2784 5526 3257 7258 2030 1870 6311 6512 1906 7420 6026 2463 6029 2578  167 4027 3029 6875 8146  662 5391 2341 6461 3884 3083 2592 5689 6238 6824 4487 6874 5642 7508 2117 5609 5946 8254 2056 6326 7907 5731 1414 8123 4683 1326 4935  575 1795 6423 5459 5364 1861  170  892 3852 1468 5273 2157  805 3667 1661 2133 1109 3623  314 2119  633 3085  208 7648 7997 4345 3163 2496 7657 1321 2548 6144  684 5135 5378 2435 6843 6040  539
  391 2452 2098 5258 5512 1537 6490 1432 7490 3195 5015  232 4349 1813  279 4069 3342 8160 5759 6318 4630 2110 5585  313 6269 4030 6955  404  250  667 3514 4583 8189 3819  194 3695 8176  101 6459 7849 1875 3423  514 7507 7213 5428  294 2238 4606 2939  116 7548 3666 1412 7361 1729 6921 7807 2656 3359 5986 5516 7157 1249 1194 7913 8199 5719 5014 4883 6226 5580 4728  987 6968 3345 1633  694 4559 3490 7022 4327  393 2447 3559 2514 6434 6013 7640 7982 5865
 4980 5724 6543 2848 6074 3264  450 1435 7256  385 4794 4511  256 8083 6757 7180 5018 2568 2626 7019 4861 5312 2370 3312 2156  423 7293 6604 1605 1570 2778 6771 8245 5219 2084 4929 1750 7718  233 8280 7782 4408 6882 5451 2027  600 7235 5179 3017 2965 1649 1580 6586 1384  438 4890 1312 4982  129 5928 5523 3202 5458 3469 7407  838 8088 4970 4768 7673 3876 3743  758 7706 7752 2152  598 3226  861 1499  458 7442 3124 8206 2301 2400 5864 7354 1368 3749 5290
  128 4325 6129 1627  991  949 5741 7020 6248 2047 6708 7863 5172 6023 3800 1238 5264 4881   64  918 6317  722 4547 5424 6053 2678  760 4684 1442 1090 4580  342 5590 5905 7852 3908  985  563 7627 6163 1138   67 5544 3132 8001 7926 3760 2956 1450 4645 7555 2805 8143 7137 2695 3741 4748 1344 7355 6390 5456 7550 6868 6263 4012 7596 2535 1095 3543 1551 3251  847 5894  630 5414 7962 2232 3916 5346 3224 2227 7163 4110  192 3735 6769 5073 1197 7800 3238 5242
 5120 6712 6872  392 5283 6051 5750 5498 2962  127 6941 2979 5020  252 1126 1429 6280 5417 4877 5855 4649 2980 2551 2403 2012 2241 4499  895 7547 2319 4642 1668 8009 2184  406 8239 7967 2151 4434 2191 1809 2073 4824 5827 3841 6081 3324 3071 6649 4241 1421 6831 4280 1914 1855 2973  615 1869 3621 4237 6331 5924  535 3347 5630 6227 7839 8051 2625  754 3465 7011 5601 1492 2602 1701 1511 3867 1669 5632 7254 7048 5291 2924 2357 7222 7319 7597 5306 6501 5912
 4143 5477  692 6384 2557 4755 2660 5309 1373  123 6149 5080 4648 3761 6166 1173 3149 3496 6475 2512 4035 2875 6898 4839 5527 3203 6707 2761 1507 8196  908 7585 2468 3409 7586 1251 2431 4388 5091 3704 4520 4705 1108 3186 3267 3949 4943 3717 7674 5251 7435  619 5705  100 8099 5895  525 4029  621 7052 1132 1065 5157 3921   99  469 7879 6279 7923 6690 7003 5670 3541 8158 6019 4848 7494 4826 7883 4671 2552 3315 2492  729  268 5966 4778 4657 1364 4818 1314
 7285   34  120 7861 5722 2192 2815  362 6885 7589  143 2920 2929 7899 5936 2365 1558 6386 6943 4628 6393  388  482 2640  361 6640 5581 6195 2067 6629 6169 4761 7384 2718 1299 7650 8156 6261 4375 4505 2467 6775 1171 5657 7226  220 2912 3674  111 3373   87 6817 2698 1742 3792 6089 7761 5816 1919 5270 7604 3767 4193 8242  262 1166 7177 3714 3184 1865 6357 1991 7327 1419 3642   23 6439 5789 2314 7843 7579 4624 1569 1424 2419 6903 1673 1702 5931 3489 6397
 5106 7940 3126 3650 4627  676 6159 7274 6967  139 1201 1591 4788 1826 3744 4157  541 5275  686 6253 5887 5728 3917 6297 7871 3278 6001 7368 1386 6954 3234 5435 2517 4738 5687 6631 8043 7365 1315 5268 5691 8264 5570 7941  697 1772 5548 4118 1663 1455 7016 3420  941  612 6937 6838 1608 5706 4749 4167 4783 7533 1564 4784 3039 2217 2724  757 4305 3273 3086 8262 1577 1803 5665  185  409 2163 2516 8235 4066  501 7641 2433 7385 1237 5767 4411 1466  436 7249
 2170 6862 4539 7381 2642 7836 6210 2933 6062 2096 1838 8068 6427 2292 5129  846  485 5751 4530 2515 3291 7616 1359 7680  105 2889 2484 5615 7882 4248 2966 6323 7867  432 1938 5841 3378 2934 7350 2595 8115 7612 2758 2669 2611 1887 3157 4469 6367 4484 5163 6761 2719 6823 4558 5653 5049  295  905  885 2165  237 4639 2951 3214 4053 1195  537 2573 6156 3364 1276 5154 5923 7206 1262 7945 5103 7362 8179   95  942 2958 8265 4462 3192 5317 2525 3872 2819 7545
  528 7476 6354  460 7463 5051 3443 4006 3277 1637  290 5248 3958 3413 1834 4840 4845 5813 2226 2342 5977 5126  113 4282 1465 7431 7691 6140 1872 5138 3531  121 6832 2322  562 7356  457 8000 5694 7430 5634 4387 1845 3568 2000 2757 5739 5204  149 1814 2093 7449 3426 7434 6268 1972  843 6415  637 3367 7723 6347 4295 2960 3718 6371 6362 7131 7890 2987 1920 6751  931 3840 6719 1175 6924 3716 1648 1696 3051 2744 7564 2261 1030 5896 6683 5019 6748 5052 4634
 2563 1606 8147 6528 7307 6266 6686 5446 3162 1385  221 3341  739   27 2769 8065 1822   24 3401 6756 5092   77 3508 1527  958 2304  898 1995 5608  518 1353 4856 3807 6350 3283 5517 7432 7646 7682 7960 6028 2414 2485 4001 6792 7252 1316 4108 7486 6773 6185 4170  696 4493 5736 3394 3487 1928 1341 3371 1902 2505 1986 7080  214 7571 7422 7685 7202  348 8028 3774  249 4737 4095 7788 4213 2356 4912 6204 8247  168 3880 7013 7155 2039 4862 6045  654 1757 6652
 4746 3832 8078  582 4102 7656 4173 3004 5766 7370 6233  369 7467 1490 7689 1406 5430 7886 4537 1004 1062 7719 7251 3396 4707 6970 2462 6699 7008 7868 1483 5162 5420 6554 1488 1181 4338 3699 4211 2703 5545 6219 4363 1698  584 5806 7928  555 2007 2957 1832 3301 4009 3729 2302   69 4406 2630  196 5499 2661 6020  317 2395 5352 5525 3481 4257 6800 5693 3722 8233 2017 1672 2654 3206 5880  345 4623 3882 5556 1496 1394 5457 4820 5331 3338 5868 7045 1143 6812
 5007 5998 4393 7996 3889 7908 7383 6993  865 5695 5824 3970 2826 7785 1965 2536 1960 3752 3483 6094 6213 1346 6249 6731 2274 5981 4635 3754 3385 8178 5011 4129 7248 3588 7043   90 6321 4424 2015 7390 3386 8237 1293 4618  497 1158 7768 3330 3731  382 4463 1896 4588 4328 4827 6858  251 3911 2131 5341 3670 3646 6530 4309 4306 2062 4031 3038 1990 5094 5760  756 6787  304 1740  752 3473 5810 2884  531 3370 1045 7117 4316 3631 2894 3080 7337 5714 1282 4251
 8055 7658 3040 6143 4787 5802 1482  302 2478 3424 5161 2753 4182 6944 6344 2268 3332 3873 7915 7343 7642 5285  610 4132  661 5984 7462 7937 5765 4942 7781  966 3112 3488 5832 7766  255 2183 5629 6302 2832 3498 1088 3228 3974 3835 1053 4575 5344 3536  664 5700 3120 6348 4348 1005 1547  296 3809 4302  260 6910 8087 3129 3435 6781  330 4644 6135  386 6319 5489 5278 7949 3903 3823  331   16 3799 3518 1666  375 5879 5199 3515 7241 5025 5763  471 3603 6450
 7542 4215 2888  324 6096 7149 2811 6003 7532 5940 5263 7721 4113 7015 1054 6801 1187 8229 4582 7830 6908  465 1905 1002  549 1929  924   58   18 6039 2187 8022 5780 3158 2685 4468 5410 5382 3784 1076 7823 1939 5904 6957 4437 2097 7746 7371 4709 6879 8011 3078 3242 2745 7240 6069 5631 2324  301 5688 2195 5584  476 4047 2020 1330 8030 7784 7123 3857  309 5889 4139 4467 1151 3247 3266 2775 5480 3180  961 3959 3824 3721 3125 6205  914 1337 3918 4245 2038
 5337 2271 5602 5008 4763 5743 8037 1047 6035 5758 3746  767 7984 3979  801 3579 2024 4960 4250 5320 7195 3002 3795 7748 7848 2746 1317 2893 2009 7291 1010 4419 4063  837 8035 5064 5076 4633  855  731 5440 7306 3087 7338 5775 4556 3742 4521 5115 8272 6453 4490 5189 1198  889 3753 2917 5431 2860 7069 3724 4735 4050 6745 1481 1801 2495  978 1452 7922 5125 1623 5360 1977 2052  153 7065 2422 3068 1207 1031 7402 5791 4991 1671 7951 5861 4292 1278 4168 3981
 5314 4301 1732 7218 2101 1083 5409 5679 6007 5325 5850 1738  822 2055 6217  110 3271 7480 5839 7115  577 6517 2018 6103 5942 1688 7139 6956 7938  305 5821 2781 6588 2060 6198 2222 6518 2028 6252 2441 8129 7817  443 2381 3166  680  508 6660    9 2928  437 1535 3993 7999 1952 2541 5640 4337 7296 2845  851 7236 4740 2835 7986 4653 2580 6301 7345 3943  198 2529 7948 1275 5122 5591  952 6820 2351 4181 7087 4565 6729  856 7524 5830 1913  937 3859 5727 2313
 2159 6796 5555  553 1028 8029 7611  569 2405 1230 8003 1114 5622 5685 3295 6070 7353  154  881 3137 3815 8017 8180 7838 7659 6743 4886 8113 1361 6002 7731 1474 7217 5296 2160 3875  786 6417 3216 4392 5898 5261 8249 3808 4208 2416 1970 5504 5140 3701 5081 2534  265 3392 5754 7496 3526 3708 4601 3444  144 7759 7500 1038 3837  435 3245 3933 7294 1137  231  607 6008  943  327 8038 2760 4873 4400 8238  970 4753 4725 5196 2891 2404 2659 3665 5858  849 1731
 3221 1971 5297 2941 6117 4682 1360 1501 4641 5362 7557 1128 6021 2064 1174 6876 5316 4048 7459 7060 4564 1229 3211 7392 4981 3319  727 1578 3736 6273 5215 7914 2544  839 4405 7946 4867 2094 6452 1234 5332 6174  524  396 2421 3552 5090 5633 3310  372 2890 2931 5635 6825 5206 6811 6405 1518 7837 4362 3960 6230 6810 3188 3900 6222 5637 3432 5279 6242 2164 1009 6421 5511 5851 5012 6609 2434 3439  644 3706 6447 4150 2850 1620 7192 1842 1609 1820 3153 2908
 1969 7376  912 2021  172 6973 4988 5826  202 1476 5726 4275  329 2287 7089 7808 1117 4592 7872 1588 4545 4860 3354 2978 2175 4076 1150 1066 7403 7677  743 5329  904 7512 3954 2658 5379 4552 6737 4689 4414 1110 5411 3131 5117 7519 1103 3707 7975 5493 7495 6716 4844 2086 1403  534 6573  626 8126 3794  769 3082 6335 7873 4109  439 3978 6177 3952  181 4776 8142 4508 6276 7878 3955 5437 6614 4801 4675  579 4436 3329 6979 4156 2367 3944 2382 1319 5704 4163
 4368 3862 4312 3574 1901 3715 5463 1641 6907 4869 7870 5875 4315 8079 3400  894  218  656 2455 5799  869 1340 4465 4180 7336 7699 4517 2250 7953  282  771 2729 7955 4321 7826 2838 6711 1379 3726   86 5973  685 6986  627 4636 7352 5840 5536 7448 4482 4020 2321 6487 7607 7932 3816 3223 3904 5212 6735 4987 7516 2168 1185 2904 6922 6034 1856 3773 4450 2137 2800 7988 1192 6553 6137 6570  673  354 3898 2597 3220  939 2506 4910 4281 1871 6223 5075 3290 1594
 1141 1352  414 6107 2443 6996 6555 1417 2566 8023 6569 6274 8192 5558 4084 2171 4042 3484 7209 4798 5900 6693 4145 2142  337 5610 4444 1916 8131 5892  219 3756 2620 3177 5698 5109 1636 4940 3136  204 3814  762 3571 7378  677 4187 8149 4441 6289 1343 7744 3700   49 2079  234  420 6148 1209 1533 5807 4364 1170 7747 6436 3318 7819  538 2349 4435 8217 3174 4153 6476  491 6004 6536 1943 7763 1778 5854 5918 3549 5274 2857 8190 2940 5929 4381 7066 1560 3968
 1664 6920 6888 7460 3885 7877 7084 1456 3477 4342   45   75 2918 4797 7082 1915 7518 3191 7538  448 7971 4500 1332 5245 1409 1792 2386 8041 5214 3905 4691 3094 3797 3712 4445 4283 1676 7263 1290 3545  608 4585 5292 6519 2561 3486 2389 3050 2236  451 2132 7260  755 7314 3657 2470 2041 5191 2993 5867  882 3449 7897 6188 7188 1221 6887 7549 1645 4699 2681 4443  559 1400  876 5385 3230  907 6123 7505 7829 1760 5996 4004 6232 8276 6639 6418  272 5082 6581
 1534 5276 6782 1575 4514 5540 4126 7200 6701 5621 6758 2634 5490 2076 3343 7140 4515 1242 1310 2037 5471 7348 1329 5050 5533 3178 3897 4285 1565 2502 2702 3783 7770 5856 2155 7023 3210 3421 4344 3170 5574 4189 7745 5429 1142 7054 1153  517  496 2755 3012 6670 2352 1216 3985 4089 7717 5833 7875 2554 7126 1526 2490 7421  957 7618 5710 3130 2087 1520 7529 2423 7613 4571 3583 4760  765 2267   76 2364 1470  888 7036 5105 7587 6627 3072 7780 5447 5508  412
 6509 6256 5185 5058 4212   50 3010 6086 6353  964 1120 4945 4553 3651 6805 5675 3198 5677 3617 4767 3504  953 2140 1983 5479 1127  560 2022 4974 7715 2239 5638 1899 2340 5365 1619 7288 6589 7271 5618 5752 7580  581  844 3189 6138 7377 6100 5805 1552 7970 1748 3208 7649 1061 5079 4858 2013 7562 7030  681 3391 4041 4594 3159 6414 3567 6587  413 5576 4079 6901 1498 6162 1420 3103 8027  802 7544  576 7419 3313 5692 2873 6560  658  235 5617 2696 2683 3440
 3372 3459 3154 1783 5639 3817 4640 1336 5128 1804 4216 2846 6984 5372 2790 5399 6237  714  594 6141 1217 1058 5363 6572  480 7981 7477 5265 6494 7816 4217 7394 5403 3113 3064 2952 3187 2631  835 3407 7811 1015 4660 4908 6835 5381 3927 2116 6466 4946 2284 5390 7224 4951 3155 4503 7855 2586 1907 1613 6705 2828  400 2713 5366  142 6607 3608 5098 6814 1707 1615 1415  891 3694 6665 6893 6977 6613 6091 6526   47 1604 6285 1147 5587 3777 4398 3314 7992 2428
 1863 7958 3018  595 5202 1559 5192   82 2793 4674 6546 5644 2876  625 7732 7484 3089 5370 6850 2103 1034 3673 4320 7317   10 6454 1280 3592 2974 7261 5963 5063  814 6730 6183 2558 8047 6066  125 3907 7444 1798 2559 6538 6079 6681 1544 6585 3789 5293 5104 4231 4941 6965 1380 1510 1789 6520 1774 3663 6717 2594  858   41 6662 4127 1721 1891 1298 5539 2776 6435  312   61 8228 7891 7824 1123 7396 3654  174 7543 7734 3055 4158 2393 2732 4407 5506 8067 3101
 4065 2847 3747 8091 8248  498 2943 6404 3286 4495 4415 7755 1469 2412 8061 7454 1844 3492 6995 5529 1016 3624  545 7491 5166 1245 2615  544 8236  868 1311 1749    1 2077 1946 6024 5152 6723 4821 2107 1391 4891 1839 7028  934 1258 3003 4452 2043 6108 6158 6499 8202 5888 5240 6632 8266 7636 7425 1723 2444  749 6293 2130 2296 3691 2720 4923 1441 5616 5969 6511 7292 5114 6082 7265 1102 4902 3384 2092 5358 3333 3182 6184 3992  112 1382 2369 2679 4922 7375
 4726 3139 4346 7686 3096 7039  761 1747 3932 1827 2927  670 6923 6065 1630  887 1582 5917 4563 5852 7727 4743 3629 1679 2172 4186 1071 6328 2479 2406 1393 4924 2617 4823 4238 4423 5466 3548 3672 7834 4557 8144 7576 4835  782 2936 7828 7044 8193 3466 3856 1144 4812 3092 7148 4297 7753 1821  552 4373 1703 2616 3383 2829 6307  339 6426 5846  188 2282 7059 8205 7275  927 1069 4736 1113 7257 2375 4647 7506 6674 5415 1139 3710 3990   57 7321 4135 4584 6836
 6150  827 7366 4356  845 4779  280  189  567 2510 6433 5418 6860 4703 3945 1281 2914 6411 2333 7104 4669 1802 5542 2135 6387 8270 7397 6424 2486 5045  955 5238 6522 6642 5764 1378 7919 3285 8086 3232 2717 7012 5100 5347  377 6179 1039 1339 6834 3844 8050 2937 3636 1405 4570 3893 1818 2657  230 5252 3987 3241 6655 2036 8134 2774 6496 3408  275 4365 7881  735  804 7903 1769 1784 4800 3828 7005 4771 8111 2173  585 6322 3368 2945 7620 4097 2402 7418  454
 4916 2570 1882 6110 1967 2376 4072 4949  586 6391 6653 1659 4044  636 7801 4271 3311 4265 6763 1988 7405 1561 5713  903 6315 3671 8039 5168 1885 2123 4807 6359    6 5367 7268 2489 7076 4632 2618 4367 7628 5303 5869 1402 3395 6381 5897   97  186 7346 4888 5413 1055 3922 3057 6891 1504 7622 6408 7598 3846 5282 6479  529 3081 5746 7765 3647 6416 6126 6936   63  789 1678  730 7305 6221 6727 6931  357 4686 1937   96  609 5257 3561 7135 1302 3517 4235  998
 1607 3030  840 1059 7408 1446 4769  281 7009 4341  333 6176 1267 4931 7821 3660 1562 3524  794 5288 1274  799 4100 2574  993 4266 5915 7588 2377 5877 5937  665  180 5611  136 7322 2528 7762 1037 2104 4841 3895 3478 6618 6068 6675 2742 4992 4224 2801 7401  133 4711 3300 7630 7173 5926 2786 3474 5072 2995 3387 2827 7199 4526 8082 5395 3148 3073 3842 6337 7764 8103 4354 4008 7207 4397 1715 6369 8171 2637 4950 1985 6500 1836 4197 4815  698 5035 6644 4504
 1963 7714  358 4605  381 1549  618 5158 2976 4712 4418 7473 8271  693 6236 3758 4483 7754 1277 4300  434 4262 1975 2144   80 6975  746  512 5546 8161  229 7363 6497 6795 1555 6790 1643  999 2206 7325 3790 7017 2317 6516 2215 2547 1104 6602  753 7683 7912 4086 5965 1953 3005 3460 8046 7141 7474 5181  299 4277 1528 3825 7950 1294 5207 4155 3509 4492 1598 5872   68 2270 7374  427 2768 5979 1867 6027 7963 7174 4324 8094 7898 3305 7161 6151 2871 2218 3185
 1080  533 5717 5777  893 4017 1068 3677 4331 5664 6940 1519 2556 3864 5001 5464 1539 8025 8098 3909  245 1709 6493 5066 4166 2723 1119 4204 6402 1437 6897 2212 3482 5134 2806 6755 7799 4477 2787 2947 7591 5708 4679 6060  853 6128 1739 4719 4837 1236 5110 1532 1046  854 2882 2138 5857 3006 2709  548 1438  613 5907 5974 6780 4685 1222  106 6190 7798 7654 7743 5735 7018 8026 6206 5071 7876 5971 1521 3351 5460 1756 1573 2193 4573 2438 7482 7433 1910 7364
 2530 1525 7026 7395 2309 1949 2817  522 3641 2907 2503 4700 4567 6605 3785 2814 5387 6224 3532 4770 1781 7906 5838 7185 2329  946 8132 3140 3931 7379 6962 7313 4429 2469 1464  811 3637 1223 4773 6896 7644 7197 2278 6864 5550 7493 7885 6987 7124 4104  211  445 1116 4264 5837  764 3309 4955 6168 1793 4249 4101 7128 2509 7282 5113 4569  344  159 3584 2057 6786 2128 1563 2372 4112 2632 1734 8102 1541 4359 5571 4637 3254 2955 1125 7312 5745 1457 7094 3217
 3062 3451 1271 8244 1264 3556 4842 8090 7272 7523 6058  803 7172 1199 5800  373 7102 1857 5792 6953  355 3565 4195 8201 3369 4894 2500  187 1516 2070 7096 2290 2398 4192 3720 1012 4926 3375 6840 3335 5650 2260  866  634 7850 3455 6523 1169 7227 7179 2844 1586 3282 6637 2821 3229 1318 5811 2256 7515 4714 3406 1023 4171 3047 6685 3349  788 3860 2379 5175 1780 7064 7323 2900 4121 7318 5481 6196 5308 1984 2722 3519 7684 1726 5225 6286 3270 3772 6515 6208
 4350 5847 4270 2963 1720 1932  874 3179 1179 7739 1767 5961   98 4913 1425 5491 2730 3201 2948 6356  266 7952 1427 2749 3622 1744 4677 7277 1543 3737 2954 6591 1724 5899 5004 4968 1992 5893 1652 2420 5324 5624 4064 1388 3679 1256 5170 3595 4664 7475 7639 5641 1603 1693 1815 2504 3948 4631 2410   71 5795 2265 5432 3632 7424 2590 7047 7796 7501 1917 5778 5803 1799 6999 7176 5048 3199 3734 5321 3969 6309 7925 6401 5229 4900 2619 2684 8274 7767 2798 4472
 6950 3296 8155 3127 4425 5295  182 6633 7939 2526 6339 3255  493 4954  326  269 1941  193   28 5473 4531 1163 5572 1074 5566 3021 7061 6192  580 2584 5649 3390 2323 8168 6615 5614 1684 6578 2609 1436 3269 5922 5744 7527 7359 5253 2741   29 6728 3877 6734 7631 2288  430 1761 7373   55 5176 6312 8188 7504 6873 2245  583 5028 4352 4196 1976 5563 2109 5043 6343 1624 4303 1824 4658 6918  453 6844 2417 7570   83 2577 4717 4471  863 4917 7566 6267 3664 5674
 5959 7113 7399 1167 6048 7679 1440 2964 4384  550 5230 7262 7771   37 6127 1878 7969 8093 5829  707 6713  873 2662 3337 8269 1149 3404 4296  521 4404 6697 5686  394 7388 3377 2108 4033 5788 4966 5078 5707 1020 1639 7073 5156 4522 6388 3462  561  201 2842 1183 5748 7122 7869  915 6894 5404 4796 6601 6580  872 2682 7702 1367 1423 3569  107  787 6283 1847 2112 3538 5155 3322 2569   32 4541 6852 7695 4399 4018 3572 2046 6425 3787 6764 1363 6909  624 6037
 6806 3963 1529 2704  543 2397  635 7429 4358 6171 2258  721 2575 2063 3525 4376 8095 7340 2105  712 3878 4817 6229 7973 5823 6856 2081 7911 6409 5334  977 2146 7590 6815 4122 6295 1035  716  984 4963 5448  816 7934 3485 4509 4386 7552 5561 5890  289 5871  530 6802 1301 1471 5531 5732 3853 3458  166 8034 6884 5787 6194 3966 5884  867 5733  495  929 2614 3235 4229 5143 6254 3213 4479 6413 1325 5535 3046 7954 6186  207 8032 5433  506 3765  834 6767 3044
 7789 5794 2743 7730 6503 6597 5819 2944 3429  212 2807 3397 4843 4317 1665 5982 6754 1178 2688 2058 1694 4222 7553 3709 4741 2237 1656 6419 6420 2802 7133 5056 2246 2315 6056 2002 8230 2588 3025 3643  540 7965 2145 3851  986 1877 3453 5756 2599 3980 7655 2069 3196 6549 6491 5793 5494 2383 5380 3352 6118 5272 4461 3950 1854 4964 2967 7229  224 4314 7170 3711  833 4829 8174 2767  913  663 3520 3633 6724 2895 7778 3144 2456 6976 5586 1443 1322 7411 3020
 8252 5552 2728 4973 2589 6130 6250 2180 4005 2643 1777 4294 3522 7103 6550 1091 7943 8112 1931 3582 7536 4234 4038 3604 3587 4498 1077 6700 1550 6539 7902  350  542 4489 2499 4904 5999 6175 4022 2487 1755 1825 7040 1235 1331 1418 3779 5883 3547  456 1579 2332  948 4491  320 4819  478 8105 5396 5919 7014 7672 5376 6551 7892 4340 2694 1653 5524 7416 2114 2106 7526 6663 2049 6291 4666 4422 3630 4614 2667 4613 6443 5055 5061 4667  177 6744 4077  426   93
 5047 4014 6216 6566 2751 1513 4710 3237  428 6703 5067 3946 2272 2521 5483 5394 2089 1828  519  657 1888 7452 4242 3011 4519 4230 7000 2394 7502  653 1390 5470 4138 4692 7961 7279 1250 7078 2537 4965 6134 1546 5809 6057 1517 7537 6561 1751 7417 6202  960 3175 7143 4706 5467 3661 3362 3366 7966 3776 1718 2223 2194  433  556 1556 2627 6740 3793 6951 6160 7605 4851 2663 6892 4832 5643 7920 5159  446 5656  720 8012 1215  374 5820 5583 6011   19 1232 6502
 3287 7880 7692 7169 4106 2269 6870 2289 2334 3843  418  570 1154  783 1486 7539 2523 6451   73 1026 7300 4134 2680  300 5952 6803 2639 2721 6971 2344 3986 7888 7840  468 7158 4602 7281 3181 6078 4430  259 6022 6778 2263 6938 1966 2418 3276  812 4094 2213 6437  366 2210 6676 1473 3619 5492 8162 5812 7057  499 1362 5768  649 7857  494 7760 7794 7905 4698 3147 1700 8257 3594 1837 2054 4849 6507 3899 7859 6116 8058 5781 5599 1796 5604  145 4178  778 1426
 2091 5495 5393 6789  228 3463 6752 7995  718 6482 1695 1690 8006 6049 8197 6559   39 5450 6648 2488 4304 3537 7737 2248 7083 6541 4259 4073  640 8275 5223 4802 2219 2029 1981 2825 3258 8267 1775 1408 1689 1954 6012 3079 1347  980 3886 5131 1177 7259 1500 8243 5514 1892 4715 7990 1868 3475 3115 1073 6661 6018 4750 5776 3564 6449  523  429 4194 2608 4911 6073  639 6145 3014 8106 4593 4343 4225 5769  587 7035 4082 6890 2983 2328 2363  773 3615 2866 7909
 5339 4956 3263 1522 5401 6153 5178 5605 2799  440 3580 5874 3683 6492 5216 3105 8208 6310 3804 7150 3913 4395  945 4015 2494 7427 5554  759   22 6641 4385 4680 4893 4670 1576 7733 3669 7481 4288 6292  148 3652 3418 7884 5342 2182 1596  938 8177 6966  589 8182 7866 6157 6119 2582 1762 7326 1370 3471 4378 4058  416 7835 3598 6772 3446  864 6036 6927  248 8013 7208 3256 1051 1884 1196 4752  205 2840  666 4205  104  310 7936 1557 4092 4548 6270 5254 1269
 5568 1610  603 6477 7540 1048 8207 2197 5671 2792 6738 7298 4518 8097 2874 5006 4676 1816 7160 2141  719 6849  425 2804 1962 7726 5445 2998 4417 7211 2459  650 2765  532 4185  360   70 7804 6342   38 1396  292 4146 7041 4852 2493 6726 1078 1621 4804 1717 7099 7053 7081 4977 1164 5948 7513 1655 3036   54 7713 3454 4480 2111 3845 5243 7105 4232 2921  503 7626 3687 3197 4759 5683 8119 5236  398  303 4756 7303 6628 5808  725 3915 2233 5039 6992 6102 7171
 8226 6828 5607 7602 5299 7331 7998 2674 8277 3028 1487 6535 2102 4334  401 4678 7917 3240 3688 2048 5427 2733 3896 7818 7286 2310 1642 3399 1583 5755 5357 5505 2149 6508 7439 4681 3146 4984 1027 6181 3209 1900 5280  848 4253 1959 6808 2714 1439 3560 2068 1593  573 2209 6136 4535 5307  813 3501 4811 5345  483 5200  959 6468 2446 1968 1042 5044 6568 2725  415 5652 5116 5518 4998 7594 5197 3084 4000 4176 7985 6928 4011 5696 3938  225 1662  642 2923 7181
 6187  424 6394  206 2202 8172 2522 5950 2072 5575 7546 1712 6360 5301  901 3045 1029 5077 2044 6532 4357 3989 3009 7874 5682 5247 6582 7193 4299 7977 1752 7004  669 5978 3108 7071  605 3164 8054 2886 5620 2361 1812 6524 6766 2701 1351  651 5825 5454 4470 6338 1327 8044 5662 4887 6247 6865 2214    8  488  732 7110 7219 5579 3573 7522 2200 4952 4159 2427 4096  526 8063 6246 3480 4502 3563 2777  124 3143 1289 3500 1118 3540 5241 3575 3299 4661   60 7189
 2483 5770 8186 7410 7335 7145 6514 4428 2338  243 6485 3934 3544 1503 5910 2560 4457 7273 4019 3961 1770 4290  444 6739 3996 1416 3091 3402 2898  163 7152 2291   20 7812 4882 6952 1735 2942 3941 6361 6714  368 2095  363  307 1193 3991 4600 5164 6025 7860 6621 4276 1377 1879 1873 8204 1072 1924 2439 2050 4130 6556 3288 4720 3173  390 3494 4933 5374 3555 6303 7797 5828 6997 6373 6600 3052 2059 6374 2080 7404 7120 2235 1805 8223 3998 2254 5141 3982 3403
 2425 6647 1255 5434 8052 2189 3614 2283  989  241 2071 7309  380 4449 4149 1745 6313 6807 3172  704 3861 7921 6203 6914 2672 3530  738 1044 7164 6264 6925 4574 6537 6990 4497 3457 4901 7697 6464 4369 5442  359 3883 6299 4318 3304 5613 5564 1448 8140  926 7751 1876 7514 7805 4654  554 2540 3074 1392 5593 6220 3553 8184 4410  376 6432 5901 6830 1675 4792 1100 2598 2205 1699  200 5723 4433 2385  325 4162 6172 1355 2858 5226 4538 5669 1538 5577 5237 4459
 4673 6324 3138  367 7191  819 4967 7276  751 3428 3116 1601 5676 4866 4665 3994 7134 2118 6363 1491 8261 6593 3250 5941 2972 4062 5024 6654 4993  791 6867 4464 4808 1381 3620   21 5474 4028 3227 6590 7974 3912  463 7386 5995 5699 3558 7833  417  557 4335 3634 2985 5814 2457 3410 1585 2546  792 5438 1159 1794 7558 7841 3618 4137 4971 3346 4732 2368 1494 1135 7665 6809 7534 7929   92 7029 6623  184 3111 1595  976 1733 3416 5038 7210 7357 6282 1176 5150
 4420 1422 6161 6673 6594  210 4447 2360 7228 6563 5623 6994 2025 5266 7201 6869  240  270 5021 4351 7893 7168 4003  944  591 2734 3625  160 4380 1431 6365 1936  775  467 2716 1444  992 6932 2432 3510 4937 6948 3562 6455 5350 6334 1152 2687 2747 7964 3193 5422 4311 5369 6376 5208 3696 5801 1989 6071 1295 5925 2143 6612  349 5720 1835 4687  474 7700 5009 1979 7178  284  102 4534 5188 6684 2604 4972 6139 1791 4621 6760 3881 4918 6199 6906 3243 6916 4175
 1257 6364 2655 5478 6448 4905 6788 6935 3551 5333 7400  316 4889  118 5779   88  492 6241 6983 7142 7204 5262 1032 6399 5538 1614 2136 3393 7701 4850 1903 7678 4986 4152 4267 5300 4202 8117 6200 3212 3702 1265 1472 1646 5087 8059 5281 4085 4124 6090  596  860 5205 6816 1376 5603 1628 2355 7450 6395 2380 2234 3684 4758  592 5338 6296 1162 6595  672 2207 2348 4287 4068 4793 5469 4540 7166 6054 2922 1705 4438  452 3811 5127 5195 6821 1040 2032 4555  687
 5596 1304  484 3826  831 7787 2520 7856 1284  711  925 1190 3110 6167 4507  703 4240  306 7406 2408 5589 4928 8133  601 6900 6736 6067 1831 5844 4263 6878 7690 5224 1247  489 6403 3759 1567 7216 7720 3655 6460 2711 4536 4976 3425 2065 5322 5730 3999 6599 7551 5304  500 6098 1719  315 4579  963 2816 4744 2464 4777 8194 6762 2550 4052 5146 6630 3768 6839 7324 2311 7693 6010 1808 8015 1616  520 6235 4254 1219 7121  536 1261 1011 6671 6333 3042  870 5486
 5455 2789 6881  117 2460 1889 2099 7671 3107 4803 2010 3590 4284  353 2887 5184 8260 2796 6446 6099 3577 4111 7055 4985  442 2312  402 1948 8246 5938 7728 4427 5976 3879 6822  597 7443 2424 5697 1063  806 2231 2011 2413 4088 7118 3438 7608 6484 1428 3268 3272 3848 3957 4721 8109  815 2230 6574 4147 2906 6422  551 3104 4646 3964  682 6306 7887 6946 4857  797 4969 4790 6410 6784 4078  602 6498  968 7574 3284   15 5211 4868 5093 6715 4243 3415 6379 3049
 6779 2779  565 3320 6765 3901 5957 5701 2154 2881 8170 2877  795 8203 4310  571 3447 7049 8148  683 2583 7681 4330 3340 7451 4516 2074 2903 6182 7978 4478 1366 3380 5010 2879 7412 1049 2075 4925 4549 2670 7074 7670 2178 3748 4957 6547 8073 2961 2926 6837 2651 3686 6505 3321 5407 3316 7046   72 2668 2664 1843 1184 1987 6009 5003 1087 5721 1958  747 6095 4203 1964 5798 2127 1459  223 2003 6396 1308 4379 3705  147 4704 6857 4590 6583 2771 8240 6030 7517
 5231 1823 5849  403 5560 8007 1013 2308 5453 6231 2285 1895  862 5956 7563 7561 2567 2174 1399 6768 6341 1094 8183 2606 7067  566 8020 6584 5013 4071 6469  135  829 7144 7270  162 6963 2337 6218 5423 1480 2471 2946 1300 3225 4210 5598 6687 2935 4853 2166 4708 6656 5030 8042 2307 6668 6871 5749 2306 7624 5462 6489 7382  244  319  341 2809 3070 3262 1348 7896 2343 6431 7136 2153 3983 2628 1509 1145 6926 4056 3849 3053 3739 1097 1156 5964 6911 5625 1270
 8085  902 4013 4596 6576  689 1626 7072 3215 4791 6534 3034 7068 3764 3200 7243 3972 7194 3417 6228 1018 5740 7777  733 8070 4016 8074 5488 6691 3831 3926 5335 1951 3048 2748 1651  825    3 5784 4859 7749 5069 4131 6915 6799 3534 2257 1553 3516 5645 5351 5562 6571  614  515 4944 1810 4260 7614 4394 4897 2585 2035 1070 6625   74 1574 3719 4762 1904 4329 2539 3924 6290 5465 2339 6111  288 7535 1309 1753 1788 4652 7409 7183 1787 1982 6189 8157 2621  346
 5302  215 1506 4045 8075 2220 2026 7842 4244 6917  606 6845  709 5026 7001 5790 7165 5190  593 2553 1328 2812 5500 5510 6848 4975 2139 4668 7106 4093 1189 3611 2266 7146 5908 1248 1514 4834 7634 5672  291  777 5496  461 3554 5968 3762 7738  641 5663 8072 7609 4854 4223 3479 5475 8175 1467 4199 4090 2990 1996 2633 2862 5057 8232  823 6696 7584 3782 1691 5863 5244 3491 2737  781 7466 6783 6180 4286  510 2930 4780 5848 3306 7393 1410  821 1404  996 4391
  780 2909 3109 2053 3419 3801 3727 4656 7593 5210 4188 5945 3031 6042 4936 2090 4128 1093 3668 4382 7038 3476 4962 7153 7414 4332 7446 2415 7983 2004 4402 2045 5361 1375 4546 5876  226  979 2129   78 4227 2766 5171 1853 8021  623 2932 2429 4117  293 2727 6124 7772 8278 2442 7445 7032  917 6444 1111 2426 3497 6440 1060 7786 2910 7944 7284 3771 6271 1043 1716 5742 6718 4672 8211 3205 1858 2445 1096 8221  421 8141 7479 3161  332 7389  285 1056 5860 7667
 1768 2938  734 1006 7980 2971 6622 1692 6682 3142 5970 3689 8056 2527 2782 3292 3307 4754 2085  397 5037 7488 1571 1548 2988 2251 4542 3207 6101  604 3854 4906 3325 6406 3550 8253 5903 4909 4896 3167 2636  785 5703 3076 2646 5967 2320 3644 7687 8138 7572 5515   43 2440 1131 7344 7223 8154 4279 5250 3505 6793 3730 6706 8014 4560 2031 2498  940 5384 6895 2752 7470 7844 1829 6465 5371 1231    2 7916 1862 8181  274 3925  950  852 4899 5203  724 4326 5246
 6981 6104 4273 6234 1926  973 3512 7092 4822 1017 1252 6055 4616 6372 7750 5046 2545 2977 2869 4083 5578 4269 5485  702 7895 6481 5201 3612 1508  227 6133 1640 5294 6113  880 4485  826 3442 4389 4198 5773 2244 3013  132 4810 1383 7776 7234 7779 3888 5221 3868 6392  422  311 4733 1922 7991 5597 8081 2968 1618 5955 2255 1305 5949 6634   62 6047 6257 1334 5053 3414 5068 5359 3259 3503 8066 4694 5497  151 3133 1212 5298 7858  150  899 6445 6513 6142 1306
 5386 4209 6370 3834  820 4403 3923 6698  962 4374 7415 8255 3506 5549  365  490 4751 5990 8128 6201 8273 7741 1079  122 2501 8018 4239  564 4291 1950 1647 5287 2671  242 2911 1064 7301   79 1025 2572 3431 3738 1202 7310 6989 6262 3114 4206 6942 4586  768 5774 4383 3499 6358 4024  919 2126 7710 7851 8048 5557  776 4920 6833 2203 5096 1935 7845 7347 7290 3411 1357 3628  487 3077 2150 1708 6826 3405 5182 5256 4268 5108 7725 6380 5036  688 2750 1122 3019
 4731  479 8053  947 7453 4597 2883 3430 5198 4884 4961 5646 8024 2242 3523 2677 4448 6473  470 7034 5305 5654 5389 2277 2221 4115 1722 6155 7398 6934 5232 4125 7567 1191 8071  308 1350 2999 1940  793 1220 7267   17 1790 6412 7264 1650 6255 2162 7499 6085 5144 6305 1737 3656 6041 7554 5436 6842 4256  796 5551 4119 1840 1540 2507 7062 4021  509 1587 3339 1685 4543 2823 1075 3601 1674 5843 2497 8167 3755  930 5983 8124 1852 7033  679 6889 7154 4426 1736
 4838 7795 6106 4561   12 4252 2008 7027 1677 7645 4551 3678 1099 2299 1846 4323 7556 3434 1303 3732 3920 3596 6112 4529 2686 2841 4481 5406 4828 5016 5873 5567 8210 4696  395 7127 7369 7822 1430  335 7629  713 8057  933 4915 6635 4919  178 6438 1893 3973 6851 4693 3680 8213 1475 7832 1881  857 1728 4002 1024 3813 1411 4142 1240 4416 2689 6592 3956  599 4713 7774 1239 7498 2770 5534 3698 4010 5569 6214 2652  779 7568 1371 1686 2808  239 5886 7457 8008