  904 4334 6574 6349 5013 8352  438 4778 7033 5775 3456 6200 6907 5752 4468 3603 1194 6367 4579 7350 5700 1522 4483 3536  987 2399 3726  680 3023  449 4869 5524  257 6264 5616 6899  371 2372 1238 2539 1428 8455  175 1882 5641 1422 5619 5406  875 1023 5994 7014 6439 8328 7357 7959 3819 5473 2957 3655 5273 8231 3550 6692 7494 4487 4343 3940 3014 1185 6339 7217 3182 5072 3309 7625 3126  138 7391 8000  102  594 1992  621 7594 2250 6440 5249  536 7405  556 3642
 6154 1546 7759 8049 1201  467 1876 5242 1231 6816 8112 5443 6184 4755 3602 7304  863  848 7834 4159 7879 3025  794 4739 7289 7386 8203 8140 7794 2390 5409 2460 4083 7323 7189 5065 2103 6912 7009 2546 4230 4792  551 8445 2479 2377 1855 7503 8429 4661 4801 7090 3782   43 1029 3947 6702 4364  186 1159 7113  962 4195 5840  718 8158 3096  176 2618 5455  200 2666 4934 5849 6684 2139 1726 2731 3437 1249 6462 2825 3420 1886 1390 2656 1786 4507  749 2347 7383 8425
 4276 1738 5296 2605  809 6786 6108 5584 3926 6124  296  611 7833   36 5101 6256 1754 1505 3584 7050 1324 5573 1387 4455 1501 4721 8057 2417  109 4241 5285 4567 7620 1191 3211 8400 4403 8072 6718 6522  595 2429  340 3815 6665 8080 2629  357 1198 7101 3920 6679 6472 4972  750   25 7274 1695 3522 5198 1197 5880 8390 7842 2615 1677 8338 1728 4991 4776  574 7831 6998 1350 2194 6018 6515 3481 3329 4886 5402 5315 1540 6777 3315 1897 7737 4118 5911 5893 5907 4200
 7574 3001  118 7490 7946 5470 5506  503 5919 6301 2415  181 1516 6114 8027 5143 1915 5854  645 6407 3965 8418  305 6062 3966 2990  125 6685 4308 1225 5464 6210 2082 6645 5806 1381 3978 7062 6099 2122 3671 7508 6426 1242 2410 6812  242 3199 1668 5885 2064 6723 2058 1221 1078 6272  132 5892 2508 7565 4939 2830 1502 5643 1590 6422 5683 2796 7858 7576 8452 4388 7694 8221 2196 2391 5138 6531 5467 3156  218 6746 4616 5398 4493  217 7356 4847 3046  604 1639 2218
 1070 5868 5050 1398  531 7744 5466 1758 1272 5934 2902 5844 2894  182 7808 4209 7878 1200 1039 2728 7128 4760 4773 6651 3647 1285 8376 2133 1893 4444 6069 3241 2165 2289 6934 5172 5037 8276 1169 5826 4823 1772 6917 6568 1283 5973  634 2892 4980 4597 6900 3723  576 6039 7698 1751 5858 7420  179 1604 6158 3520 5529 2380 2659 7061 7830 3386 6492 3137 8439 4320 4941 6869 8459 5710 5182 4889 1874 1147 6244 2256  850 3040 2851 2388 5852 4995 6176 7098 1134  294
 5891 3249 2308 6839 7288 6379 1563 4467  698 5178 2935 7566  111 1672 7019 2317 8294 1158 8166 4280 2090 7591 3055 5781 2998 2008 2570 3373 4577  460 5693 8395  450 6930 5677 4769 2541 5333 3518 7180  187 4038 4392 8133 2882 7188  550 3115 7427 8064 6506 2575  885 5657 5755  916 4598 4479 8371 3501 3574 4059 7983 2307 5997 8314 1409 3357 2651 6027 1335 5833 4395  120 8375 6296 4688 4754 5955 2238   61  351 1766 6707 1455 2340 7544 7889 2102 6510 1281  131
 1043 8184 7677 6567 4153 1313 6454 5535 8259 4405 3790 2647 1488 8151 4173 2111 6372 3291 6117 1934 1617  465 5618 6774  387 4299 5452 6614 5870 6663  288 2765 3171 1987  953 7430 6958 6482 1106 7970 2612 3244 7512 1769 1527 4025 2260 6322 4321  829 5688  415 5566 3342 4322 1625 8090 8251  396   11  970 3265 8408 6358 7327  271 4319  137 2234 2205 8379 6268 7785 2198  793 6950 7546 4447 8181 6061 4655 3569 6810 1286  269 2453 6294 3347 7895 5720 2968 1362
   79 2532 2560 3889 7159  992 4557  113 2845 4618 2635 5029 6581 5602 5370 5373 2620 6923 1692 8162 7724 2540  871 4747 4858 7776 8225 7001 2059 7674 4648 1370 5560 7198 7754 3605 1606 6403  582   31 2716 2743 5325 4235 1207 7440 7370 7997 3333 4050  870 1930 6589 8318 6963 6371 8345   35 2345 2186 4469 1921 6552 2626 4872 7144 4042 1612 1742 1622  731 3200  127 3516 4341  816 5504 7712 6143 4870 5031 1971 8334 2283 1561 4765 5483 4018 7981 2255 6474 3741
 3713 5989 3943 2339 2757 3428 2402 5827 6356 1096 3842 5167 3250 5133 4458 5129  393 6954 6638 1872 2632 3567 3235 4646  263 1119 7161  824 4926 3626 7341 2432 4047 3352 6601 5426 1280 5160 4779 5570 5344 1578 4529 6865 6932 2814 5821 6964 5763 1423  414 3231 6966 6918 5293 5886 5559  322 2132 2804 6467 6475 3027 7639 1634 8107 4457 6648 2208 3399 4461 2401 7422 5260 5782 6579 5265 1295 3267  247 5675 3449 7467 5008 2146 1698 6448 6721 7550 1356 2646  955
 2847 5340 2109 4920 4522 6493 1480 1968 6009 1889 7849 4411 2375 8444 8424 2438 2316 2263 2956 7775 7326 4848 3542  543 1365 6576 4070 5637 6613 2748 5627  733 3559 6380 8417 1074 4578 3489 8396 2089 2136 2910 7732 4968 2510 4553 6749 3661 6961  624 2930 4203 2676 1767 5362 2827 7790 2411 2060 6548 7376 2148 6670 6224 7052  456 4079 8144 1087  603 2767  620 2328 1241 1018 3546 6549 3417 5625 6331  892 4120 3733 5647 4508 4896 7082 5987 4088 1685 7334 6321
 6151 4482 4716 2051 1843 6002 3121  778 2947 5940 2601 7043 7229 5808 6779 3339 5810 3998 5636 1736 6573 2591 4938 1400 5761 4519 8217 5036 3927 7265  206 2519 4452 5510 4516 3472 2100 2043 4099 1257 4827  282 7206 1237  841 7218 1330 7136 4576 4944 8224  534 7047 7927 6841   59 4156 2318 8323 1243 2358 6936 2237 1301 7138 3759 6672 7362 7687  383 6350 2472 4346 7993 1667 4116 4686 3370 2664  540 6769 5308 7652 5095  581 1391  937 7583 3908 7890 3167  392
 7441  800   20 7636 3073 2395 6179 2696 2714 5610 3742 2020 6219 1323 8273 2047 2568 6607 7918 5746 5786 1605 6206 7828 4303 4074 2574 1559 1820 4096 3407 6465  655 1275 2787 3672 5208 7094 1378  177 2272 7931 5162 8189 7829 3111 5190 3981 1805 3705 3824 7120 6527 1478 5748 5419 7590 1138 2173 2105 7939 4136  289 5054 6624 4417  950 4401 2431 5492 7968 7615 2494 5465  423  566 3484 7300 3292 5151 1645  913 5049 7237  197 3047 7481 4812 5711 5639 6240 6635
 2331 7339 2711 6782 3515 7335 1611 4787 6563 6123 4132  213 2567 2777   23 5522 6988 5913 6101 2853 1472 3706 6096 1464 3098 7976 6708 3185 3462  444 4799 3674 4448 4537 6536 3390 2253 6274 3892 1273 5299 4718 7763 4890 2474  685 1894 4856 4052 6428 4024  546 2803 3181 7578 3804 2143 5887  451 4924 4327 7449 1364 4731 3571 5600 2596 2412 3803 4606 3963 4805 4883 3473 5440 7454 7530 2249 7779 6876 4685  149 2756 7147 1415  390 1806 2493 8394 5484 8105 8382
 4722 1803 1388 2913 5540 4632 1380 2758 5732 5104 1597 8052 5769 4475 4867 2292 1670  971  494  701  285 4829 7537 2727 1964 1256 5212 7092 4975 7453 1518 6649 2149  806 4802 7016 7851 3814 1047 7670 4996 6376 5480 1778 3911 4456 7876 2230 1746 2774 1849 1435 7068 6666 2371 2426 5599 4960 4798 8254 6019 1658 6840 6888 6236 8023 5685 6204  537 7793 4253 1203 3897 7331 7536   86 1077 4948   84 6534 6311 3863  651 4717 6209 6949  198 3306 5681 4892 7885 5335
 1951 2163 2068 1649 3806 5056 7353 1851 3557 4278 2203 1931  470 6931 5912 3130 1046 6252 8421 1925 7915 2130 2207 5965 1503 7256  254 7767 5368 7249 2275 1996 7916 5152 1266 7707 2175 7493 3856 8463 3195 2869 6450 2662 5991 1176 2455 1028 1267 2944 4372 6775 2153 7299 7695  542 4244 8102 7646  497 4420 2678 7089 4548  226  524  358 5336 8130 2007 3196  627 3498 8215 4524 5337 4216 3416  443 3670 5923 8426 6905 1320 5519 4586 7132 4727 4459 6657 6280 7770
 2982 6784 2009 3727 5358 5064 1052 3346 1693 5839 3875 6953 6756 7645 7414 4569 1584 6794 1063 3521 1731 7118 5929 7982 4737 5394  510 8295  954 4813 3157 4385 1332 5545 3915 7259 4945 6192  367  270 1556 3170 3143  878 5670 6595 3356 6357  808 7642 5730 1732 2441 3800 7601 6687 4249 4650    6 6851 3144  661 6994 7913 6697 4772  193 4617 5361 8075 3220 7933 2889 1411 2780 5123 7129 2502 5982  174 2841  978  842 8438 6317 6335 5943 4956 1651 1055 1737 4947
 7640 3041 2547 3817 3237 5061 6481 3877  283 1694 4162 8440 6081 3746  164 6940 6214 2781 8402 6215 1033 4233 6326 6437 6859 2585 2231  658 5461 6178 3828 7148 5900 5163 2220 3288 5417 5920 7367 3151 8089 3905 1319 7283 7789 5667 6678 7995 3974 2004 6829  487 5645 7747 2720  123  195  773 4740 4003 2952 1064 8281 3666 1748 4067 4593 5952 6824 3158 4702 1291 3016 3540 3332 3575 3343 6799 1294 4051 6844 4044 3693 2085 3125  262   34 8076 2854 4254  388 6292
 1427 1911 4441  300 6299 3640 5856 2691 3597 3212 5737  505 6705 5100 1974 5899 2638 6991 7048   32 7840 6632 5057 2654 1013 7393 3870 3268  190 3330 1759 7378 2295  516 8168 7097 2150 2670 4888 7735 3995 3957 4271 5086 5131 2162  697 6377 7515  241 5255 1881 6004 2725  266 5682 1952 5767 4389 2719 3488 7947 4075 7176 4628  507 1959 5331 3240 4589 7802 3576 8362 2941 2135 4243 4981 7683 2211 6014 7470 2366 2261 5995 6106 4530 2768 8160 8321 1945 4701 3901
  923 3274 4967 5651 4179 4868 5691  499 7673 6319   37 1011 6022 7070 1923 8046 7868 1467 6333 2346 1514 4237 3479 5615 1223 6304 3293 2905 1255 4133 1541 4408 5724 6743  662 2077 6751 2622  568 3737 6337 3766 2595 3616 5114 8374 8457 2118 3969 2755 1714 4590 7141 6835 1958 7472 2764  155 4542 6490 3615 3614 6231 6297 2171 8238 4340 4790 7109  291 3861 2742 3017 6820 7053 6673  221 5164 4585 1017 1453 3931 4212  786 7956 2686 7661 7882 5820 5192 2451 5791
 8369  129 5485 8460 8415 5469 5889 3839 3193 6752  901 2836 1785  876 6652 8229 1142 6722 3378 5788 3283  346 8214 5397 4540 5950 2054 4324 5291 5055 1080 2577 4069 6144 5456 3402  740 4130 7676 4575 8011 7629 3118 5082    8 7886 2396 1102 3463 5904 5745 5883 5521 6819 1599 3942  130   91 3286 4711  963 1352 7076 4090 8329 3094 3146 1111 7795 1306 5159 3862 4614 1124 4525 3303 7150 7944 4566 5382 1680 3210 8117 1912 6030 2312  313 2810 8086 1269 4583 2239
 5942 7156 4909 4651 5520 7429  930  106 2588 6904 5936 4742 7084 1392 7495 5558  788 5984  563 4837 1036 5258 2929 5612 5983 5512 3344 4809 7729  312 1547 3442  399 6587  688 2326 5726 7291 5412  720 2301  299 2980 2164  629 7765 7466 2572 4544 6813 3490  796 7355 2378 1822 1034 1621 5662 7104  303 6636 7054 5762 7686 8145 3805 5632  891 6500 7507 6486 8032 7716  429 2269 6293 2648 1006 2907 6073 4955 2046 7057 6225 2538 3754 8337 3509  886 2518 1496 6318
 5697 3987 7244 3505 8194 6208 6193 3152 2802 3951 8324 7425 1557 6943 2385 3561 1812 1824 5019 4933 4438 1254 3024 2652 3108  293 4647 5583 4851 4033 6121   58 4653  478 1829 3458 4850 1713 5227 3269 6776 6012 1328  664 5201 2321 8061 2906 7226 2040 3032 5383 7949 1774 6351 7688 4814 6487 7742 2772 6452 8169 3435 7480 4921 6748 1920 3590 1160 3403 6375  440 4669 4357  682 1632 2791 7032 2042 3588 3228 6558 6987 5439 6804 2580  745  996  419 8378 1195 8393
 7960 6662 1601 6127 7137 7580 5106 2828 4554 4399 7725 4164 7193 6620 2581  854 1465 7634 4582 5120 1089 2423 7666 1229   29 1367  555 7298 8302 4971 1193 3976 8056 5676 2106 7980 3988 6162 7832 1180 1871 6021 8462 2421 5862 1360 8350 7780 2182 2766 7444  918 6001 1524 2448 8252 1626    4   89 1192 3565 3207 1250 1863 2414  683 7191 7223 5859 8458 1576  935 1475 3747 2185 8025 2843 3680 6735 2724 4170  562  668 1568 7880 8341 4588 8074 2271 5783 3340 4964
 7078 4951 5433 1268  504 6334 3524 3018 7532 4942  787 5811 4466  146  616 4534 3887 5002 2582 6781 7294 7950 3475  339 7203 3851 4463 7248 7812 6668 5384 3445  699 7036 5784 1609 2771 7373 2031 4383 6667 5027  523 3945  836 3777 4043 6992 4723 3412 8155 7866 5921 4080  626 4097  942 5976 5931 1636   46 2983 5490 2034 3394 3834   10 6627 4217 7342 1081 6216 5501 2386 7015 8063 5116 1437 4317 1533 3138 3993 5125 7319 1153 6058 6693 5364 3029 3873 1814 2000
 7416 2928 2513 6153 7627 4962 8029  492 4884 5556 1341 6590  912 6451 5438 4335 1582 8310 5435 4265 4880  879 4108 6324  150 7896 2991 8208 6185 2617 3554 5327 3679 2055 3426 8420 6845 2083 2273 3345 2610 6801 2151 4745 1761 6183 1577  613 5218 2141 1837  287 2760 1543 4107 4836 8286 2224 8335 4808 5706 4338 7392 8062  853   87 4365 2115 5494  985 8285 4800 7301 7297 6270  133 3668 3826 7667    5 8152 5933 1441 1438 3369  483 7269 2443 4300 3159 8223 1244
 5329 7823 2699 3551 7587  248 1005 6647 2074 4521  573  763 5734 5503 2181 1454 7410 8271 6177 7969 3653 7807 1003  439 3495 6922 1002 5928 3944 3854 7558 3970  638 7608 4373 1072 6554 5238 7539 8073 1835 2179 8234 7116 7745 6725 3581 5195 5785  612 2754 3798 5922 5992 4894 8451 4815 4041 8446 1071 1212 1749 4430 7233 2138 3838 5591 4891 3541 8146 3376 4785 6970 7811 2938  400 2028 3758 6758 3227 1782  320  571 1776 1408 4608  957 1458 1333 6861 6098   18
 6528  934 8414 8128   88 6986 6538 3802 4671  280  587 4762  911 3971 7711 7595 7934 5457 1120 3586  960 3786 8366 8058 4145 1420 2267 4304 3113  272 2209 4360 6622 3593 2177 6253 2896 2981 3999 3725  880 7884 7839 3124 3377 7800 1315 6084 5679 4223  802 7783 5191 7402 6494 7633  747 5246 7302 4219  148 3351 6885 2038  489 4662 7478 2011 4274 7816  967 3846 2270 5881 1110  744 6249 2006  513 3686 5644 6694 1057 1489 7306 4681 7731 1429 5926 6530 3415 4531
  426 1832 7030  667 7533  359 3313 7778 5658 1206 2244 6373 5253  276  237 2525 4862 4694 4796 5927 7168 2848 1044 3221 2274 8268 5081 4012 8060 3039 3245 7900 5196 1066 6414 7292 2705 4950  989 2282 7268 5668  674 7992 4998 4881 6135 7581 5079 7844 2738 1311  431 7246 6997 1084 4464 1297 3353 6007 8071 2063 3003 1211 2257 2076 6701 5345 3277 4936 7708 5155 1644 7172 3355 7668 6654 2948  157 2624 4366 4013 2562 7202 5430 4791 6729 3480 1895 6480 3849 1477
 1981 5807 5638 2405 8161 4573 3736 5649  121 5102 6196 3081 3282 6599  506 1279 2503 7815 5809 1840 6396 3734 6582 5225 7663  975  585 3084 7521 2052 8255 5118  608 7531 4541 1284 5673 2826 7239  665 7247 6163 7115 6336  675 1340 5378 5251 6745 4238 8297   21 1707 7650 1338 6447 1026 2644 7042 2436 5843 7660 2636 3755 3523 1361 6352  428 8167 3020 2999 1682 3962 1097  652 5107 6944 2603 7181 3028   45 5609 2700 4687 1525 7567 6010 5511 4603  791 5176 8430
 6201  199 4706  281 8307 7524 8313 3836 3147 5874 3917 5802  580 5903 3938 5295 4983 2628 3764 5817 7741 4225 1166 1309 6767  547 1744  500 2327 4594 4326 3191 5754 2499   49 7585 1386 2268 2241 6055 3761 2793 5774 5132  251 6167 1845  372 4797 6091 3641 3201 8283 1321  952  735 8068 3499 7555 3413 2338 7484    9 7192  600 2093 6182 5304 4063 8135 6690 7428 2997 4592 5410  760 7750 7333 1233 5280 6478 5766 4115 8190 8303 7584 3548 6867  318 5458 4488  462
 6778 3500 1717 5356 6229 4376 6639 8448 4014  204 2120  739 4985 5090 7935 1282 8443 5932   82 6401 6458 1899 1460 5980 5864 5080 2667 6128 5150 1199  319 3618  202 5451 5369 5066 3030 3188 2356 1827  846 7385 5723 1041 3224 6972 3307 3063 3383  866 1187   26 4734 6634 6939 2212 1819 2522 6532 4580 7204 2374 5453 4310 4224 5012 2311 4394 2972 8232 7628 7986 1426 7613 3217 6977 7398 4183  435 5588 2413 4339 5828 5523 2542 3187 8301 6562 1784 5778 1719 6901
  666 3608 5855  361 5945 7482 6033 5420 3716 8174 4549  867 4293 6347 6140 7518 7523 3421  709 1660 1093 6919 4007 4450 5957 2959 1471 4753 7573 4198 2466 2989 5030 2946 3057 4462 6088 3864 1001 7706 3425 6650 6241 2147 4149 4436 1165 1092 7907 2829 2669 3553 6938 2092 4078 5539 3696  385 2490 7693 8020 4491 3688 1884 5421  966 2252 7434 4454 3740  721 2936 6960 8005  134 7220 2856 5757  128 6087 1403 3044 6785 4065 4965 7347  290 3654 1929 7085 7476 5743
 7465 6060 2967 6951  172 5108 5346 1788 6883   47 8199 4668  477 6315 5642 7296   92 3504  512 8442 5301 1794 6968  110 3609 8123 6664 2297 7187 5446 3436   76 6342 7564 2048 2556 5543 1723 2086 3529 6406 2684 2734  463 3289 5990 3367 7559  304 2783 4248 6015 1589 2381 2526  223 4196 5405 4636 8003 6744 4752 2461 4453 3583 8296 2484 7704 6787 2849 6077 2087 4342 4015 3787 7726 4182 3937 3275 1274 8241 3050  406  427 7923 5048 1859 6741 7529 7657 1679 2878
 5663 3841 6979 4333 3796 3206 4309 3056 6113  774  931 3912 1904 5812 4828 7822 5634 3835 5850 6597 5860 6278 3281 7072  988  728 5993  245  690 8264 1862 5835 2359 5434 4766  564 7278 4446 3916 5266 5947   63 4929 7468   68 7672 6313 6064 2078 1646 6020 6653  797 3368 5060 6067 1214 1343 5141 1642 4000  496   60 1418 4419 8069 5834 2442 4298  838 6890 5169 2457 4612 4281 4714 2227 5053 6544 2505 5978 8159 6079 1898 4027 4218 7151 6880 3958 1596 5007 8240
  235 3278 7527 6637  509  230 3823 7251   28 6611 5076 2360 3090 4639 8200 1424  719 6871 2637 5016 1457 2170   42 3432 7810 5527 3906 6770 6156 1383 1248 4297 5946 3225 1833 4151 2464 5719 5476  938 7314 5569  654  308 2199 7456 6139 2157 6404 3623 3103 7630 2874 5272 1219 5497 4150 5735 5906 8340 1509 7477  907 6036 7796 4363  162 4352 6457 7171 1452 4037 3921 4010 7617 3511  777 1554 2697 4282 3825 7163 1588 7632 8191 4871 5733 6197 8404 7349 3404 3285
 2248 6827 6251 3441 4143 7906 6291  220 3155 4826 6945 1935 8006 1573 7991  476  255 2491 2835  324  631 7336 6967  557 7003 2709 7000  748 2831 2872 4764 3120 2586 3712 8178 7142 2822 4472 6348 6884 6037 3831 3169   95 2240 1209 8014 6959 5969 8001 6809 5170 1060 1631 2070 7801 1523 4021  677 8010 5085 5445 2294 7904 6537 5003 5587  705 1571 5287 7853 1528 3578 2298 5917 6103  764 6630 1970 3923 5717 1793 3728 1795 7280 6323 8388 1236 1718 7254 1483 5576
 2598  623 6643 2427 5205 5930 1585 1531 6013  482 4105 1220 4081 2608  323 6847 7684   57 1149 5267 6203 1684 7232 6455 7678 6795 7977 5083 1830 7710 2174 6504 8315 3560 7692 1783 7897 5909 4296  925 2919  821  570 7651 5478 8309 2119 1507 6815 3659 6369 7978 1115  535 4001 1745 2607 2761  554 1086 2592 5617 4102  900  835 7638 7340 7209 1603 4633 5389 8051 7175 2370 7714 1796 1436 5621 4206 7056 6281 5878 5322 7183  231 6704 3419 1858 3853 1801 4068 6830
  117 1558  724 6165 1228 1700 7330 2689 5379  114 7199 7194 4988 8070  845 3600 7499 1807 7519 5342 4555 3691 8008 3327 7961   73 8147 2964 2364 5714 6168 4863 4748  766 1990 2533 5948  825 1610 2655 8207 1826 3296 4194 5035 5879 6394 3312 5348 8059 2633  188  653 4421 3812 3174 2036 7135 6048 4422 5954 2859  246 3991 4584 3639 5690 7105 7035 7093  641 1416 4123 4085 2920 4638 3982 6045 4679 7572 5888 6260 6540 5367 3925 1202 5577 4859 1135 8434   81 5776
 3229 7561 7284  417 7945 8343 8002 2544   71  586 4131 1763 1376 5937 1628 1962 5463 1128 8289 3184 6952 4615 6625 4247  693 8050   52 4315 6753 2583 1647 8270 1076 2915 1252 3857 1659  857 1359 6479 5360 2477 2566 7451 6557 3430 1595 5211 8055  702 7701 7697 3613 2382 2262 5359 1607 3580 6466 4844 3359  219 1575 6591 3305 5815 1336 5961 6418 6604  382 1955 5377 6615 4818 1216 8333 5098 7011 4277 4367 7366 8205 4777 1519 5842 3664 5207 4695 6445 3922 3102
 2643 1735 5181 4538  663 3868 1653 8348 6838 3731 5830 5537 5040  647 6976 6511 6417  528 3065 7501 2786 2551 3919 1178 8108   62 6985 1399 3783 5400 1224 6011 4344 4756 5531 4356   13 2683  578 8227 2097   98 3387 7153 7404 7856 6706 5292  466 4610 5605 4261 1570 7681  558 4208 6825 7662 5963 4865 5902  464 2072 7257 7345 6937 3149 1856 7817 2191 4543 7231 8342  614 4977 4006  452 6364 2024 5323 3799 6074 1322 1614 7730 3628 3624 8269  815 3894 3198 1146
 7746 2961 4879 4601 1643 1302 3139 5038 7511 3722 6700 6808  617 8247 3322 8066 2404 2805 2817 6603 2926 7510 3444 7173 7158 2344 1100 2627 1790 5661 1932 4380 1943 2355 2639  264 3087 1664 4898 8291 7689  337 1118 1349 2315 6533 6860 5429 7860 8336 6095 7824 8111 1095 1171 7024  519 8266 7623 1050 4644 4019 1602 2887 2232  649  185 4175 7930 7316 2614 5592 1069 4974 7372 3418 1446 6115 1598 7361  442 7604 4600 6941 4897 6610 2129 6545  602 1594 4204 5303
 3467 4307 4443 2884 8017  316 1926 8411 4100 1892 5601 7079  828 4674 5971 7157 4229 7556  981  961 1276  924 3075 6393  484 1530 3780 7579 6218 2444 8120 1703 7718 1490 8355 3743 7426 3234 7102  743 3627 3061 1022  404 6083 1025 1470 5563 6338  999 8088  459 8204 2202 4424 7415 6656 7871 1883 8206  239 1927 5530 4168 4784 2018 2834 8201 7261 1989 3710 4901 6170  883 3545 6646 2488 1870 8079 4205 2012 6443  158 7806 3142 3134 8009 2081 7489 6261 2403 5867
 8185 5058 6628 8322 5062 7497 5875 5004 2080 8119 4911 4397 4825  297 3208 7768 3092 7762 5374 2099 6461 4311 4077 5228  998 2563 5475 6586 2974  781 5721 1973 2245 5750  834 2284 8391 3650 6512  530 4595 6519 3066 8053 6618 7764 6370 1030 6524 5039 6759 7502 4789  757 2233  136 1775 7290 8122 4793 6788 6438  805  783 2955 2962 3928 6523 2003    7 2005 5068 7208 5654   17 7219 3256 1733 3410   24 4181 4361 1170 6982 1463 2782  990 2013 3837 5214 2917 2053
 2330  861 6803 5792 6314  991 3448 8359 7255  379 6606 4696 7401 6164 2329 6469 4034 7954 4486 3636 2434 8021 2702 2015 3751 1232 1088 3547  606 1888 3939 1942 8351 6310 3833 5396 4732 3161 5770 1887 2875 5471 3717 3652 5979 1204  939 7272 7570 5582 4062 4112 6425 4733 8129 3054   83 2704 2039 7264 8249 7504 7195 3202 2640 2770 6895 3961  852 4189 3676 2419  225 5231 5701  928 1103 6989 2785 6233 4106 7320 1615 1712 4121  243 4295   16 4520 7322 7303 8292
 6681 5499  884 6798 2921 3975 7951 7964 2789 5518 6222 3259 2863 3007 5103 2537  292 2798 6385 3941 3105 2569 3646 2763 6834 6142 2943 3248 7408  310 8100 6234 4656 1056 1151 5498 4513 3879 1337 8134 5328 2167   74 7548 2589 5262 4127 3598 6392 4908 2496 1292 2963 1396 3218 8277 5534 5391 2026 5449 4834 8106 2769 7028 4768 2552 7165  166 2214  696 6857 4839 8132 3116 2703 1828 3739 7213 3363 7197 1956  726 4664 7938 8124 7506 3570  115 2114 6327 3381 2736
 5376 7621 7713 7433 2527  827 6360 2075  577 7784 7121 8040 8121 1867  932 8377 7984 1258 7436 5077 1967   70  579 4148 1430 2235 1156 1948 5532 5290 8437 4675 5311 2970 6463 7448 8195  584 2949 3205 1048 1741 5297  887 7821 5496  336 8038 7586 7769 2140 4094 8401  755   78 6836  214  994 4504 4302 2945 1896 7787 1789 2447   75 8024 6003  792 2873 8330 1534 7534 8326 3874 4729 1061 1811 2144 3532 1397 4091 2876 5998  436 5148 3145 7387 8339 7059 7557 1016
 3775 1375 3694 6520 4481 1792 3880 7343 6771 1235 5375 3585  349 1239  589 1133 1444 6000 1813 3331 7071 2362 4533 1287 2587 7859 7182 2788 4234 5758 3709 5678 8054 6621  811 4092 6365  643 4852 4306 3795 6686 3579  889 4560 1129 4759 6572 8013 7446  192 4935 7635 3829 1073 3273  818 6754 1566 3471 2904 4500 4434 7943 1368 8389 5011 4532 7474 2067 7517 7953 2096 1852 5078  356 1997 7928 3002  864 2597 7603 2916 8043 2101  727 8210 7854 5715 5474 6044 7351
 3168 6116 7442 2469  707  526 6232 4982 3042  921 8449 7757 2909 6560 6609 1510 3797 5126 1657 4842 7179 6874 7848 7131 3865  770 7671 4178 7222 1379 4708 5586 3512 2953 1440 4215 3334 6564 2733 8427 3301 6971 5493 5046 4700 2476 4806 7459 3215  694 1425 8278 7212  758 5135 7908 5279 3089 3451 5442 5629 6764 6955    1 2357 7682 6828 1620 6617 3447  501 1310  893 1085  756  630  488  224 1771 8327 6891 7921 4330 2485 4272 3112 4428 1727  609 5459 6217 3506
 1347  859 1293 7133 4564 2379 5977 5896 5334 6228 6464  565 6995 1663 8048 3190 3095 2069  752 1417 5277 7329 6171 1994 4305 7788 2001 7277 3934 2823 4986 2690 5319  725 6920 2895  525 7125 7390 1630 2931 1406  161 6330 7006 7238 7452  236 2832 7862 7998  983 6626 2137 1583 7665 5320 1773 3460 4370 7096 7820 2029  203 2530  365  222 2807 2801 5727  979 5603 7870 8364 1550 6921 4854 4876 6584 6578 8077 6390 3633 5390 8182 6006 3648 1442 1866  309 6363 2564
 7535 7658 3052 1469 7492 2737 3708  899 8306 1572  445 3496  258 4345 3354 1164 5128 7929 3699 2251 1711 7782 7073  380 4946 7064 6303 3744 4262 6130  605  457  601 1697 1879 4207 2852 6271 2861 8316 7551 1834 6675 4843 7134 3807 6740  868 1498 7563 1049 6491 7394 1734 4556 1344 4211  670 5026 5640 2128 4966 4048 3955 7865 8015 8436 4460 3779 2333 1869 4404 2492 8018 3619 3058 3230 8260 8118 4494 4473 7937 6946 3236 1933 1537 1405  583 3634 8175 2094 7624
 2880 2745 5185 4758 3242 6415 3178 4009 8387 4374 4026 2323 3336 8179 1382 6488 8153  122 2707 2730 6981 5482 5975 4268 6169 1816 7655 6346 6529 4822 2561  732 4860 7843 4023 3589 3492 1768 5801 5699 5330 4020 1493 4122 5441 3059  775 1421 8187 7703 1325 6086 6772 4103 3510 5371 3254 1140 7932  686 5110 3393  183 3878 4008 8084 1067 3397 7308 6309 1551 7002 2276 1384 3172 7987 3266 2195 5119 4314  279 3986 1113 4141 4682 4707 6459 2868 4191 3163 6148 3890
 2744 2017 3271 4667 6569 2528 5871 5967 4381 2557 1580  511 7691 3847  354 2458 6275 5489 5200 2993  596 2041  691 5589  628 1854 7966  409 3141 3004  830 5898 6460 6473 7599 1908 4523 5416 3566 4220 3389 4275 7087  984 7705 7715 7872 6023 3204 8282 2033  147 7395 4795 6436 6886 5803 3401 6559 5350 5432 1640 2752 4301 5659 1042  421 6821  964 1810 3186 5664 7185 7602  672 4439 8110 7281 6382 6671 7338 5091 6484 2747  908 7273   44 4087 5423  151 5694  993
 2278 5479 5087 6716 4056 1247 2187 7791 4484 5614 4832 2286 3526 2663 7119 2324 3226 2213 6024 8026 5728 4794 6858 2987 6837  389 3538 5234 5226 3692 5876 7751   77 2860 4432 3491 1353 6906 6341 3043 2152 6973 2452  929 3071 2369 5184 2965   15 1804  381 5222 2228 4572 8267 1762 5256 4180 4228 7379 3914 6818 4129 5321 2821 8239  168 7855 5140 7412 1946 3395 5972 5620 6282 6793 2481  126 1752 7597 1395 6186 6032  395 5740 6063 6689 1270 5959 1521 2246 6133
  343 5593 1167 1924 7224 6306 6822 5918 7917 4279 8410 5656 3750 4503 1817 1878 2334 6642 7324 4581  915 1389 7758 4095 8216 5413 6780 3295 2189  169 3493 2701 5174 5633 2816 5692 1000  673 5780 6329 7305 3848 6283 8012 4680 1447 1637 2606 3461  160 2501 8284  103 5866 3173 6150 7211 8280 4267  943 6402 3482 4693  986 4873 4927 3469 5905 2600 3859   27 1860 3918 2840 1841 1318 6137 3929 3631 7799 2698 7174 2565 7377  922 7450 7965 3051 6343 4273 3604 1357
 3409 5404 2200  572 7607 2708 4895 7364 8290 5635 7641 1844 6416 4563 5863 7618 3009 1305 5415 5460 7914 3714 1905 5549  302 5462 2521 4558 6719 7979 7295 8312 1027 5437 5938 3443 5848 3400 4485 6470 2125 6159 6238 3772 4382  425 3871 4750 2400 3675 3702 2553 3809 4379 2824 4185 6856 6381 5960 6929 4427 8361 1329 1082 6120 5741 8236   96 1377 1462 5136 2746  119  644 4821 3362 4375 2242  196 2351 7614  345 2010  394 3704 3083 5134 3423 3637 3000 5713 6239
 2924 7891 2523 7287 3320 3485  729 7421  518 7384 3677 8028 3662 6269 5541 6354 6199 5872 3930  926 7774 8180 2459  278 2833 7086 3816 6539 6575 6017 6483 4066 2394 5010 1587 4470 5935 6442   90 4377   67 6588 3820 5275 2021 1675 7432 7999 2293 5604 4820 4258 4596 4677 5608 5650  321 2672 7554 7516 2425  101 7893 4959 4202  461 3162 6046 6807  326 6676 1314  843 2890 5428 3337 5695 2127 5213 7727 7162 2343 4316  453 1265  784 3279 3349  819 2634 5571 2986
 5575 8095 5574 6927 1823 3689 6846 4138 7985 3678 7184 1145 7852 1914 6909 8363  533 5789 1104 5365 1188  418 8258 4922 4022 5547 5199    2 8034 6211 6008 5502 4838 4810 5696 5800   19 3326 4923 6444 3813 5962 4144 5689 3793 4689 5014  178 5073  527 2877 2795 1190  737 1504 8085 6551 1710  813 5515 6305  776 6034 3299 5845 3587  592 5799  632  569 7396 1953 6583 3665 2815 7593 6677  860 3392 4761 8300 3973 4591 3886 4864 5179  849 8115 5145  502 1980  559
 1045  972 5269 2221 8036 1108 7455 1215 4061 3364 8416 7760 4294  191 8157 1809 1661 6507 4550  995 1492 3325 1705 6388 7081 8091 5794  980 4496 4987 1183 6172 7065 5240 7797 8346 2871 1787 2673 2932  772  212 4474 7753 2604 2022 5533 5555 6577 6605 6174   48 1481 8265  997 5363 5203  567 1499 2558 5305 7234 1468 7152  306 2855 8150  648 5354 4961 2630 7990 3959 5121 1007 4028 6082 2571 5248 6850 3300  260 6016 7664 1944 7699 3811 7525 1277 3454 6543 7225
 2071 3323 1173 5115 2984 4093 5822 6570 2750 3464  715 4833 6849 2576 3881 4899 5698 5006 3110 3255 6434 1978 5059 3577  593 5399  171 2675 1999 5970 4949  472 3222  779  823 4545 3667 1300 2512 7445 6100 3771 6092  144 2500 8386 5407 1957 5366 6173 5025 4562 5505 3223 4620 3085 7988  124 1189 8031 5481 5189 3476 7919 7498 6378 1906 1755 5197 3703 5052 4914 5869 6750 2392 3045 5241 5894 7542 3611 4749 6307 4845 4071  844 6913 4192 4054 6344 5951 6118 5186
 1131 4240 1009  141 4629 4089 7045 5572 3438 6122 7644 5597 5448 2888 6713  384 3348 1629 5606 4710 4952 2408 3127 2978 4770 4490 8101 5709 7012 1802 1459 4621 8354 2584 3769 2509 6872 4199 1491 8380 3964 7253 6189 2319 1059 4928 1797 5161 3539 7905 5953 2428 1798 3192 7743 3422 5139 3164 4602 6730 7227 3968  591 4371 3280 8367 4741 4312 3391 6806 7055 5999 5736 4885 5514 2979 4147 4256 2287 5047 3932 1448 4643 1012  552 4155 5009 6145 3318 2134  640 2188
 2517 6965  156 1702 4101 1725  826 1985 3034 8170 6040 8405  687 4498 2712 5623 7909 4259 7260 6190 8044  856 7029 1517 5122 7438 1877 8461 4086 6509 1137 7389 7925 4552 6070 5836 7809 2291 7354 6227 6435  408   56 3160 7369 2842 2259 3365  307 5562 5486 1799 4126 6476 1174 3106 6571 1960 6161 2433   40 2486 6503  405 8319 5326 1109 7083 6688 3219 8037 5468  751 5313 4735  107 4819 6592 5307 4728 7488 7127  622 4332 5312 1037 1054 2116 5837  520 2925  637
 1627 5422 5517 5777 2994 1008 4016 1010 5861 6984 4783 3136  905 1815 4528 5257 4940 3649 8456 3455 1910 7647  402 7654 4561 5281 1941 5771 4625 4049 4866 2489 7267 7309 6598  765 5236 2465 3514  252 4171 6714 2939 6175 4709 2549 4623 4726 2095 2475 1373 2487 4670 1307 5796  486 4347  211 3406 2897  135 5648 4510 1674 5425 7020 6616 5044 5672 7877 5704 2866 3253 6125 7382 3651 7069 6180 5725 3568 3527 8372 4925 1928 7505  493 1264 7552 6990  298 8109 3385
 8274 2406 5846 2062 6049  233 4547 4906  832 4292 5028 3885 6284 3883 1880 4390 4045 2806 1450  515  238 2529 1413 6285 8148  767  936 5797  940 5941 7805 4626 5318 6387 3408 6695 4082 6138 8358 3021 6247 6051 8305 1861 7170  327 6246 3980 5716 6471 4260 5424  560 7307 5626 2682 2885 7902  370 8116 3502 4511 7522  977 2300 3494 3497  700  352 5958 7538 6724 4072 7017 4551  338 5202 2732 5338 2124 2363 6072  681 7169 6453 7857 2778 2079 4698 5015 2927 2898
 5221 5908 5274  710 2966 8397 2554 3213 2740 5183 4559 3933 3371 2398  837 8096 5687 7034 7252  375 5427 2088  965 5343 8220 1520 2846 5823 3638 7368 2680 3843 7609 1662 1691  532  448 7041 1922 6112 6882 4158 4804 6875 4331 1217 2693 2016  366 2098 1205 7963 1724 2236 3760 1836 5300 1581 7417 7025 2332   39 1676 4226 6498 4386 6887 5525 3287 2881 5798 7972  619 7457 3308 7250 2019 5779 1739  711 7903 4407 5158 3534 6391 5310 8213 1654 8202 7317 4874 8065
 2812 6097 2449 4505 5235 8432 3070 7063  946  814  189 6897 8176 7471 1681 7406 1116  317 3682  403 1182 1261  910 2440 6547 2722 2354  812 4743  205 8450 1984 4113 7874 4429 3660 2420 3591  906 3996 1515 6129 3298 6355 6029 3801 6038 4912 3258 6602 8093 8198 8370 7610 3762 1014  261 6852 2687 3729 2166 7540 1083 1831 5895 4861 3154 2933 5355 8230 5268 1132 1709 6059 6717 3954 8035 5436 6903 6383  780 4645 8413 2593 1891 5916 4284 3474 4725 5252 7562 3338
 6728 3924 5554 7553 1157 6290 1901 5254 3194  692 7875 2862 6433 3984 4672 3335 6078  325 6195 8007 7989 6408 7967 6243 7130 2985 7413 1154 1259 7216  657 4930 5847 1991 3033 7270 1569 6276  229 7123 2922 4002 6546 3262  544 5166 4786 4970 2057  625 1150 5352 3632 1716 6308  947 2302 7462  713 6205  549 2857 5075 2891 5032 2014 4738 4774 3893 4853 3119 6057 2049 1218 7804 1339 6956 6525 1808 3358 5349 2023 4736 3898 5528 2439 2685 6242 4831 5646 6792 4943
 1162 4400 1414 1993  894 3019 7046  514 5223 5742 1982 7381 3635 1673 1704 2108 8261 1466 4418 5832 2091 6737  342 4515 7235 6202 3123 5516 1179 5401 3431 7696 2870 4391  909 1299 8141  927 3209 3302 2681 5968 1553 8287 7869   80 7460  433 4415 5283 6400 6160 4058 2201 4840 5357  108 2229 4730 5043 1567 3700 1903 7013 7126 4125 7571  397 8235 6596 2030 4266 5595  833 3427 8279 6593 4835 4165 6362 7835 8422 1486 4635 7004 4032 6340 5686 1846 5187 1918 6843
 6608 5353 1526 8177 1143 1316 8171 2456 7285  474 5180 3453 3214 2305 6065 1839 3985 7941 1995 1690 2498 6910 7600  328 5561 6698 1848 7400  360 1363 5790  529 8263 1090 7589 4893 6768 2653 1686 1613  163 7358 7437 5765 6250  475  145 7328 6279 2156 1586 5718 1443 4907 6709 4423 6518 5544 4512  398 4076 3720  441 5580 5194 6641 3177 3107 1148 5805  347 2117 3895 8248 7275 7994 1850 4915 5738 6332 8419  256 7286 5177 7186 6141 1750 1021 4546 4849 1354 7075
 3012 2900 3086 5964 1342  679  329 7479 1105 2726 1648 2037 5317 2367 4142 2468 8253 4957 7786 4882 8019 3669 5071 3956 1780 2104 6766 8385 6773 5760 3006 7547 2631 5653 5219   50 4607 2908 8453 7403 6715 4160 3832 4053 6166 5944 5838 2650 8188 2325 3596 5099  895 4658 7380 5418 3010 2506 1873 3341 1976 5538 8392  180  253 4445 6999 6877 4916 6495  201 3452  976 1196 2066 5381 3251 2555 6980 6302 3440 3594 5018 7612 6441 5731 1868 6696 1304 1777 3902 3690
 3478 2337 3097  636 2145 6942  471 5851 6924 7721 5247 7936 4323 6421 6711 1969 1591 4642 6594 7922 1068 3483 1885 4767 4412 4757 2723 2735 8353 2107 7271  799 7901 4287 6035 8136 3756 2113 1456  678 1494 4393 3031 2579 6431 1404 1699 3470 3612 2992 5986 6600  378 6505 7575 2692 3950 2350 4631 5744 2160  249 6288 1127 7717 1445 6155 3459 4953 4817 3324 1476 5507 6501 7656 4055 6090 7781 2729 5041 1121 6429 5551 7560 4257 2838 3076 2303 8293 2883 3845 3508
 7166 1513 7114 2197  274 3840 4816 4031  865 6683 1818 1655 4263 7258 3544 3549 6456 5671 6277 8041 2940 1760 4992 6915  490 5773 1857  112 6066 4140 7149 3791 1479 3946 7568 1683 8172 5204  422  917 6050  391 1688 1937 4285 6619 8325 3022 6796 3684 7955 7924 2899 8212 1565 7942 3610 3867 3232  807 5306 3069 1511 4782 2534 3166 3556 6104 3629 3749 2665 3752 2507 2387 4973 4683 4637 2504 5282 4605 2384 8454 4665 1487 8097 5702  671 1298 7359 5024 7549 8082
 3910 5017 2762 2349 6975 6042 1532 1401 1722 8103 7814 6031 4060 1312 7813 2599 6631 6221 2706 2483 6612 6660 7514 7360 1163  522   41 1271 5111 4904 7975 1358 6948 6397 7962 6152 7010 4918 7948  458 6295 8067 7088  508 2671 6146  374 5882 1226 2322 1938 1890 1385 6345 4878 4489 5841 7500 2850 5611 8218 3284 6191 3465 3179 1473  259 3644 4064 1950 2751 7008 4227 1916 6328 7483 4289 2717 8398  142 1678 4465 3243 1972 2310 1963 4231 2625 5831   97 6389 4527
 3852 6811 5824 4177 2084 3311 6075 6727 2616 2954 1988 5092 4514 6659  335 3361 7867 6585  355 1122 2923 7399 3552 3601 3319   93  862 7637  795 6962 8099 5229 3270 6194  545  232 6633 1230 8412 5877 8256  669 5722 7526 2112 2550 2309 8311 2279 1701 3994  712  446 4369 3100 3882 4269 3788  364 2535 7685 6446 6790 1485 8331 5914 2839 6273 6212  348 1986 6080 5472 8193 3165 5865 5117  958 8165 1853 6925 6267 6094 4378 2976  944 5564 6054 8423  208 1366 6947
 6198 5146 4250   64 5705 3135 3276  858 6765 1152 2677  785 1144 6258 3992 8042 7074 8039  759 2660 1544 4251 5897 2619 4416 3433 4978 2226 2416 3765 3774 1181 1669 6699 8022 2219 5546 3711 2407 2819 8192 3153 8228 3384 3753 5596 3784  267 4353 8317 4501 4349 6996 4855 5594 5655 6395 5220 3503 1155 6076 7214 1781 5294  869 7348 5829 7458 2247 3697 5772 4497 2288 3685 6028 7847  914 1412 2674 8164 4480  746 5171 3252 4348 7596 6734 3936 3599  695 4666 4252
 5001 5298 1536 7236 7447 1919 6878 5684 5707 5137 1671 4166 7958 2450 6644  810 3531  831 6499 4336 2886 4788 3148 6496 2206  139 7388 3903 6131 5768 2602 8186 6361 2531 4506 4999 2590 3683 7592 3658  521  820 5756 2611 7228  491 1184 3718 2642 6157 1593 8433 7313 5144  948 3606 6468 4197 6894 7513 7756  244 4811  890 1791 3263 7755 3730 2467 5388 7424 7486 5216 1040 6868 2609 3297  275 4997 5974 4640 3537 3701 2808 3695 4451 3294 1616 3026 3757 6300 1747
 7818 1374 4425 6842  437 7475  798 4154 1961 1552 4098 5289 3048 2172 2641 7777 3374  301 6521  215 5607 8222 6974 1765 6691 7279 2934 2837  377 7738 3013 4040 5578 7881   99 7545 2721 6893 7200 4201 7837 3967 5403 7022 4751 3818 1979 1161 7145 2430 2901 7407 1753 6541 1019 7263 2073 6762 5105 1638 5491 6802 1842  420 2418 1032 4387 7371 7463 4163 4329 6978 8308 2190  412 1123 1730 1065 2342 5023 1729 2995 1977 7139 7850 7160 4004 2773 8004 4900 1431 4697
 5278 4111 7723   55 1939  210 1402 7606 2800 4355 8304 3507 3977 7720 5153 4409 5454 5264 2658 1334 4931 4029  723 4213 6873 6908 1346 5089 5088 2471 5749 3122 5351 7733 3290 3858  597 2470 6566  706 8383 3068 7464 1545 5411 7201 8083 2480 1608 6783 6230 8131   72 6052 3768 5660 3844 6658 4410 2280 2365 7021 4286 4705 1101   69 8016 5542 2154 3789 2264   22 7058  959 4187 2912 6848 6789 4128 6502 1947 4005 6259 3053 6107 7520 1913  633 1053 5487 6320  873
 2445 6760 7409 7748  159 2320 2482 6410 6413 7920 5613 1497 1687 3316 5270 7669 2025 7023 4190 5712 2126  473 6449 4110 3979 4186 7888 6235 7766 6898 6126 2497 7861  716 1035 2002 4713 5245 1394 7215 6755  742 7819  722 3062 6207 7080 4414 2858 1168 4654 2621 2578 4239 3117 1303 4684 4692  588  341  376 6550 5568 4568 5447 6398 2937 1838 1917  539 4990  401 7509 5665 6287 5764 1720 4565 8081 8299 2942 5020 6763 3074 5759  170 7005 8368 5112  373 2184  575
 2649 3246 6916 5536 7312 6712 3079 3005 2155 1624 4172 5408 7117 4157 7346 5793 1075 3735 6026 8373 7680 1474 8139 2254 3035 7838 3350 7293  350 4413 6535  650 1288 2277  708  165 1296  207 3093 6254 3233 5680  882 5550 5217 6742 4574 6424 1756 4368 4719 7912 4673 4057 5813 3899 5666 3109 8047 5814 4830 2446 4803 4976 7873 1864 4571 6556 1482 5739  455 4663 7648  941  769 1289  888 1290 6889 4291 3948 4660 5703 8464  216 4932 6147 6134 3528 2183  660 6682
  610 6640 4993 4781  481 8431   12 4771  498 6817 3876 3486 6411  227  143  104 7798 3080 2462 5142 7631 6720 2353 1757 3067 4984 7423 2594 4905 3773 3808 5156 3375   85 4084 4236 4325 4114 2818 5210 3261 7418  590 4979 3990   51 7060 1689  424 6405 2844 8272 6109 7910 8092 7077 5244 4587 8347 2694 5674 5206 2216 3617 6892 4910  228 3656 6025 5526 6862  920  973 7690 8245 6489 5949 4875 7363 1099 5985 8211 6561 3513 3997 8087  598 1555 1079  872 4109  184
 7752 4509 3869 1433 6993 5154 1407 3810 6870 1051 1331  553  152 4152 6928 2623 3770 2121 7709 6056 2718 5286 1508 2960  413 7210 6213 2779 5624 3424 4161 2223 1186 6853 2027 2473 2335 8156 2389 3827 2437 6419 1062 6580 6805  761 2996  618 4283 4431 4135 6733 5230 4104 6542 5819 3396 7051 8246 6412  717 2383 7245 5109  286 4073 3133 8320 2454 7803 6926 4609  969 1665 6286 5444 6110 7619  804 4184 3558 2879 5127 1004 7473 7095  368 7541 4937 4030 7103 6068
 5233 6374 4902  949 6933 5288 7266 1326 3328 4622  334 2794 6508 6119  898 1560 5565 1251 4652 2217 4994 7649 7241 4517 5853   38 6085 1038 2520 3257 6703 7622 4627 3645 3821 6674 2776 5816 2977 4715 3203 6833 3247 8094 3792 8143 6832 2918 2688 3989 5045  659 7140  265 6826 2285 4017 7996 6555 1708 7108 6623 4535 4035 6761 7155 2613 8196 2299 3582 2176 4264  974 2784 6747  599  495 3592 2281 1821 2478 5495 5021 7702 1666 3260 2265 4046  903 3060 7242 4690
 3405 3888 3037 5232 3785 4502 3091 1208  153 2775 1770 3621 4539 3687 4232 7771 1393 5157 8356 2193 7315 7719  753 6093 6089 7887 6739 5243 7106 7318 1966 4384  273 6896 7164 4350 7431 1136 7485 3517 5284    3  607  704  714 3630 3382 8127  881 5147 6969  432 3519  407 5209 6526 7577 5956 7911 5590 2050 8349 5818 7792 3663   66   65  684 1965  140 6655 2065 5924 3891 6366 1432 2511 4011 8045 1623 3466  817  479 5901 7899 1940 5096 7772 6220 5372 3698 8381
 2123 8125  982 1562 6188 2142 2867 1539 5395 3900 3533 8403 8288 2215 1024 2573 4824   54 3763 4630 2548 4780 5628 3372 4139 6399 3732 1706 2336 5585 3573 5630 6105 2409 2971 2210 7605 2951 5271 1902 3239 4634 3643 3572 3314 3008  754 4763 7749 4124 1434 2258 7469 6262 8114 1847 6384 7957  386 7365 2975 3446 5488  173 6669 3104 6864 5193 2169 1949  968 8126  933 8447 4518 2739 5309 7728 8154 1260 6661 8113 5084 4744 1351 7827 7112 2110  646 8257 2668 5347
 2376 4471 4270 4245 1764 4775 2969  877 6814 7411 2204 1641 3822 1529 5552 3468 7375 1983  956 2341 2056 5966 7190 6325  332 3960 2061 5753 2545 6248 6629 7007 3175  485 6368 8298 5005 7177 5175 7883 7124 5598 3189 4176 5339 5708 2348 2180 4169  896 6102 1210 3183 6047 7178 5890 4604 6423  839 1549 5508 1500 7352 7243 4193 8163 2168 5747 1094 5981 2304 6736 2749 5729 5915 3411 3414 3072 3830 2373 5939 1177 4255  469 6257 7611 3398 1484 4337 3595 2243 5910
 7100 4437 1234 3238 3310 3724  194 7974 4137 5051 2516 5063 4039 5988  468 1875 7111 7836 1410 1592 2306 4917 5393 8407 8138 1125 7018 4290 5239 7154 7221 4174 6223 2820 1112  411 1743 6289 4221 3457 6738 3778 5259 4499 2159 4313 6831 8365 4746 4857 4877 8384 4362  311 8244 2314 6497 4288 3884 7496 5097 4963 8399 3657 3681 2799 2131 1574 3011 3487 3953 1907 1126 2958   33 4242 5042 3872 2536  541  840  548 7846 6430 8344 2645 5067  736 6866 3429 6409 3064
 8360 4703 8357 1348 3015 7736 1449 7099 3860 5380 2296 7826 3477 8033 3439 1371 1253 5386 4699 7461 6863 1998  362 5237 6565 7262 1800 3745  234 3180 5341 2393 1954 4913 4704 5553 4442 4246 8226 5069 2914 4887 2903 4036 1308 1900 2973 3176  771  277 8332 3913 1825 2864 1652 1715 7892 5857 4724 4536  801 3379 7598 7040 3707 6432 8030 1245 7026 3983 2657 5996 6266 1650 2178 7038 4676 7122 7332 3317 5316 2559  803 4398 4478 6710 4720  676 7091 2397 2911  768
 6420 4691 3562 6181 3099 3128 5033 7700  295 1369 8197 8104 1317 1020 7926 4477  635 5509  454 6757 5450 1172 4958 3563 5567 5074 1865 6797  741 6298 2524 2495  855 2715 6053 5124 5431 7196 6879 3620 7337 7845 7761 2811 6731 1512 3321  250 1451 8250 7167 3129 1579  615   30 1139 5873 8243 3866 7582 4919 5477 3555 1098 3078 2368 1506 4989 7679 8406 8435 5263 1278  344 6983 7971 7049 1721 2266 4440 4659  333 4624  209 4351 6255 2792 8441  353 5925 2514 3366
 4619 7310  639  902 7419 5276 6136 7311 8173 6132 2759  315 7321 5332 4954 3131 1461 2741  730 7973 7940 7037  734 7898 4449  919 2893 3794 3738  897 1600 3904 5751  738 8242 7205 8142 3216 5579 7066 7282 4657 4406 5250 3564 1227 7039 3949 4641 6855 1564 6726 6791 5165 6359 4495 6485 7325  434 4841  116 1240 1542 5224 4146 2161 8409 4358 2865 4119  430 4318 7616 3077 3719 4570 6427 3767 5261 2225 1263 1222 6263  447 4210 2950 1058  822 5093 3101 2044 3896
 5500 3132 2313 8233 2710 1141 5034 4134 6316 3038 5581 5130 8237 1091  480  656 7031 7146  268 7397 1619 5631 7675 1656 8428 4214 7067  363 7439 6902 6514 7276 8137 7894 7240 1175 4649 1015 7643 2222  789 3607 5314 6187 7107 2809 6732 1696 7864 1372 3952 4435  762 5113 3776 1130 7487 4712 7841 1114 5548 5149 2158 7543 6517 5215 8078 1538 5414  847 3049 5652 4807 2422 3535  703 3543 1936 1909 4396 5825  410 4359 2352  790  331   53 1779 1345 5173 8219 5669
 4613 2797 7435 3721 4167 3264 6911 6237 7374 5000 6935 1618  561 7110  416 2543 8275 1535 6149 3304 2045 6800 1975 6265 7952 5188 7863 6071 1031  782 7443 6043 7659 4328 3380 1548 2424 5385 7773 3622  945 3625 5302 3748 3450 1327 3088 7143 4599 6226 1213  167 5022 5787 8183 3715   94 2463 7722 5622   14 3525 7044 2695 4678  689 4526 2515  105 4402 6477  100 4903 5557 6111 3082  284 7739  369 3673 3272 8262 7588 5094  538 4354 1107 4117 7734 3907 5513 4433
 7825  874 7569 7740 2813 6516 6245 2361 6312 3434 1419 6005 2661 6680 2032 5168 3530  642 5795 2192 6041 2753 3781 3197  951 2988 7491 4222 1740 3360 2435 6386  154 2035 3114 6957 5387 6353 7207 5804  240 4611 7027 7344 4426 1635 1246 8149 3388 3850 6854 1439 4969 8209 1633 5070 4476 3909  517 1262 7626 4846  330 3935 3150 2790 4492  851 6881 3140 6513 3972 3036  314 6823 3855 7230 2290 4188 5884 8098 1355 7653 5392 7528 1117 2713 5324 2679 6553 6914 1495