 1790 5042 6086  468 2352  921 1948 8296 3803 5304 2557 5072  404 3716 5113 6152 8227 4785 5410 4960 7950 1572 1075 4361  371 4808 4300  461 7259 1870 7489 1724 8199 1250 1739 7388 2859 4226 2725 3808 8556 3865 6540 6266 7174 1729 4205 3176 4622 7036 5336 5264 4709  475 5432 6124 6165 2224 3116 2369  732 5246 5889 5471 3373 5315 3280 7245 1376 1826 6943 6549 2769 2681 8581 6009 3912  689 5915 8324 4015 6677 8632 2879 2867 6146 6279 4161 3908 4251 2255 3024 2783
 7216 2026 7120 6054 8605 5584 2999 6662 3274 2065 4616 4128 8588 7840 2910 7113 3860 8298 4135 5698 4067   77 4608 4715 2322 4355 6634 6892 2543 5445 2965 3817 4984 8355 1983 8279 4885 4710 3544 5419 6832 6336  633 5694 1096 3514  962  244 7267 2069 4395 5403  405 3074 3859 3363 3578 4561 2705  871 8166 3900 2991 4182 7236 3130 6665 3273 4152 5218 3155 1732 1743 5505  300 2094  391 5227 4999 1671 3754 1152 5624 5610 1844 5223 2752 6543 6617 6051 2871 5013 7190
 3519 8580   41 4700 6499 8140 7020  194 7670 2671 2825 7475 1792 5877 2744 1891 7734  141 5412 7900 1808 8162 2374 2040 6763 1688 3845 2377  196 1009 4275 7030 4028 1550 3418 2602 3127 4367 2049  870 7676  231 5571  611 8238 5837 8437 5815 2032 6558 2012  390 1888 2421  257  640 2014 8540 4899 6342 5565 8286 5769 4204 7827 6396 1189 4073 2038   22  355 8262 3669 7765 3882 6143 7813 7958 6999 3287 5500 1664 6453 7329 3057 4241 3998 8325 1058 6286 4323 3496 8181
 5568  624 7485 6829 4621 1183 1516 3018 1253 4130 7803 7413 7466 7905 8593 6203 6922 8213 1350 1090 2765  274 5885 7861 2650  454 5468 3880 8468  811 1114 3405 2104 5538 2992  407 4287 2799 7759 8302 5495 7447 8434  550 2777 7825 4231 7544 6830 4613 3347 3848 7687 1697 8531 6291 2776 1872 5350 5379  138 2736  711 5919  573 1680 1153 6424 1853 2336 5009 3909 4786 3984 2876 7087 5640 2711 6585 6435  446 4944  288  908 8370 3140 1661 7557 3247 8010 4831 5137 2209
 2622 1758 8176 1165 1728 5306 5244 3428 8615 6391 5857 6288 1520 3061 7504 5224 1304 5161 4714  541 4286 2666 5182  259 7102 6532 6158 4600 5502 8643  617  215 5430 1796 6679 4799 2982 6233 4915 2489 7637 4137 2912 5277 6155 5472 5235 4666 1757 5611 7808 7050  892 3692 5999  864  251 4479 8444 1971 7877 1193 3404 2507  950 3458  563 3499  751 2570 7828 8056 4222 5647 7566 1601 6622 2423 3533 4412 3869 4246 7357 8359  764 6680 7684 1311 1667 1162 5743 7506 4194
 4090  905 7584  310 3165 5874 3804 4313   32 1828 1858 2929 1256 3703 1198 5991 1102 1134 2275 7921 3137 4279 2045  125 1690 1780 4578 4949  285 8374 6902   26 1500 8587 4262 4201 1900 7143 5050  857 6081 1621 6949 5836 3674 7830 5307 7886 6613 7550 8506 7248 3573 6394 7931 2137  202 3355 2838 6141 7153 8567 6636 4038 8200 3037  567 8585 8607 1277 7294 8158 6614 1463 1206 5964 5786 4605 2383 3303 2276 2053 2952 4879 6611 5485 7653 3353 4247 8194 8083 1261 1121
 7108 3645 1372 5206 2001  458 7474 4735 4269  205 8336  850 3615 3858 7362 5252 6692 7627 3773 6112 3429 4987 2976 7000 3091 5156 8387   69 1406 7655 2715 1056 4646 5871 6529 6204 2200 4013   84 2108 1945 1708 5798 2846 7360 6076 5920 7502 4557 2678 5383 6192 4043 1211 7636 1064 5005  119 6071  915 3317 6420 8252 7115 5310 6768 7959 6621 2891 3649 7741 1700 2607 3368 4079 3325 7292 1699  229 7169 6404 8443 4144 5747 3658 2410 5905  374  636 2433 7003 2247 1749
 6899 7868 2055 2767  792 3618 1755 7706 7907 8375 1429 5385 7089 1767 5551 1953  230 2197 1323 4955 8076 8228 1462 4304 6277 8000 1073 7015 8403 1677 7415 1306 2222 3990  565 2727 3987 6225  252 8535 3878 3640 4370 8260 4410 4655 3660  692 8159 3106 1795 3351 1861 7397 5812 8292 5645 3522 7249 6174 7936 4220 7659 2128 2443 6660  482 2654 1217  499 2761 2221 6110 7266 1214 5771 7199 5190  385 2962 6690 3133 5756 3603 2112 2809 7972 7228 1396 2004  591 5354 7312
 7308 4581 6083 7235 3722 3577 2699 6957 4954 6380 7660  632  423 1683 7969 1817 2467 4387    2  281  716 1269 7709 7985 8592  233 2558 2485 2701  918 8571 2343 1488  934 8504 3052 5765 5081 7392 5760 2763 4664 7488 2063  566 2686 5660 2451 5015 1821 2663 4593 6053 6469 2995  996  375 5313 6612 8418 4330 6637 8568 8371 4154 3564 1006 7389 5989 4049 3115 5165  587 5795 3616 1940 4962 3006 4124 4636 6795 1633 7022 3793 5160 7196 6624 4626 8189 7614 4996 1203 1834
 7058 1931 3557 6514 1754 6355 6743 5087 3050 4512 8223 7008 2076 2695 6706 2459 8547 4779 1781 6359 3313 6324 4151  965 5158  818  835 2263 2835 6671 6412 2627 1285 3486 1927 4634 6486 7121 6290 3025 1704 6545 6028 6639 5296 7280 7762 3275 5177 2105 8604 4278 5118 1080 7831 3038 4711 1573 3462 5361 1451  621 2673 7260 1864 4701 5378 4514 5622  250   46 5443 5878 5129 1387 4539 2208 6197 7070 3993 1145  813 2822  752 3286 5908 2023 8061 6430 8071 7210 3002 5791
 4264  728 4687 1319 5782 7286  418 6609 7478 5460 3854 3156 2669 3227 1816 8458 1885 2807 6855 6281 6864 6210 2428 6988 7884 6370 5813 6088 2624 2407 1631  118 4296 2979 8165 7928  845 5142 2874 5469 6853 7527 6652 1478 2148 7445 8412 8263 1435 3015  492 6462 6682 1624 2268 6746 3501 4929 5978 6457 1313 3258 3121 4005 1418 6061 5682 7974 3328 4746 2338 1337  956  411 7904  358 3636 2873 7368 5487 1852 7457  524 8173 2973 3863 2520 7906 3601  785 1397 7124 3947
 5902 3396 3075 1201 1213 3402 7191 2553 7965 6587 5105 1629 5796 2718 7220 2167 3851  102 8192 6045 1771 1168 8536 3825 5109 7004 5493  348 1014 7453 6817 5580 2889  291 4761 5614  104 1803 4428 8398 4268 2688  655 4477  894 2537 2436 3236 8435 7618 8560 3651 6129 3783 3065 2802 6043 7707  696  369 6234 7729 6468 2893 4697 7304  139 3626 4478 4542 3688 6091 6701 3810 6908 5618 5039 4820 1055 1939 5340 4485 1988 4469 4945 8084 7531 3382 4734 5278 5872 2847 1726
 2713 7012 6661 6848 7838 4213 4418 2778 5962 2676  574  625 6102 4322 5504 6805 2998 5056 6206 4898 1930 8529 4866 3868 7878 1278 1366 1368 5362 1279 1976 3591 2909 5615 4718 5990  755 2350 5453 8432 3009 4369  804 3683 5229 4649 6865 3539 5384 6183 3594  715  951 4780 1763 2318 4770 4624 4708  586 2440 5626 6374 1035 8428 8111 7978 7038 5318 4359 3689 1381 7486 7626 7509  582 7056 2525 1984 5733  188 6058 3178 6012 2006 7589 3068 7604 2159 4702 6872 1270 2996
 7110 3080 5138 3780 7032 8004 1811 3277 7166 6721  424 7142 3448 7279 7607 4513 2166  287 4314 6628 8205 2919  733 2229 8550 1346 6135 7895 3290 2402 3884 3269 2850 7091  361 4032 5442 2719 8095 2139 6793  626 4937 4845 2124 1764 4934  551 1674 1132 2947 2748 3598  344 7438 5293 6327 8441 1123 7345 7140 3654 3614 3937  152 3421  351 6350 1079 6524 2037 7745 7792 8562 5330 8622 2018 6252 7941 7560 4291 4003 1157 2232 2636 7723 1850  238 5762 1727 4104 2918 8006
 3264 6432 3023 1474 8054 6583 3288 3460  228 8029 4432 5579 2987 6106 2568 4301 4302 1800 2204 3409 6631  335 6309 2625 4883 5954 2481 6782 3020  318 2288 6385 6417 8051 1733 6276 8069 6506 8309  797 4798 3432  471  212 4694 2074 5870 2054 6024 7812 7068  957  688 5530 1614 4612 3142 4209 7881 5301 7136 4812   48 8182 6262 4474 5729 3945 6777  191 2895 3812 7988 5593 2559 3345 1257 2173 5407 4774 4494 8096 4935 7271 2142 2267 1065 3806 6423 2582 8646 3470 5534
  509 2774 6530 1334 7730 4654 1529 5952 1024 7135 3191  875 7651 2366 6575 8070 8075 2246 1126 5839 5561 8413 4863 5094 1702 7860 1242 5110 5149 6422 8116  299 1448 2310 5986 2071 7226 3713 2950  286 3948 3721 3445  232 3380 7934 2771 3932 7939 6402 7616  490 5459 4555   15 5286 2406 3291 6967 5128 2954 4596 6676 5198 1382  160 8648 6010  167 8499 2290 2020 3951 2505 3588 4541 7139 7751  380 1486 3684 3693 4126 3814 6838 4087 3559 5290 5764 7971 4693 8394 4448
  609 3249 2199  970 8217 3282 8344 3143 3731 6509 2565 7047 7472 2618 6241 7500 2171 3502 8294 1124 3086  984 1344 3071  278 1131 7264 5345 3098 7576 6340 3819 2138  134 5858 6511 3831 6839 7944 5131 8132  277 2503 7419 4869 2306 1970 3545 1089   68 4876 7499 4435  720 4592 1916 4577 1301 1460 7133 7896 3922 5240 1196 5666 1877 5757 5395 2542 4540 5355 4517 7299 1536 4756 7151 4321 5846 5687 1243 6880 1234 8151 8473 4192 6285 6594 3725 8493 2920  489 3362 8489
 4122 3777 1150 1357   19 2833 5220 2547 3749 7902 3477 6267 2980 5477 1191 3652 6395 5170 6876 5636 7852 7237 4727 5679 5585 5869 1981 2502  316 7772 5977 7561 6905 5433  172 8164  260  648 1401 6917 2035 7366  779 8161 6495 7640 3136 7177 2723 4936 6874 2985  121 2861 8157 7976 4839 5037 2044 6860 2972 8548 2125 4085 4528  824 3007 1574 8328 6643 6002  262 2661 1974 1585 3196 4120 5058 1510 2743 4070 6069  148 3610 7470 3720 6539 2577 6586 1034 6693 3296 7711
 7605 8379  354 3076 2906 4884 1154 8523  177 4166 6500 6313 1659 6492 5938 3371 5374 2797 7363 6940  658  865  938 8522 3745 5008 6714 1698 7404  450 3946 8569 3293 7273 1722 5522 3675 1615 1477 3568 2160 2957 4288 5200 6552 5108 1693 1410 2888 8305 2321 1492 1298 7290 1043 6849 3413 6961 4119 1226 6080 4022  712 4531 7078 7716 5996 1028 2971 3420 6368 3389 4487 2986 4290 6958 3358  641 7789 5151 2993 6139 8123 1546 7375 3798 2924 1159 7123 7512 6437 7180 3739
  327 1514  588 6508 2927 4864 1333  919 1587  180 7002 2324 7663 7251 2164 6928 5930 4928 8024 5262 1639 7666  463 2619 6194 1993 3219 7206 1875 5896  516 8285 1547 4601 8452 8633 5684 1378 2178 2703 5742 1046 4530 8163 4375 7617 6331 7917  952 7567 7138 6866 5520   25 3289 5693 3926 1966 2949 3838 3209 6111 8281  790 6021 7532 2316 7147 4783 1197 6314 6062 5164 4749 8318 1605 4018 7816 2429 5114 5203  282 2702 7820  982   42 5577 2439  936 6150 6444 2603 5649
 8019 7331 5841 4406 8060 7993 4564 3895 3836 5061 6180 7498 5780 1322  849 5703 2760 5085 6694 8623 4651 4342 6042  675 1324 4768 7130 1440 5800 8447 3815 3787  261 8498 1717 2518 8631 5356 6825 3422 8647 3834 6337 1908 5095  235  823 1495 1543 1147 4320   52 5429 4895 4259 2297 1315 3607 5854 2236 1725 4844 3044  474 3608 2757 6819 4983 5171 7839 4142 6942 6098  817 2851 6691 7380 4823 2363 5672 1501 7649 4012 6377 1471 1151 7364 8108 1831 2082 1467 2928 2964
 6913 6047 2116 5770  589 6347 2770 7865 5849 3129 1809 4811  660 1231 7097 6566 8356 5758 8120 5371 6137 6826 6167 7799 4521  447 6169 8627 3417 2109 2490 3058 7044 3562  517 5420  822 7579 5140  666  219 2389 7462 1820 1281 7864 1283 4981  166 5680  472 3073 6222 6719 1544 3112 7986  493 3053 6868 2921 6208 6343 2837 1130 4566 5332 3159 7154  734  357 5587 8168  142 6265 5700 7452  498 5552 5856 7554  383 5875 1653 2087 6915 6972  174 8243 5231 8599  986 3214
  642 5891 8031 5028 7629  431 6307 1100 5189 6401 1656 7736 5926 7321 5221 8028 5031 6161 3719  654 4243 7712 2498 3627  743 7646 3498 2969 6650  443 4904 1143 8358 4127 3101  702 4382 4468 6283 2287 5980 3913 3890 8617 2395 4804 3036   89 3666 6954 5861 1638 7218 7585 6131 1407 6626 1445  337 5842 6068 2280 3670 5921 7193 1430 1731 1996 6140 1005 4444 6923   92 5925 4680 3828 3759  821 2915  860 6959 6925 2784 5537 8483 2386 1989 5543 7244 1212 6641 1209 8312
 1137 6910 7542 4737 3340 1554  157 8354 8364  682 4932 6472 8291 4257 3406 5547 2652 6596 4556 6120 5180 4007 8171 2734 2360 5788 7401  466 3175 7984 3012 7742 3237 3365 6885  279 4413 5102 3251 5755 4450 7371 7239 7313 6237 7146  237 1636 8542 4210  653 1933 1450 4168  186 7726 4235 7932 2712 2176 3975 1530 6064 6118 8391 7484 2659 4009  292 5175 1691 8321  107 4683 3751 7223  416 2381 2477 6189 1224 6535 7518 1409 3510 3438 3989  144 3314 1412  309 6390 6632
 5237 6480 8404 7322 6605 1867 3864 3004 6502  730 5370 4123 4048 1246   73 4809  793 8600 5712 4763 4460 7127   21 8408 3809 5464 8457 4573 2571 4629  968  253 6992 5298 8273 2587 1310 6040 5676 5933    7 7810 1762 6148 2940 7490 1714 7630 3099 3527 6381 1804   93 2648 1316 7883 8032 8139 2810 1752 2315 2309 8485 7785 7613 2039 4356 3877 2790  100 3983 1379 7872 8554 7406 3867 1109 7062  947 2839  584 1341  971 2478 4645 6606 7505  349 8610 3454 2941 6297 4371
 6015 8555 8484 1904 5078 2375 6366 1782 6341 2107 6201  580 5279 4174 1295 7440 7184 7317 3876 7638 5852 3659 4583 3480 4529 6488 4755 7348 3029 1032 3965 3668 5174 3400 5759  329 8519 3930 1291 7790 6667  425  536  151 4553 5025 2779 6963 1866 7938  759  994  941 7155 1582 4086 7901 3226 1465 4814 4547 2854 5965 1669 4822 6191 5623 3435 1238 8256 7956 4802  553 6320 4098 3471 3740 3916 2337 6728 2079 8152 3187 1061 5148  736 6458 7459 7037 2598 3680  598 7114
 2943 6171 1047 2179 3070 8040 8491 6230 8400 7014 4411 8516 2722 7801 1538 1255 2456 1637 2024  101 3646  533 8183 5556 4334 6178  323 6305 2491 1568 5737 3579 7721 6122 3239 3611 1594  503  945 4484 1756 4705 4995 1880 7611 7764 7908 8595 8081   66 7276 4075 5844 8402 6971 2942 3088 3151 4830 2616  812 6459 1561 5823  990 7961 6861 2696 5352 5732 6648 4525 1489 8201 8411 8575 4594 3821  858 2325 1926 6718  209 5496 2285 5599 1751  664 2638 2089 1361 7555 4986
 8289   76   64 4391 5894 4254 6445 5831 4706 2926 1942 8616 1432 2205 5386 3049 5186  724 7541 2131 4627 2110 3778 5366 4538 8314 5019 5033 5499 6716 6399 1029 3356 3623 4027 4415 8283 1517 3760 5205 7194 8057 2511 4941 2656  155 6193 1619 7386 7846 5932 1186 2083 3447 4065  433  768  596 2897 5299 7718 5702 3066 5120 2720 2295 3426 6116 4787 8352 5076  114 1580 5976 3717 2461  827 6059 2077  115 8112 4051 7530 8327 3763 4472 8442 8423 6993 1494 6752 6744  852
 4731 5321 4554 1297  455  980 7591 1273 4219 3309 1375 6951 7621 8216 5567 6523 5724 5882 1952 6159 4008 7119  445 1356 7602 4833 3357 4026  614 4136 8602 8065 1965 5564 5834 6003 6780 3243 5558 6346 5950 7674 1617 2469 2047 6134 2731 6304 2931 1347 6097 4434 1399    9 5683 2486    5 5648 7871 8185 8049 5609 7948  737 5525 2534 6020 5475 2029 4668 2535 6950  413 7283   27  590 7842 7393 4740 3541 5720  729 7669   75 1896 1067 6608 6289  983 7448  395 1117 6144
 8072 1681 6553 6813 4303 7763 1522 2387 6484 1950 8372 3556 6187 3431 3842 8315 7713  578 4088 6476 4522 6493  538 6157  428  479 3724 3536 7819 1902 2642 4034 2493 4690 7977 6166 2185 5125 1973 6657 8297 6975 1393 4225  204 7695 6339 2937 4274 1626  798 3587  571 8558 6834 3109 7863 5292 3378 2305 7545 1048 3449 5438 6093 5380  575 5864 2706 5526 4789 3035 4017 5456 6699 8381 3526 6684 1101  959 4978 4695 6630 2735 6440  668 5772 2817 8280 2384  537  909 1223
 6067 4849 7240 4800 8106 4855  301 3529 1707 4417 8230 4340 2134 3942 3585 3902 5141 6762 6270 5263 6447  306 5714 5376  240 5669 4160 4515 2945 1883 8035   23 3679 3746 3672  838 3933  343 6811 2488 5906 2256 7887 7263 5243 4659 3789 6039  384 3229 5563 5641  746 3788 4143 7731 5339 2978 4623 3334 4470  880 3752 2181 4236 1373 5103 5098 7109 3283 5752  223 7795  775 3060 4482 4922 7791 6151 5901 6383 6027 7408 2472 5127 4216 3135 2721 7899 3423 2580 6776 2917
 5576 2235 6275 5528 7692 7261 1327  911 3148 1274 5040 5001 1847 6921 2057 1428 2346 4508 3978 3300 7049 6792 7072 8341 2215 7359 3705 8492 1398 6569 5971 7892  572 6542 4037 3464 4650 2416 4586 8020 3081 7559 7467 6087 3711 1394  700 5738 7006 6409 6700 7034 5810 2072 2855 4681 2311 6119 6977 7282 4071 5396 2913 1537 1149 3742 8053  780 5066 2872 5707 5913 2806 7013 3839 3034 6698 1442  399 7252 7005 3331 2898 6604 1287 4228 2793 1951 1339  149  429 2191 2550
  683 7702  495 7867 4920 2857 5342 5940 5785 1003 1715 7451  758  926 3835 1555 5527  794 6931 2583 5447 8350  801 1426  895 6123 3206 3730 7487 6800  697 8210 2277 1997 5436 6334 2157 8203 1110 6127 1470 5715 2068 7615 2127 8130 8490 3124  704 2382 6092 6466 3059 7351 5150 7201  602 4072 4092 7556  881 1869  841 1248 7265 2312 7778 5079 5708 6627 4591 2418 3699 6228 4000 3757 5931 7815 6008 2396 6190 5521 8014   55 6416 7581 4580 4146 1359 3662 3310 6388 3604
 4813 1247 6036  438 6851  296 8544 2925  669 7310 7341 2447 8576  893 4817 4272 6761 1992 6353 4106 3962  518 3959 2193 8136 5287 1479 6491  197 3830  487 5259 5548 5086 1921 7805 4439 6413 6034 3234 1083 5942 4919 7747 3386 2210 6633 3218 6147 5784  662 7516 4497 4742 6852  535 8518 4527 8207 3446 3415 1264 4536 1216  859 7911 2279 6329 3457 5643 8224 8597 5210  757 8098 5797 6741  341 1559 8160  111 2990 4748 2907 7645  105 1663 5827 1057 1775 2261 7029 8178
 5718 7227  803 3198 6427 5011 7463 1229 7141 5390 2368 5364 4550 2755 4084 2840 3014 3995 3625 4572 2190  414 3442 4402 7701 7076 6232 2021 8303 2894 4992  931 7157 2684 4537 6588  741 8237 6311 1452 2207  773  876   97 5035 2379 1746 3256  891 4805 8235 7497 6322 1586 5825 6503  924 3696 8043 4678 2868 2730 6788 7101 6382 2812 8222 7325 6666 6335 4743 2106 4315 4453 1571 2227 7403 5049 2482 1682 6406 7992 3372 2182 3266 8494 5929 6243  898 2273 1841 7150 2466
 7783 8505 5981 7733 1170 2994 7631 8611 6371 6804  774   12 4169 4195 1497 6199 3619 3011 8625 2090 8013 2212 6221 2811 6501 8249  295 7873  163 7537 7229 1565 5628 6750 1504 4118 1302 2856 5029 1348 3021  280 3377 6903 5261 2562 2620 1468 5664 1069 3736 2413 3968 4284 4510  629 4020 6436 7562 7743 4446 8417 2186 5847 5748 3590 2524 1962 5711  221 8545 2864 2813 7319 2372    6 7999 3857  147  999 4393 7517 7353 8021 4938  420 2340  540 6271 3553 4004 5100 7698
 6403 2174 2239 3632  705 1423 2361 3737 2430 6317 8037  867 6823 5955   67 8433 7096 8133 2610 1037 7215 4496 8175  806 5431 3580 7538 3554 2058 4758 1742 7940  627 4405 1455 4409 3087  459 5474 2278 8533 2914 4452 7033 7727 7843 5319 6779 6316 3118 4180 5545 6497 6295 2975  940 5602 3456 4950 7349 6856  595 5092  568 7103 6681 5057 1769 1818  377 3641 7455 7625 7111 5400  419 2180 4329 4963 2791 5440 5382 5821 2101 6687 2528 5163 4285 5881 6247  156 2265  650
 8233 3046 6893 8335 2500 6145 7281 7514 4360 3329 3820 5317 5391 8527 3606 6052 2061 4185 3238 4396 3478 1414 4859 7565 1441 1239 6786 1657 1689 2606 5334 7841  851 3022 2218 5569 6365 6235 1779 7391 1427 3523 5539 7919 4796 5866 6207 2863 1835 7315  342 6007  481 8431 1920 2342  488 7786  622 6895 6351 7594 4827 3518  616 8087 8621 1849 1905 2097 1840 7145 2445 2758 4778 3117 7760 1519  532 4906   54 5697 7930 6004 6038 6049 1991 2385 2241 7254 1531 1395 5219
 1331 2085  674 7324 5423   56 6919 4806 7947 3212   62 3991 1694 7980 6938 6755 8245 7608 7192 7339 2092 5886 3964 6299 1237 1125 6842 8645 1915 6712 1938 8346 6224 2084 7536  183 5194 2100 6850 5260 4760 1873 3963  328 4684 1696 6516 2259 3938  604 1175 7793 2471 7468 7889 6025  916 6936 4117 4108  861 1937 7434 6163 7202  502 4632 6640 4184 3826 3111  667 7212 4816 5297 4704 2977  756 8239 2454 3827 5730 1666 3385 2257 8521 3677 2714 2170 1190 8155 5638 2149
 2821 5285 8131  887 7277 4722 5559 2963 1320 4568  491 7596 3853 4438 4060 8188 4502 3967 3891 6013 5014 2194  123 5498 8462 3524 1464 3315 3469 5867 6419 7590 5540 4782 6306 4023 6205 7045 7272  304  770 6944 6070 2829 2117 2916 7424 2908 8634  963 2043 5347 1806 1240 1540 7333 2569 6597 1609 1095 8229 3861  465  828 8508  839 5191 5133 6772 5242 8036   63 3167 2660 7247 7483 6107 2286 8007  854 4490 4081 7571 7880  543 7436 8001 3985  546 1832 5051  456 1673
  769 7949 2362 3244 8512 6379 6751 3391 1290 5458 1963  497 6229  247 3261 3630 6035 8313 4795  218 8148  739 2183 7423 7781 7953 1164 6522 1493 3157 4234 1602 6771 1814 1194 5982 3485 4384 7523 5478 2617 8347 3638 2662 8191 7337 6911 3548 1017 7696 5467  430 6033 8362  239 2048 7352 2576 4793  169 2640 1607 7753 6802 6998 1314 2465 1718 2517 7624  440 3893 7824 6926 4345 7836 1051 3252 8384 5851 1218  569 3410 7750 7715 2836 4924  270 2370 5178 4560 2390 8039
 5773 5790 7854 2933 7667 1449 3980 4001 5059 4631 5616  863 4420 7053 7080  748 4501  677 7278  701 6079 3348 2220 1085 6474 3041  268 3667 5300  217 1136 5897 4630 2214 8153 3163 2657 1676 5328  417 5824 6591 4189 6526 8124 1576 4951 1768 5402 7859 1321 2056 1511 2599 2692 1995 4454 7350 8619  222 4868 2409 7522 7848 5212 5603 6879 5969 8261 7826 7639 4398  958 3360 1241 5613 8197  106 6635 4357 6200  998  731 7664 4255 1033 1801 8146 4380 5860 6807 5273 3503
 2988 4206 8495 2732 5269 2248  117 2533 1895 3001 4208  814 1307 5634 4115 1610 4239 4498 1443 8212   88 6843 4121 1894 6496 1597 8232 4653  635 8624 5792 4914 8141 5214 5216 3957 2274 8240  659 6048  579 5956  427 6579 2154 3479 6697 3558 6293 5449 5653 4532 3970 1558 4030 4187 3700 5947 7081 1777 5490 2515 3671 7320 2051 6428 8530 4471 8050 1890 3513  879 3596 4341 6664 6668 8307 4063 5111  930 8422  747 3166 6798 7409 4873 3552 3078 7343 3323 2249 4765 5204
 8041  130  181 6901 8552 3492 3250 5654 2470 8044 3146 7411 8208 1119 4147 1660 2289 6889 5408 8319 8353 6475 4921 6862 7372 5416 2015 1289 5045 7055 6168 5807  273 6897 5754 3795 4378 2329 6884  846 4059 7583 4335   34  868  364 4368  386 6886 5415 3694 3528 2742 3571 6125 2270 1088 5006 2320 1645 4675 6263 2593 4543 4466 5627 5887 6185 1424 6534 4281 3709 5951 1710 3279 3905 4215 8272 6142  406 5486 6997 7898   95 4045 2561 3144 2081 1115 4172 2332 7534 5166
 3211 1340 6623 5281 6547 3764 4337 3612 4549 1593 7834 3190  791 1785 6756 6006 2411 3847 6669  501 5034 1172 2483 8104 3450 5542 7609 1569 5736  193 5734 6590 5657 7769 5000 3320 4856 6410 3233 7796 2685 7219 8099 5247 3621 6658 3772 4821 2630  581 5213 3359 4652 6485 3392 6041 5280 2899 3337  679 8644 2667 4095 4669 6099 4238 7794 1272 5211 2203 1518 5389 4803 4343 2147 7837 4309 4240 1288 4533 1188 1955 1422 6821 3969 2476 3567 2860 7225 8392 4280 1889 4308
 2254 4509 5983 3367 5928 1914 3097 4972 8311 2213 8253 5047 4923  449 1020 2075 3605 5501  140 1099  631 7444 7829  761 5157  271 4101 3411 8234 6082 1266 8454 6898 2365  103 7756 8460 1062 7903 6483 2716 1592 5828 2805 6672 3981  831 5494 2951 4458 4193 5187 6980 1662 1910 4946  477 1887 2816 5735 6236 2750 2096 8471 5658 7665 4133 7009 2431 3433  843 7690 5104 3676 2031 7051 8277 7129 5090  782 5639 6325   17 5629 3775 6264 2827 6983 5483 7318 3832 4595 3531
 3678 5096 1309  542   49 7593 2067 1533 5509 8578 5776 2371 8582 7334 2356  948 5428 1040 3802 8242 4516 1053 6438 1084 6515 3944 2782 7079   96 2966 7323 1925 6565 4852 6688 7144 6952   58   80 1564 3628 3147 3200 1254 1205 1380 2608 6477 5365 8564 6607 6019 5646  783  820 5731 4462 2944 6301 5519 1528 6877 3297 3856 3489 7511 8278 6765 6441 1415 1173 6364 6812 5294 8339 2010 2122 2452 2830 5134  643 7291 5740 7224 4853 2296 8093 8101 5670 5909 1980 5620 3701
 7744 5082 1541 1135 6136  613 8563 6896 3043 4078 3082  671 2545 4534 1343 2631 3494  890 4957 8121 1622 5343 5230 5324 4392 7395  652 3829 6373 7439 7158  359 1490 4872 5004 7183 6296 3051 4266 3120  136 2700 3560  800 7059 5895 1328 8539 1318  476 3915 7575 2538  866 8079  367 5573 3459 4829 8440 7122 5888 3322 8365 6642 7378 2981  725 4815 5518 3268 4140 7998 3714 1509 5139 2818  330 7822 5215 7162 4988 4729 4640 4953 5778 4858 7370 8456 1845   99  146 7543
 1600 7017 1446 1703 4917 8264 6319 1007 7384 3807 5196  129 8030 1111 3205 1092 7232 7768 1403 3582 1562 5322 6673 5508  201 1431 3138  954   72 4261 7185 3141  484 1004 6077 1098 4896 5228 8449 1158 7268 6883 3179 5071 5425 6747 1599 3540 8628 6784 8045 3538 3194 4171 7494 8338 2219 1128 3894 1854 6656 5903 7817 7746 2121 4642 7429 7954 1421 7573 8073 4689 3644 4403 1074 6803 5607 6638 2450 7172 7916 1167 1579 1192 3352 3401 5777   24 1360 7652  718 8438  781
  236 4486 4587 1947 4069 6538 1402   87 2862 6260 1358  904 1249  699 7597 3228 3816 2027  760  618 7284 4766 6601 3929  508 6016 3173 7118 3463  397 3010 6014 4918 7574 7806 1692 6570 3079 5253 5801 2892 8003 3687 7784 8393 5804 7149 3898 3128 5811 1846 3517 6956 4891  387 2403 6261 4505  686 6715 4523 7650 4429 5515 3506 6574 2747 3950 6890 3132 1116 4036 5052 5970 3941 7634 3304 4481 6294 4196 4011 6559 6149 7894 1612 4068 5582 1865 8419 6891 1433 7568  816
 3272 5424 6258 4188 7427 5043 1010 2651 1813 1436  248 1986  784 6528  294  124 8594 5937  307 7697 3631 7338 5594 6018  331 2647 5900 7066 4862 1567 5091 4882 4767 6011  439 2749 6448 4617 3216 6109 5027 5916 7804 8565 8369 7476 8466 4125 7125 1093  570 2764 7708 4910 1766 3750 4040 2394 1049 7654 5041  862  265 8089 1296 1998 8170 1641 7818 6162 1487 7668  365 7402 4846 3042 4908 3468 4667 5238 2086 1944 2506 1503 4449 7552 5422 2694 5946 7501 6023 5480 3811
  398 3326 3311 7942 6505 1271 6326 3107 5960 4810 1208 7549 5503 2884 5233 2102 4588 5275 3642 7832  178 7007 2531  953  208 6820 1886  623 7642 3955 7580 6408 8377 2541 6421 3767   13 7293 8534 7203 6095 3008 8005  171 2011 2093 7952 6363 7540 7098 3207 4457 1578 2150 1244 3213 3104 3188  714 4488 1999 2392 3154 3792 4129  206 3822 5476 8251 6600  514 4674  744 3542 6072  305 8033 8507 1523 3408 6256 3308 7866 8258 1459 6563 4974 5117 1230 8149 8425 4769 2317
 3952 2614  564 8389 2307 4363 7720 2566 1716  723 3855 7882 3259 6748 2683 5578 2741 5592 5595 7714  444  108 1735 1810 4253 3270 5514 3488  396 3917 7460 6965 8590 4781 4567 1583 3366 1106 8074 2590 7807 3664  955 3215 6090 2291 8502 6452 5820 4214 4777 6644  558 7011 4230 1892 4979 5612  448 5853 1330 4633 8220 4459 5685 5185 4057  332  513 7553 7967  819 5686 4772 7262 3452  874 7170 8407 3800  942 7385 2201 2546 6172 7564 3974 5116 2697 8066 5709 3174 2911
 4373 7914 3661 8532 1420 6302  885 8401 3453 3728 6454 4282 2347 2155  437 3096 2091  168 1750 2519  283 2408 1655 2653 3149 2754 8638 6429  979 2762 6254 6909 4874 7420 6969 8420 5123 5713 4638 4031 3919 4242 1262 4258 2172 2708 3966 2693  350 7295 8038 5305 4414 1734 7175 8150 6836 5604 7920 8368 3653 8340 6769 4606 1606  187 3584 5388 2442 7774 6878 5065 1581  597 1050  645 7083 7529 8316 3443 5404 7326 3776 7204  796 6442 2597  311 4404 3295 4408 3436 3852
  976 5398 4643 8142  644 2717 4990 3122  888 1557 7761 1979 6791 7442 8091 1097 8546  381  505 5923  562 6471 6315 3943  646 7990  269 5225 6796 1215 2438  506 7997 1542 1498 6520 3602 7067 6867 8034 4916 7776 4751 7173 5934  656 4083 3083 7925 4865   51 4559 5452 1038 1843 3928 2206  975 7361 7957 8254  592 6589 2017 4273 5399 3520 5617 1512 2588 7431 7069  967  672 5822 3192  170 5106 5802 8247 8244 2353 5070 2675 8115 7480 4503 1620 4545 1712 5461 6066 5914
 8397 5401  826 3316 2335 7390 4362 8395 8446  961 2313 2355 1258 7205 7367 1608  539 7704 4440 8439 5303 1829 1588 6348 8551 5590 7923 3040 8453 4207 3184 6078 7548  638 1719 7090 6101 6646 4372  547 2327  511 7231 1276 5832 4610  338 4319 1457 7703 2605 3246 5673 4575 4973 7410 4431 5272 5843  913 5003  972 5331 5741 6767 1787  298 2768 4736 3067  992 3361 4913 8128 7021  685 1263 3376 5513 4792 4461 5974 6945 6344 5124 2245 4966 3988  486 3650 3181 3535 4455
  321 2064 6198 4388 6758 2398 8147 7387 1613 5507 7301 8598 5671 4176 4324 1496 5038 5372 5121  974 4615 4307 1855 2113 2581 6273 6389 8055 6970 3979 2689 4857 4365 5586 7234 3189 1987 3953 3301 4316 6733 3241 3341 1174 3339 2140 4961  901 4400 3472 7918 2796 7412 3656 8058 8027 4055 4333 1822 1444 7479 4628 1480 8080 7355 5994  722 5997 6001 3171 6105 1982 7767 1737  460 7217 3084 3305 4105 4306 1720 3574  993 7160 2613 6781 7513 1204  333 5830 5167 3563  110
 5750 3569  435   79 3319 4982 7943 4703 5044 2798  719 7682 8351 4614   18 4739 6115  929 8373  370 1788 3873 8268 6518 4317 7269 6094  525 8282 1713 3344  789  264 1461 2348 7606 8138  243  266 7909 6223 7891 1570 5179 1635 4663 3395  707 4565 7982 5083 4113 3267 5945 5465 3797 5184 8144 6702  326 2002 1776 1825 2088  485 4836 5589 2828 8107 1447 5201 2567 4797 8497 4685 4661 3195 4295 6407 7787 5744 1943 7960 5136 2414 4480 8052 8110 3441 5917 4930 7086  554
 6960 4050 8618 1413 4293  500 4080  409 6312  847  113  112 7328 7106 3682  935 8511 6704 2495 4665 5949 5368 3338 8088  467 1015 5312 1957 2401 5808 1312 1859 7673  549  788 3481 5723 5369 5817 1802 6415 6248 7354 8383 2258 5631 3162 1068 1956 7507 7365 7289 3203 3766 6555 2299 5406  360 5255 5835 3718 2775 5667 6173 6050   70 5308 4339 8290 6546  258 6871 1077 7558 4679    4  320 2958 7176 7987 4686 5922  836 8342 6759 7915 4029 4752   31 6352 5704 3092 5457
 2501  432 5387 4364 1008 6593 2034 6482 2226 4948 5323 6470 7311 7648 5489 5918 1706 8257 7725 1342 3350 6138 7683 3483 5575 4524 6685 4149 2756 3622 3299  214 5288 6121 3095 4112 5492 3180 3255 2521  127 4245 2579 7035 8241 7376 5248 6573 4599   47 8246 4153 5845 7862 5335 4114 1560 7966 5249 7040 7493 8464 8500 2098 1545  693 7344   91 5739 6987 2687 1960 3031 1566 2463  422 4311  334  928 2240   78 8589 2455   81 5803 1353  960 4590 8323 5353 5012 3217 6369
 2283 7656 5749 3733 5944 2133 3193 6580 8509 6727 7302 4014 1275 1326 5873 5435 2272 4837 2573 6446 8455 1990 2264 6195 7622 7152  289 6571 1643 6231 3954 5993 3383 7757 5054 1437 4635 2005 3231 4907 7432 5466 1893 7719 5351  132 4299 4851 5080  678 2333 6674 5935 7443 1954 6713  133 5725 2637 5446 1163 2187 6308 3114 3039 1335  451 6739 5426 7857  352 4644 5510  807 8276 2728 6527 3715 6548 2691  225 6939 4475 3770 3253 2238 3589 4159 5439 8129 3461  721 3888
 1425 3823 2341 2549 1819 3182 2539 4745 8105 7913 2000 7647 8269 6794 6986 4582 7074 8062 6754 2424 4229 4902 4107  745 2060 1180  985 7099 5162 5705 4976 3511 5633  896 7623 5546 5890 1070  227 8143 2842 2887 6214 1169 6037  610 5254 7093 7303 1176 3769 4499 6434 2284 2132 7023 6328 8179 8451 4445 3996 3197 2143  544 2759 5122 5295 5241 3837 5075 5848 1466 1308 5409 3500 6827 5267 7061 2237 3813 6914 4848 3931 1618 4025 2556 2373 1730 4870 2449 3505 4390 6220
 7208   60 7547 7737 2030 3131 3879 8553 6955 3412 4552 4061 3437  749 4576 1030 2644 4173  159  150 6274 1184 7168 5829 8026 3094  154 3278 1235 5662  670 5226 6576 5270 7798 8134 2103 1760 3384 2420 5101 3897 6017 6670 7628 5775 5073 5250  727 4046 4489 2323 5892 8487 1978 3647 5953 2554 7569 6976 1054 6084 7773   53 5939 1391 1652  889  373 6358 5751 7963 3416 2494 3896 6659 6964 7435 3698 1499 4506 8570 6282 1265 6400 5341 5562 8219 1185  673  442 6239 4860
 4670 1383 4730 4203  995 6349 1684 1860 5030 3397 4491 4801 2468 6392 3655 4579 3032 4467  927 1472 2922 2882 7233 3210 4443 2655 5381 3899 6393 8218 5099 6164 4854 6806 3208 5588  787  182 4298 1946 4463 3108 8436 6797  665 3342 1837 8090 4750 7700 4894 4985 1526 3427 8086 8427 1025 8470 4968 2881 5032 7238 7426 3439 6778 5181 4507 4041 2997 4134 7775 1525 3455  523 5236 4326 3240 1830 2959 5544 8463 5635  226  809 6790 6450 6292 1772 6775  290 5309 4657 6941
 3069 5651 7241 2158  840  559  742 5805 4603 6525 7342 6764 2432 6375 3883  844 1515 4850 2266 6567 4585 7465 5619 7524 7255 1505 2794 5176 3064 7922 6735 5363 3153 6397 3911 2575 6433 8486  457 5357 2690 2780  997 7243 5245 8190 7732 2281 4348 6618 7414 5819   45 6822 3495  379 4139 5069 2405 6789 1553  750 6085 7052 2679 4256 6736  496 7041 2444 7962 3532 5696 4157  691 7592 1220 8388 2960 1611 7042 3235 4696 4358  608 1876 3906  907 7890  899 5529 3935 2136
 1744  529 7306 8640 3199 6749 8343 1127 3707 2877 6439 7394 1848   82 5232 2260 4903 1161 4940 1672 3741 2586 1113 6835 4773 5598 6226 4658 7968 2766 5130 7735 7525 2008 6705 4747 3312 4178  607 2153 2841 7681 4716 1027 3785 8109  534 3248 2007 1210 3072 3186 8478  681  873 3903 6521 7491 3971 6894 4089 6989 4738 2151 1549 7287 3907 6686 4753 7610 8517 8154 2192  195 5779  246 5427  882 6519 7477 1507 2453 3430 4110 3103 6783 1227 6982 4318 3824 8193 5479 4925
 2970 2664 4217 5097 4725 4834 1740 5746 8215 3048 3321 7346 8177   98 6259 8119 4707 6060 7495 4493 5448 1103 5883 3354 6870 3474  224 7148 7780 7025 5392 2168  939 1041 1648 2225 7088 6251 4712 3550 2189 2560 7520 1018 2843 5555 7680 6498 3927  946 6186 8322  932 7200 8421 1878 1179 4211 2844 2635 3673 4263 8122 2526 2983 7675 5462 1911 3918 2415 7399 6809 7577 2314 1919  856 2772 6689 1476 4672 3657 6212 3381 5454 1994 1473 4828 2834  639 5077 2425 7779 3843
 6815   83 8214 8287 3003 1958 2658 4227 4589 4297 7739 1362 6257 8085 4807  415 1913 3972 7473  392 8543 6284 7100 3201 2262 7853 3600 2462 7811 6481 2923 1305 2499 1773 8541 6757 4465 3335 4131 1252 7510 4826 6494 4035 2746  690 5689 5036 1336 7482 7309 7728 3871 8577  753 4019 2231  464 3515 2819 7257 4248 4423 1632 4757 7316 5068 2397 5961   40 1000 4422 1140 6108 4825 7661  263 2376 5838 6924 7449 8288 7454  254 5557 2115 1646 5637  473 3940 8584  698  220
 4548 2326 6536 4116 1932 8637 4818 5417 3388 5943 5691 5017 5268 4270 3997 4889 5217 3686 8579 2062 3375 3497 7179 1144 4964 4021 2234  441 8329 4759  145 7001 3765 4741 4476 8206 5608 3643 3113  347 4419 5193 4569  322 2729 1338   16  799 1141  249  717   14 2984 5373 6818 3493 6564 8017 1907 6246 8016 8573 2904 6367 5799 2271 2391 4952 2875 5606 2609 6904 6219 1438 7633  522 2298  657 7740 6932 5284  510 5876 6026 6709 3576 7481 5208 7955 8067 2563 3521 6510
 2824 7679 5393 2604 8025 4346  872 4156 8317 1736 4901 6723 8636 6730 5957 5367 1701 4900 3706 6625 2304 6104  315 2804 7879 7964 2080 2441 1280 8345 3487 3744 2427 3570  210 2738 5517 3302  837 4892 4890  401 2217  687 5665 2165 2540  426 4905 6372 2707 1120 7797 1906 7771 4377 7672 1352  521 1484 4604 1416 8642 1345 5024  388 2831 3525 2019 7253 2905 6356 5884 4294 3910 3047 7164 4776 6560 4336 6845 7297 1794 3624 6859 7546 7601 7946 8172  776 6467 2792 7814
 2496 2446 1923 7598 3961 7464 8537 8304  663 1267   74 6675 6272 7935 3504 8064 2111 4381 7788 6513 4724 3885 4886 8275 1823 1711 5152 5159 7242 8082 5359 5222 3994 2740 7027 8515 7379  276 2869 2939 2896 4249 3547 1148  179 4338 4835 5016 5781 7619 6318 6449 7024 5209 1685 4091 2698 6948 5768 6030 2126  122 2349 6065 1761 4897 6323 1439 2119 6946 2649 3840 4202 2989 5948 7356  116 1596 4911 7662 2016  923  710  900 4699 1411 1094 4053 6732 6242 6683 2426 1857
 2585 3634 5721 8614 5168 3276 7416 6737 1388 5865 1225  853 5405 6562 4975 1142 8250 5282 1812 2737 3712 6947 6057 3482 5115 2845 1458 6280 1082 5358 7802 3062 3424  925 7600  153 7064 7855 3923 5195 6584 1386 2591 3327  339 4271 7171 2184 2555 3743 4790 3451 8635 2956 4609 6398 4887 3056 3169  109 8399 8559 7588 2936 3597 4132 7026 5967 5632 3063 1031 3139 5644 2930   94 6907  600  185 7450 5437 6785 7028 8198 4109 5605 4602  242 5911  313  515 3850 6572 3982
 3708 3886 1052 5597 8572 6321 2434 6869 1012  362 6046 2724 4385 5046 7937 7833 1627 5668 2223 7533 4058 1481  408 2358 3774 7910 6649 5143 1139 1527 5910 4893 5062 4832 5326 2328 1899 2301 2596 2639 4044 7441 6599 4464 5722 4912 6814 6218 5169 8476 6927 5591 5560 3691 8409 1182 8459 6479 7340 7979  192 8008  949 1469 1434 8410 2885 4843 3168  917 1156 1282 6269 2339 2118 4103  340  943 7082 3222  200 5984 4562   85 8299 1603 3565 7314 7246 4252 5338 2141 5963
 4062 6725 2448 3085  557 3263 3077 5256 1879 2634 7209 1332 6215  647 5112 5018 3738 3595 4386 2282 6268 6968 4200 4456 2789  526 5596 7933 7054 3349  173 4198 6620  325 3507 4618 1200 8186 7417 7752 2492 5701 3475 6816 7274  902 6425 6255 7105 7107 7492 6906 6857 6156 4520 1364 6032 6074 3324 6935 1076  708 1221 2460 4212 1805 5524   10  981 5021 6022 6478 3925 6824  297 2250 3230 5572 3254 7835 6753 3572 3583 6114 5251 1687 6303   57 4625 6361 5314 4056 4977
 1935 8513 2601 7856 2331 3125   33 5144 1199   44 5966 5904 8376 1924  786 6176 1836 4170  363 5985 2932 4265 6465  713 4328 7738 7065 5716 4096 7307  120  452 7508 5924 4425  620  403 2677 3586 6211 5763 2344 5663 5484  766 5793 2302  372 7885  303 2866 1419  480 7092 2668 7084 6338 8574 5766 5699 6994 5625 8448 8649 3794 2643  394 4558 7858 1195 1187 4350 5512 8333 3729 7358 8469 6981  978 5601 5553 6799 3735 3537 1317 2156 1260 7635 8265 3016 6133 1286 7398
  520  842 7876 3592 4332 1063 4551 4327 3172 5413 1013 8118 2114  834 3875 6330 2574 4347 2523 1385 2592 7975 2726 1748  920 5674 8424 3089 6182 3284  504 4407 1551 7572  937 5188  897 7603 7705 7305 7369 3134 6651 6000 8113 1181 1236 6117 1912 1647 7165 7126 3976 4871 5302 4190 4775 1207 1589  256 2400 5333  906 6489  317 8429 7970 6663 6461 2633 2233 6298 1815 4430 2202 6464 2364 7383 8613 1219 5979 4399 8042 7421 5690 3779 2527 5863 8180 2135 7809 6720 4158
  198 7748  189  973 7994 6130 5022  207 8284 8503 3758 1770 1839 3145 4721 3444 5975 4958  767 1827 8103 6708 2510 3343 2641 1202 8612 8114 4720 1969 5411 7599 6722 5927 4002 3204 5048 8361 4441 3390 2781 4620 8583  436 2530 5451 5172 3232 7010 2059   90 7851 4838 5814 2464 4840 3727 4401 4732 1454 4260 4102 1591 4584 5719 7182 8332 3665 3889 4186  815 6598 4436 2785 4179 2251 5421 8601 1616 4570 1903 1405  470  421 7587 4416  211 8405 7057 4267 2422 6734 6581
 7198 8301 6278 2013 8630 5726 4111 5566 2393  619 2228 3224 7469 2646 1759 3419  848 3799 3534 2865 3285 2380 4723 1563 5450 5154 6774 2900 1370 4965  137 5397 8330 3126 6487 2345 3805 4927 5532 5183 2961  695 5973 5257 7595  989 4717  216 6984 7396 7685 5789 2849 8047 1371 7620 6238 5337 5583 4544 1417 8202 1329 4726 3904  346 2670 4495  594 4218 6550 5621 6378 7275 6578  703 2359 5987 7535 2473 4447  400 4097 2751  676 8326 4374 2195 2787 7250 6561 5173 5523
 4991 7221 4006 8566 1975 2974 7515 1104 7539 5880 3999    1 5656  605 4064 3755 5859 6357 3575 6900  606 5912 1072 1483 5959 8639 7758 2629 5258 4250 7981 7189 4427 8046 8586 6075 5642 7995  709 4383 1045 1245 6253 6973 3768 3407 6577 7018 1259    3  512  634 8221 5089 1118 3403 7298 3516 8063  763 1650 1086 5661 3440 8549 6831 2814  612 2594 5271 8488  176 5291 3956  184 2682 8204  336 2216 2589 5554 3102 6426 2399 6405 1367 1665 5346 2357 3723 2042 7694 8209
 4598 5818 4967 8334 3747 3833 7691 2709 1824 8479 6557 4931  991 1679 7888 5418 7749 4563 8366 4888 8501 3245    8 5809 3292 5020 1959  726  241 2458 7989 6310 2552 2095 6990 1160 1178 6808  877 7422   59 5283 8196 2294 1598  527 4421 4662 2120 5630 5681 7430 6418 6610 7926 5728  245 7770 7407 6227 3849 6833  599  366 8100 7927 4648 4571 7405 6431 1968 4688 2435 2551 8059 7699 4150 2252 2070 1765  772 2623 8195 4077 2242 2902 2046 1651 3000 1778 1232 6473  966
 7433 1898 7849 1228 1011 7929 2036 6837 2419 6854 7850 5806  234 2129 4880 5119 5850 6113 5941 1851 6089 8226 3530 5893 6512 5394 2022 1039 6773 8015 8430 4066 4175 4379 2800 6841 4867 2665 2292 8102 3123 1129   35 8514 4535 5320 1871 2870 8271 3332 2028 7128 8496 6602 5481 4473 6216 2198 6044 1081 1941 2457 6888 3005 2967  883 6056 3866 3221 5488 2584 1534 4842 4656 5155 3414 5958 6103 3223 2955 4094 5135 1374 4611 7428  630 2853 3986 4673 3786  903 1548 1884
 1535 7134 1584 4349 2177  453 1807 3637 3509 5074 8145 3093 7983 5767 6787 2948 3030 4969 2946 8135 7213 8477 4076 5710 3549 1675  528 5688 7875 2162 6801 3370 5516 3013 1649 5084 4824 7570 4177 6556 5153 6249 3726 5677 1508 1389 1723 6703  203 4492 6537 1078 2626 6287  389 1658 7612 6073 1019 2823 5202 3939 4155 8620 3593 5276 2334 4283 4354 6126 8094 6456 3110 3566 6005 1325 3546 1026 7048 1793 6937 2615 8266 4442 6887 2480 3379 8125 6979 2935   71 5434  324
 6202 7381 7187 2169 2848 2704 1575 7658 4223 4504 3161  469   36  267 7563 6031 1917  164 8097 3220 2175 1628 4942 3561 1369  213 1977 6978 6985 1668  778 6414 7897 1642 4397 2858 8137 8390 7800 1556 2367 6544 4994 4671 4232 8167 3781 8367 4221  886 6196 5055 6873 7195 6096 7755 3753  556 4047 4847 5482 2330 5192 6029  830 7186 1482 5541 4366  762 5325 6615 1842 3648 2145 1475 2504 1972 8414 6128 5655 3307 7951 2508 7425 7060 3364 7632 2733 5868 6717 1294 2099
 1521  519 5444 5344 3734 6177 1797 1838 6738 2832 1738 3732 3333 7256 6740 5675 3690 3257   30 3150 3695 5010 8337 6132 7374  738 3158 7400 7418 8293 5053 6745  884 8426 5536 4619 2513 2300 6653  126 4325 6707  910 5107 1155 2572 5470 1799  829 1400  694 1967 7161 2211 7327  561 6240 6629 2351 6953 5511 2404 1293 7159 1222 3936 3394 1513 5833 8117 6332 2123 1623 4744 6711 8525 8267 1108 4637 7689 6213 1985 1456 3298 7188 2479 6929 5497 6184 2293 7446 8641 3152
 3484 1595 7693 3027 3801 4546 3771 5348 1036 4878 7782 2529 1349 4289 7823   50 1552 6846 4881 3635 1604 3265 5531 1166 7722 1177 6742 4310 8174 6875 5375 6582 6333 7332 5998 2786 8310 5064 4676 5360 5550 2826 4277 2243 7163 3028 7112 3921 5692  585 6695 7437 3796  628  615 5533 3977 1506 1625 7071 6055 4191  771 8380 1798  777 2934 5968 4352 2388 8524  964 7031 6533 6930 2188 1300 4024 1251 8472   11   39 4574 8591 2303  275  345 7526 8385 3346 3791 6244 6387
 6647 3599  933 4733  507 3318 6179 5549 2509 4947 4042 5678 4010 8450 2938 3973  593 8396 2066 5862 1091 4276 8002 4162 3306 3473 7373 4877 8481 5349 2078 7043  810 8156  376 1491 3467 3374  368 2773 5088 3170 3512 4956 7046 7230 1299 8231 6654 1868 4082 8009 8349 1862 1532 7377 4433   43 1292 1745 7075 3818 1022 3697 7335 8406  680 8475 3663 7019 8012   29 7688 1112 4788 7458  402 6490 2230 3887 8416 7039 2050 4389 2968 8538 1351 3881  356 1874 2308 7777 4959
 2161 1001 3100 4292 5126 7461 5650 5060 6619 6460 3685 5147 4376 6504 7222 7095 5992  284 4141 2595 7270 2883 6209 7724  128 3710 2901 1644 7211  312 2146 3846 7847 5695 3177 3281 4197 8465 1634 7686  314 8526  548  802 8300 2412 3702 4233 4138 7710  483 1384 6188 6376 6934 1863 8596 7551 5570 4980  158 6592 1060 1686 6362 3901  765 1408 2497 5414 2516  637 4819 5473 3164 4713  478 6920 5441 7844  651 4353  833 3892 2484 7643 4224 5936  165 6962 7717 6463 6507
 8480 8445  552 7382 3992 3681 3183 5774 2674 7285 5067 1107 3639 7347 3870 8382 2073 7845 4639 2354 5311 5463 6384 7132 2130 4791 5026 2680 8363  382 7178 2612 3185 5274 3045  272 4794  555 6154  319 8255 7671 4754 2253 2803 1354 2953 7503 2041 5146 3704 5093 2514 4764 2672 8078 8482 4033 4998 2319 5132 2632 3581 6443 7578 1485 1577 2152 3958 2003 6710 7677 6250 6916 1042 3330  795 7641 7063  988  805   38 3784 8348 1909 7016 7300  462 3399 7214 3476 3055  255
 5826 2878 6966 6882  649 8626 5265  944 6933 2645 7996 6063  393 8126  684 4100 4943  808  410  135 8474 8557 8274 5239 3761  914 6217 7077 2033 5761 1087 6455 4660 1753 1365  661 8331  162 6160 7766 4016 1303  912 6181 4074 7869 4677 6531 2244 6912   86 3387 4148 7116 8467 8092 3543 5234 5377 3914 1949 4926 1640 7197 7471 2739 7085 3425 6766 4875 2852 4971 7094  735 8603 8236 8270 4163  603 2512  531 1268  494 3202 5745 1882 4641 3294 1133 3105 5972 3260 1524
 4312 8068  878 6863  706 3633 4237 2487 2532 5898 1654 6828 4597  855 1590 2196 4861 1355 8187 8023 1138 1122 2903 8606 7657 5879 2886 2611 8225 3491 7678 5783   37 7519 4691 5316 1774 3629 1786 4762 1784 1502 5145 5199 3262 1016  308 5727 7336  161 4682 6568 5995 2378 8048 2474 8184  583 3017 6810 3862 3841 4939  378 1791 4719  412 8259 2163 6858 4647 3242 6991 3762 7073 3119 4993 4424 4511 1059 6995 6300 5794 8520   65 8077 4698 5659 1539 6840 4039 6616 8608
 5063 1404   20  434 5535 6451 8357  293 2801 4518 5002 7924 4519 3508 2564 1789 7330 1934 7821 4909  190 2144 7296 7945 3960 1363 5840 4728 4784 5023  601  576 1453 3748 4183 6551 2880 8629 8415 2578 7870 4451 6974 6153 1747 4989 4692 8609 3790 6354   61 4351 5007  969 7207 6595 8011  353 8127  869  832 2475 1630 1918 1002 4305 6847 5329 6603 4394 1922 5207 3033 1171 7973 1741 4093 8308 4181 6100 8018  825 6645 8169 1670 1377 2417 5455 2269 6386 7582 3336 6770
 8360 8378 1964 3054 7137 4483 7521 6655  530 5574  175 2815 3782 8022 2536 3019 4331 3756 1705 5816 8528 8295 3026 5907 7893 5491 2025 4244 1678 1392 5600 1856 3465 2544 6345 5327 3609  560 5717 4526 5289 2745 4145 1721 7117 7167  545 4199 2628 3551  302 1881 8211  143 7586 7528 1897 1023 4933 2437  740 7258 1709 1146 3271 3434 1284 1961 6996 3617 6517 4841 4054 7104  922 7644 4771 6726 6918 6881 3160 7456 1936   28 6170 8248 5506 6541 6175 1783 7754 2820 4165
 7131 1021 1071 3874 8510 5652 5899  754 4426 6678 3934  199 1901 3613 1390 6729 2600 6731 3920 3620 3393 3090 5988 1066 3924 8461 7288 3490 5753 1233 2522 2788 4167 5266 2052  977 7991 7156 6696 7496 4997 4607 2548 3466 4500 3225 5197 5581 7874 2795 1833  987 6760 4099 3949 3872 3398 3844  577 3369 4970 8386 1105 5706 4164 4344 6245 7912 6360 7181 3555 2621 1928 6844 2710 4437 5855 8561 1929 8320 6554 2009 2808  131 4052 1044 6411 1695 2890 8306 6724 5787 2753