  113 3840 8541 4953 3542  762 6559 1094 1998 4804 6964 5130 1311 6892 1964 5070 8587 4196 4741 7331 2670 8660 6141 5151 4876 5481 2971 6741  154 7981 2090 4694 6226 6807 1802 8402 3847 1662 1227 5152 6510 1065 3486  871 8514 8286 7440 4772 6160 1517 5816 2490 8116 2782 7750  358  422 5993 6081 2380 4340 4057 4528 8113 4541 5495 1429 5263 4360 7373 4491 5054 3939 7212 8555 4075 2524  180 6473 5103   43 3629 5976  298 6138 8640 1742 8370 4187 1203  522  304 4622  624
 8305 3769 6953 8553 6060 8005 5629 1148  433 4800 4468 1797 2704 7743 5687 4324 5063 5636 1433 4467 2551 8236 7399 1061  258 2326 8084 2454 6721 1387 4656 3272 2590 2363 4293 1125 1454 7116 3241 3690 8187 6448 4788 5689 8763 5519 1450 2542 8321 4464  265 2676 1885 4642 4314 7202 6025 3682 5367 8703 3159 7414 1329 6653 1811 4554  690 6109  926 3175 7641  565  573 6630 6605 7996 3955 8412 3643 2216 6158 2212 3872  135 6976 3602 3018 8069  694 5216 2201 6212 1975 8757
 6987 8710 3963 1904 6902 4955 3389 3430 8022 2265 6301 5672 8294 2420 1453 4285 7598 4866  858 4794 3863 1413 4812 2379 1551 4027   62 1251 7419 4763 1179 1751 3662 1266  611 2476 6015 1956 8410  742 6352  235 8374 4013 2981 1979 3869 3638 8094 6134 1112 3725 6882  777 2028 5590 2358 3467 7595  822 2526  550 1822 7022 4469 4767 4840 8052 5663 7094 6432 6427 5074 4228 7937 4728  306 6651 5754 6749 4450 3222 7444  659 7447 7342 8561 5960 5731 8335 5160 3371 3606 6259
 4773 7505 6451 1244 6623 1362  973 3248 4688  254 8740 7190 1299 7680 5018 2062 8714  981 5149 2723  477  484 5699 6835 2077 1407 3522 8093 7379 7850 4933 7330   21 6363 8663 2109 1718 2632 1896 8485 4221 3575 7152 4703 3014 6570 3634  893 4479 6808 2035 1695 4998 6086  280 5788 6402  571 8556 5168 2457 3237  795 3989 6142 8664 7653 8520 4361 5115 7617 4454 3388 8511 2435 1438 4510 4571 3945 2744 2597 8741 6480 5304 4149 1168 4460 2928 4038 2030 3716 6912 6514  478
 2133  939 2525 1462 8595 8735 6519 6983 1145 6951 6437 6366 6763 7732 3353 3170  990 4776 6832 8427 7119  881 2238 1045 1003 4922 3630  882 5944 6379  246 2417 6234 7596 7278 5674 3580  708 5571 3818 7934 7407 4853 1535 2975 8388   63 5645 4669  911 6454 1717 1611 8560 5866 6464 1051 3614 7991 4982 5558 2613 3311 2620 6484 1503 2731   51 2521 7356 7341  217 4709 8338 7484 7628 1580 3282 1939 1182 2713 2222 7559 7004 7667 6032 7396 1631 3921 4889 1368 3928 3454 6419
 6251 7056  464 5677 1820 2983 7302 1831 2926 3627 1443 3851 3443 1154  184 7543 7556 8544 3565 7599 8681 5401   66 7530 3329 7605 4154 3328  508 6853 3525 1883 2979 1153 6806 3642 7549 4253 7714 2795 4020 4321 3713 7281 3950 1881 2810  429 1930 2512  486 6699 1502 3714 7364 2770 7868 8376 6329 4056 8833 4457 5598 4595 7919 2901 1281 6884  921 3438 2042 8389 3632 1435 2061 7633 4859 3868 5447 5633 6439 5603 5588 1255 5790 5040 3811 8742 2633  488 2153 8449 8258 2680
 7951 4995 6318 1872 7327 2811 1561 6170 6520 7437 7403 2700 1509 3178 7306 5089 8725 3931 7236 5156 1306  256  517 5910 6972 4200 5657 5017 5385   72 4546 3865 1543 7994  888 4749 5834 1983 6300    6 8438  907 2029 7340 2760 1576  811 3128  117  496  136 4489 4087 4281 7105 6494 1803 6430 1830 7725 1874 7042 1398 7971 3412 4801  607 4462 6499 8673 2703 3587  588 3724 1970 7699  717 1378 2603 7835 1566 7954 8460 6374 8637 2500 8599 8643 5291 8463 4951 6596 5742 1843
 2141 4466 4878 8613  854 7493 5251 4485 8234 2206 7140 2395 3312 8809 4449 7129 8171 2484 6736 1651 1347 4461 8772 7338 3517 1302 7611 5051 1941 1757 5771 4024 1789 6146 1925 1167  392 6875 6773 7182 6346 1269 3875 7687  320 1394 1527 1191 5988 6299 1446 4837 3257 7860 4201 8458  403 2009 4590 7050 1204 3235 2059  441 3598 7761 7892 5700 7276 7219 4602 8140 1279 5965 7674  818 8698 6759 3813 4112 4014 5014  709 2177 6316  532 5086  596  869  157 6113 6618 5802 7046
 6705 2310 2429 1381 2814 8115 8288 2797 7086 3296 6538 8101 4591 8585 2167 1555 5996 3589 6916 4969 1567 2234 7775 2120 4264 2660 5364 5144  815 7903 4946 1604 2410 7583 1861 7092 2012 7730 5882 2242 3954 6441 1055 3027 4984 2088 7272 8573 2514 8827 4580 1313 4076 6905 5634 6152  105 1296 6188  308 4707 6660 6554 5272 5628 2488 1529 2931 3786 2907 4931   82  361 5514 3240  966 4598 4649 4653 6798 4046 8359 6746 8824 2517  502 7844 3490 3864 6056 3069 8796 1376 4868
 2925 3792 5707 6264 3273 5710 1300 4712 8083 2757 2726 6917 7846 5422 3033 4494 3274 7810  616 1905 5950 1780 4785 8525 5465  537 3532 5940 3335 2636 3186 3336 5821 2218 6210 6667 2533 7713 3608 3044 3651 6118 3581  637 8504 2850  339 3384 2804 3182 4430 2398 4900 8124  808  685 2816 6965 7292 4877 7318 1259 4434 1931 1767 8692 8120 7134 8718 6290 5450 1932 2634  569 6956 1725 5684 3227 4184 8602 3615 5621 4156 2455 1457 1122 5667 6066 2935 7615 8606 4902 6827 3937
 2079 3023 6275  343 6057 1087 7400 7586 1393 3008 7765 7739 6351 1309 6525 2197 4761 6008 8108 4652 8577 1667 8481 8621 5003 4407 8570 8142 2134 4488 7162 6552 6495 4908 5909 6192 2129 2717 6923 3424 3067  568 4777 5963 1351 6070 4802 8667 2957    2 5258 1123 6359  597 5825 1838 3434 8322 7225 8016  146 5178 6669 1028 2689 2732  220  400 7486 1680 5353  809 4813 1663 4205 7671  414 2654 2136  680 2913 6434 4118  942  189 7385 2123 6378 7967  394 7830 5799 6666 5187
 2605 8004 2994 6294 1048 4550 6340 7625 6272 1405  788 5857   81  487 3229 7450 1166 4080 3828  536 7779  634 2805 2017 2210 8343 1947  551 6334 3521 6646 6910 7321 5197 5946 3373 7114 2628 7936  310  739 2387  158 1681 1421 6237 7304 8042 6440 1696 3117 5424 1744 3800 7664 7121 2702 3177 5683 1189 5346 4082 6919 1233 3964 7621  903 6121 7693 5577 6184 4795 8674 3210 2737 7946  941 7070 1431  853 6577 3799 4987 7698 7890 6973 7776 1609 6204 8348 5654 5016 6030 1591
 3583 7146 6756 1524 7709 3263  886 8734 4654 5050 6639 1731 2381 2013 5985 3390 8056 5420 4564 7118 3091 7482 8162 5527  902 4377 6292 7171 4509 5574 8170  943 2493  504 8327 2443 3920 3019 5640 8689 6267 5373  658 4198 7580 2085 3376 4262 1286 1220 5122 2611 3794 8475  512 5421 6793 3372 5295  439 3236 1057 5214 2946 8713 2501 1508 6616 1976 4991 2325 7558 6353 6233 6676 2433 6600 4854 3894 6567 1270 7536 3293  761  963 2827 5273 7040 3848 5033 4441 3499 4534  794
  238 3924 3881 8365 7533 5582 8169 4142 1107  672 2987 5840 2860 2371  253  676 7093  664 1356 5564 7267 5176 3315 8462 8826 2679 3121 4001 1587  341  309 2756 5043 7375 8465  625 2540 8539 4247 1034 4962 6216 7987 5442 6638 4864  878 2834 2024 5462 6201 1729 6592  108 7023 3473 6803 2407 8152 8316 2183 6816 6971 8058 3752 2458 8117 2819 4913 4531 8459 8572  741 6438 5154 3781 3712 6232 3084 1608 4938  875 4506 4994 1151 5516 2759 8230 8060 5013 4792 1052 6078 1880
 7705 4732 8533 1411 4985 1913  193 5761 5047 2823 6339 5410 6065 3564 2572 3803 4446 8736 1049 1073 1602 5174 5721 3976 4568  337 5826  468 6876 2869 6125  735 5587 4881 7380 8394 4160 5660  863 8538 2115 1887 6891 3738 4609 8231 5334 7312 4213 8375 5617 4613 6013 2400 8768 2965 4202 6470 6089 8219 5309 4638 2428  168  606 5338 2564 5971 6695 2622 6939 5987 1563 5034 6110 2952 2549 4718 5180 5464  994 1962 7901  378 3709 3331 4287  954 6092 5177 3010  810 1787 8151
 4701 5862 5474 8619 5740 2833 6958 5867 1915 2241 8708 6836 6862 1841 3985 4849 2092 7579 3396 5342 5978 4540 2026 7912 8762  405 8159 2817 2495 6472 6733 3108 6779 1121  292 3378 2072 2755 3337 7504 6849 4734 8345 3130 6558 2619  183 8278 1550 1163 3415 4524 7284 1738  261  103 3321 7390  161 6039 7427 8618 5772 3917 8125 3049 1481 5868 6380 1712 7072 8091 4299 4110 1159 4480 3664  201 5386 8386 3188 8683 7545 1410 1156 4996 4025 2118 1152 1083 8277 2356 3374  789
 2900 1697 1091 2208 3946 7836 1734 4251 5999 5589 5938 7445 4035 1850 3046 4628 4250 1938 1935 6010 2855 6758  491  402 1490 5833 2673 1516 4529 6191 7797 5099 8746 3741 6446  806 4136 3387 2043 5989 4047 7551 5569 8697 5522 5932 8211 3393 5852 4496 1599 5937 2746 7313 5763  836 3501 2916 3450 1889 8445  698 2229 3554  294 3831 1720 1716 2378 7757 3032 4049 7279 5704 2248 1914 6681 3026 2364 5861 8612 8366 1044 5057 4178 8282 2419 7578 3617 8397 8195 7443 5331 7566
 1242 5413 2768 5302 8530 4386 7631 3037  883 1090  944 1579 5083 7872 8551 3897 8578 2800  112   12 6938 2641 8112 1966  920 5298 6791 2393 1879 2489 5475 7211 3305 2891 8104  623 6114 4169 8593 2086 2729 2999 8776 2236 7552 6172 2498 3200 3778 5837 5058  101 8036 5980 8747 5381 2119 7012  364 8817 5793 4415 6727 3639 8176 6970 7037 3045 2110  759 1027 6975 5022 8268   34 8381 7603 3238 8264 3453 8704 7073 1779 4576 2615 1169 2385 6531  969 3806 6355  493 1476 1372
 1332   92  430 8482 7738 4871 3185 6760 2678  867 6421 2020 4298 2264 8019 3279  500 3838 3551  840 3948 3253 6957 5648 2776 8801 6869 5053 6778 5863 6371 8078 6330  585 6549 8447 6198  784 3705 8367 3923 4949 6443 3417 7166 1295 5354 2577 6883 5597 5240 1194 8280 4594 3181 6469 3823   55 8391 7376 6449 7454 3960 1367 4249 5666 4068 4634 6347 8285 1498  675   25 3721 1562 5300 5911 2169 1657 6410 3504 8576 2818  185 4483 4015 4026  377  612 4743 2259 8469 4260 6573
 4915 1818 2008 8773  687 7402 2440 8645 3992 4834 1992 2728 4558 4294  865 7271 4515 2408  316 7254 2554 6248 5071 3221 6858 7085 3439 2245 8165 5001  654 8769 1196 5624 5874 1530 3013 8647 6155 6042 5611 4490 7891 4481 5238 8724 6200 6898 3820  636 6139 4387 8513  149 2695 6647 3969 7024 3246 5830 8196 3612  885 2785 5468 1239 2334 8200 2783 2295 1485 7009 2972  360 4099 1639 7514 1636 3631 2665 4798 5198 4803  643 7931 2735 2734 6372 6195  142 6245 6696  934 7412
 5823 1147  418 3619 7638 4752 8167 5974 6641 6789 7098 7813 6117  145 6890 3650 7392 4819 8106 7389 1213 6177 5211 4671 7577 4843 6929 8356 1224 5594 5497 1283 6850 6945 8421 8461 2224 4254  697  645  514   56 3191 3665 3205 7139 6642 6154  700 4980 1600 5030 1769 7796 7378 2640 4273  626 7668 2027 5006  772 6593 1980 5508 6871 5811 1973 7976  427 3995 1776 2087 2340  139  114  868 1888 7485 1953 1682 1127 1395 6825 5643 7782 7339 5876 8521 4092 1298 2752 8307 2626
 8210 1774 6991 4000 5928 2821 1690 6574 5356 6397 5552 6024 1782 5285 3314 4370 7624 7324 7384 8545 8659 6126 5779 4333 3137 2161 5133 6704 2562 8363 3220 1849  362 6167 2320 6606 6018  471  390 1205 4665  959 1274 5658 4848 3068  241 8610 4693   85 5289 8309  734 6005 5007 4500 4791 7745 4627 3300 8633 2300 4582 4427 1418 2083 8696 5614 1641 7109 7107 5585 1950 1101 5870 5400 5702 5044 8496 2989   19  315 4759 4129 1114 2127 7066 5681 5983  171 3550 4286 3837 3637
 2694 2243 8192 3292  278 6732  719 5556 6309 1278 4641 6824 3247 4078 5995 4577 4615 7515 6136 2868 7463 4716 4501 5269 1943  393  205 1987 5270 5818 8081 5639  186 4942   33 4302 5652 5319   49 3436 5906   37 1594 2581 6814 5341 7681 3784 4790 8131 6610 2126 1984 7639 3566  594 5575 1401 3669  895 6001 6999 8554 7928 3821  151 8693 4159 7507  710 5039 8401  539 5934 5267 8590 6698 1434 8451 1258 5533 5865 6565 2908  783 2018 3668 3367 8834 6268 8072 5824 4194 1595
 8709 7143 3442 1497  389 8792 6061 1142 2523 1488 6640 7006 7926 2074 5650 3155  947 7283 2076 3308 8325 2516 6907 5093 4549 4677  647 1823 6564 4261 4432 4764 2096 3301 4904 3667 1486 8384  899 2751   38 4852  559 4492 3613 7958 1842 3513 3366 6866 6055 7348 8273 3942 1671 8100 6769 6748 3988 2929 3854 4748  610 3435 6550 1525 4928 8810  553 1777  192 5722 6394 3006 3658 5854 7298 7700 4011 5308 5693 8759 2287 4719 5885 1472 2151 3585 7397 6067 1974 7457 2745 6996
 3628 2548 8503 1416 6556 3304 1235 2000 3559 1079 3482 3576 5781 6643 7607  850  823 2071 1026 7627 3345 5377 7657 1740 6068 4061 7157 5714 2953 1699 4005 4755 8812 6590 4327 1929 8671 5233 1170 2314 7156 5567  655 7227 4141 2194   76 4726 7593 5776 7406 8107 3683 6295 1077 5165 7735 5755 6947 4722 4858 1331 5607 6913 5842 4343 2885 7856 2361 1556 5097 5896 1656 5085  533  608 5189 7191 3295 5540 1875 7357 6323 5905 8313 5922  425 4891 6000 2406 3058 5835 2256 2237
 5434 2453 4778 3834 5105  589 2934 1218 4592 3092 2352 2415 8424 7201 8186  505 5738 5727 4185 6202 1668 6120 3212 2740 2128 5219 4757 8086 2836 2306 1066 2813  549 1942 5544 3344 3339 4034 4497 5108 7137   50  398 8160 8483 1175  707 7717 6799 3431 2716 5698 6257 8662 1287 8515 3171 6820 8061 4730 1804 2235 2047 3153 8575 8814  732 5206 3496 2132 8567 2864 5957 8351 8368 5005 5355 3379 7367 6886 1451 5690 2681 3983 3422 4392 2682 4648 3808 4551 7933 4130 5671 3758
 6283 7174 6645 6962 4111 6029 7187 2479 1334 5899 2715 4793 6928 7688 2535 5773 7108 6452 8550 3829 5736 1293 4183 6821 5864 7553 6219  444 3727 8407 4174 1627 2982 4526 1986 5766 2021 1703 3547  828 7336 5641 5352 2409 5728 8114 8581  557 5716 8522 4256 8137 1070 1397 2101 4883 1024 4344 6263 7803 2180 2961 4208 8404 7230 1038 7823 3729  974 8666  931 7854 4578 2609  683 3161 2311 1474 3219 8179 5204 3024 6608  387 3420 3659 2870 1035 1658  701 5120 1341 3596 5389
 5119 8594 3509 2328 6350 8655 1015 2192 1828 6790 1109 4727 3392 4668 7264 1665 4009 6458 6429 4672 1290 1746  202 3286 3135 3906 8220  247 5513 8166 2993  703 2002 3910 8687  826 1355 7535 7920 6220 7591 4487 3929 5324 7935 7021  805 5107 2104 7239 3787 6839 2181 7610    3 7077 2293 4737 2299 7316 3734 5518 2066 5998 3548 6401  663 1660 4277 3197 6744 4043 7774 1102 3922 6489  404 3399 2411 1978 8566 4162 6637 7184  799 6561 4412 7232 5535 4381 7395 3973 5969 2886
 6709 7560 7960 4705 7969 5428 8396 1115 6255 2386 3764 5778 3078   47 5171 4391 6169 8182 1440 6771 5719 6096 1134  297 2464 8143 8582 4943 5686 2436 6398  667 3540 4542 3751 3059 3515 5892 2278 4675 2721 7173 2612 2147 5787 2974 8470 6607 8706 6729 1000 4211   24 8418 6889 2848 3586 2618 1093 1359 6843 7258  670  438 8444 5200  222  720   11 6444 2924 7460 3131 7652 8472 1783 8516  381 2164 2586 7432 1548 1762 4835 6629 7492 8711 4096 7862 1304  630 2743 5075  838
 4017   95 3843  977 5970 5880 6224 7563 5414  618 4319 2653 6406 3461  646 5586 5767   99 5581 1305 7020 1139 8253 1504 5712  730 3076 8500 4086 2377 3446 7110 4740 2204 4309 2711 8737 7011 8145 6621 4374 7305 4690 5782 4371 3375 1919  906 1177 6560 1569 4896 5545 3223 3861 6529 5959 8331 3394 6755 4586 2967 1171 4363 4036 3095 3463 3774 6572 7956 4947 7662 5504 6332   83 8665   13 2772 4860 5796  451 5221  914 7244 4765 8477 6391 8297 2845 8393  746 5982 2392  228
 7394 1593 8622 7908 6794 6801 3126 8758 5717 8310 7337 3582 5927  642 7914 4637 4970 3035 1646 4341 8765 7697  766  307  563 6888 8650 3038  587 4698 8319 8382 5471 8344  975 5961 4366 5912  835 1307 6710 4760 3816 5440 1653 7773 4520 5210 3561 1423  174 1463 8611 6581  837 5472 5411 2376 1229 1252 6992 3233 2205 1106 1327 7723 4059 4992 5694 6213  388 5426 7416  509 2268 6772 8727 7286  747 2254 2434 4961 2382  465  230 7571 4420 6041  293 6097 4789 3720 4016 3426
 8512 8536  432 7274 3688 8598  846 2893 7079 2211 8658 1064 3134 6103 2668 3832  340  804 7355 4268 1126 2065 1081 4040 7266 8569 6765 7932 1810 4074 5087 7873 7655 8209 6228 4725 4988  371 3790 8807 1132 5691 6796 3962 7710 6903 3055 7238 5312 2515 6250 1537 4263 1807  326  419  501 7036 5256 4929  287 8147 7883 4301 7749 2467 8439 3444  372 5718 1136 5139 8287  896 5951 6674  116 8057  965 4356 7208 1545  599 2291 6289 3689  466 5673 3625  816 3080 7706 7744  830
  649 3119 8315 3350 8079 1934 4750 2580 5630 4267 7100 7377 4964 1897 2199 3048 1860 5595 8823 7678 3428 5485 1108 8653  949  917 4054 3243 5484 1629  448 6269  215 2258 1714 3000 6389 5375 8771 5398 5128 8423 7715 3105 5372 4032 7209 8177 7923 6730 2303 4745 4190 4380 7826 3148 8531 7929 4486 4986 4101 2547 8405  386 8830 2775 1254  988 8015 7468 4235 5035 1467 4428 7606  891 6420 2383 4233 2553  843 6815  728 2350 3382 1622 5161 1784 3113 7849  922 1032 3351 8028
 6325 6462  955 2034 6859 1581 2897 8675 7841 1253 2941 1063 5404  989 6282  431  970   58 7690 6683  756 3497 2384  199 6541 7147 3883 5812 7695 1578 5765 5303 3940 2261 6256 3603 8591 7827 7461   61 6599 6159 8442  723 3448 3507 7420   39 2784 7989  952 7802  852 7815 6208 7001 5925 8298 5232 2878 6147 1198 8292 8592 7909 4695  346 4846 2657 2269 1228 2686 5886 4892  688 7917 8440 8221 4560 7980  120 3998  745 3795  209 6023 3601 4631 7421  370 6287 8157 1174 1333
 5536  924 5094 2345 7845 1062 6506 1185 3343 5307 6508  119  181 7529 8202 8494 1661 8290 5492 2621 7876 7855 1337 1068 6411 2592  615 2051 7038 7818   88 3104 7819 1577 3419 5579 5918 1805 5315 5491 4775 2849 2522 7409 8596 3537 7916 6949 7462 3502 1036  499 2779 7115  531 7814 3876 7626 4271 1549 6865 6490 6368 1844 6781  412 1954 1403 8634 4786 1190 7729  832   75 4318 4140 5378 6655 5843 5914 2575  150 8489 2842 7651 6539 8075 3093 3020 8540 6338  380  423 3980
 3101 2828 3506 3218 4838 8770 2697 7784 7852 7434 6467 6805 8678 4771 2707 8341 1249  635  677 3850 6847 7322 4448 6085 5359 7433 7509 4936  526 6545 5797 6613 4424 4972 2155  913  750 5713 3693 3577 3347 2375 4397 4245 3932  992 8054 7196  369 2217 1890 1165 3338  579 7383 4545 8123 3021  535 5294 5452   96 6662 2859 1050 1637  671 3429 1891 4781 5708 5225   59 3743 8493 6408 6833 2992 7896 3061 5724 7480  894 7111 4570 7842 3276 7368 2154 4611 3768  449 8490 7834
 6416 1572 5020 7898 3124 6122  540 5473 6218 4310   22 1523 3147 3952 4632  391 2276 4901 2790 7299 7043 5651 7346 2140 8037 1489 5271 2647 4193 7930 2262  782 5441   57 6145 8781 5784 6739  609 3957 1072 4753 6764 5859 6099 3718 2073 1824 5432 8035 3142 1284 6860 2225 6031 3844 2995 7132 3114 2491 8013 7438 6786 2593 2486 6658 7682 2308  757 7942 7927 8646 7353 1910 5990 3299 4674 3739 1297  223 7548 2825 5631 8484 1726 2727   48 6102  421 6822 2099 8508 2005 7995
 2688   67 2465 3527 2528 6075 7246 6445 7067 1316 6687 8323  601 1871 4470 2282 8272 1817 1344 2432  273 7198 8097 4226 5042 8679 1705 3075 7550 2638 6168 5502 3941   70 7918 3753 4090 1318 7785 7673 7469 6276 3556 1230 6199 6787 4242 7613 5229   71 2313 4337 8000 2307 8269 6588 1592 2094 1412  263 7161 1342 8259 5829  169 1041 8208 7887 7418 2884 8249 1173 8761 1625 6312 4125  179 4131 5664 4098 8080 7181 3604 6583 6373 5366 1354  576  497 3409 5096 3971 7647 1016
 3492 5723 4623 2055 1346 6979 6505 7263 2658 6901 2808 1183 3599 6873 1911 3459 2347 2095 3571 6718  538 8688 2591  279 2761 6249  916 6818 2635  825 5072  334 6337 3370 5038  982 6477 3466 1635 5901 3626 2422 5101 6767 8046 1095 2824  401 4827 2812 4409 8825 7268 6196 4291 1390 6703 6108 3956 3703 7711 5503 7789 2674 4023 8717 4367 8395 7685 5616 6693  842 8090 3306 1234 6006 6435 6578 5164 4342 7587 2466 5968 6384 1499 1162 2131 4870 5534 8252  332 6479 7369  345
 3697 6072 5505 6104 2508 4633 8175 7370 7770 5591 5142 2232  475 3004 4219 2260 6612 4444 3710 6811 5345  721 2176 5891 6392  651 3967 3363 5448 4455 2559 3744 1570 5222 2748 2741 2266 3523 1200 6491 2583 7984 4715 4869 1187 1010 5227 1870 1004 8716 8130  771 3005 8542 8224 7431 4934 7986 5241 2780 7044 8436 1155  743 2148 7068 2108 3578 2656 3620  876 6542 6586 6203 5358 1383 5288 3676 3064 7875 7453 2257  534   98 6386 1832 8096 6774 6706 3936 6412  598 8630 7204
 7701 6530  918 7195 1164  399 8043  725 3892 5453 5405 7018  311 8134 4124 2354 4452 4629 5609 8604 2031 6511 5159 3866 3042 6321 2121 2933 1951  231  396 2209 3086 4133 4093 1675 4399 4347 4981 4704 3480 4898 8562 7748 1997 5293 8831 2555  753 3239 8250 6447 3666 6223 1999 2684 6582  165 7210 6591 3054 5316 1042 4004 3568 8695 5357  855 4572 2366 7474 6904 8527 3733 3737 8775 1995  515 1120 2730 2063  595 7329 6863 4157 8247 5337 7780 8255 2388 7897 3283 2573 6211
   90  932 6989 2565 4697 1149 4378 1963   93 1927 4065 5977 4173 1694 4275 7154 4850  166 4345 6274 2346 7265 6900 6253 1312 4543 7083 3640 7619 1141 7520 7158 6296  264 3451 3895 3618 3498 3303 1491 2594 6390 8764 2331 4063 2663 6517 4272 5262 1496 1268 7130 1519 6597 4930 4811 4122 8743 6611 2980 4660  967 1736 5894 4905 1130 8262  889 3183 6487 5935 3154 7446 4679 1384 3656 6161 3742 4890 4886 7291 6881 5746 8008 7888 4733 8723 4123 2531 7039 3977 2903 5235 6800
 3761 3541 7028 4410 3118 2080 5831 7243 3979 5851 1522 7902 2978 1118  583 4058  250 5547 3284 3648 7172 5395 7618 7521 6414 8537 8546 3570 3413 1199 5431 6049 8652 1349  640 3112 1054 6768 4048 6720 2451 1912 5668 5887  480 1425 4514 6012 3455  148 2629 6087 1382 2137 5278 7103 8241 1008 6133 8328  516  172 5126 4768  737 7809 6129 8270 7047 8246 8452  452  328 2569 3198 7913 7831 2273 2389 3853 1392 2102 3912 2627 1469 7249 5507 5659 6043 4266 6020 4305 7751 7741
 6776 8502 4839 6388 4841 3695  562  669 4567 4566 5952 8213 7206 4100 1698  556  301 1785 1586 4574  492 2162 8510 3746 4950 3835 2943 6345 8547 7456 3432 8778  302 7766  374 3913 3449 2905 6918 3878 4916 3646 5994 4081 3798 6872 7665 1597 6131 5445 8446 7650 1426 7793 5397  134 5335 2923 7078 8350 3700 5523 1926  844 4425 7186 7080 5752 2463 4364 2373  195 7398 3877 2302 8284 1103 6868 4820 8281 5336 1030 2894 6381  937 3991  905 7532  319 4935 2637  600 4139 8185
 2696 6665 2690 2305 7907 5392 1732 4569 8006   45  314 8507 5786 8087 5783 7405 4525 8738 6515  731 4328 6478 1687 8409 8614 8126 2912 6988 3333 1892 1865 1735 3771 8815 3090 5560 7483 4423  666 8795 4721 6277 5145 2875 4498 2413 6648 3590 3528 4517 8790 6657 5325  240  582 1969 1039 4072 6566  233 2906 1012 1825 5347 6050 3687 3368 6493 6717 5250 5546  657 7059 7804 4051 3073 4779 3673 5065 5860 1971 2718 4999 1374 3757 3588 2053  900 2596 3098 7940 6143 1271 5656
 4692 7048 5243 3207 3856 1206 3719  621 8007 5459 6516 1685 7014  530 5237 4231 2280 6431 1568 5150 8352 1222 5753 8296 6954 3543 7319 1990 2563 4188  397 8349 5073 5871 6396 4678 2025 1869 2431 6246 3029 3291  831 6291 3633 8055 6664 5822 2441 5111 3943 4085 6826 3661 8767 6019 4533 1308 1480  453  849  940 7703 2582 1232 2174 8010 3381 7759 1040  639 1117 7939 1598 7180  874 7231 7308 8110 1937 8726  474 4045 7218 5100 7576 2175 4435 7824 6293 3846 5499 2625 6442
 5809 3269 1868 7517 3516 2456 4073 4855 7503 5553 3360 1750 3981 4067 8435 7164  252 1294  271 3211 1601 4055 7686 8558 1673 2792 6303 3759  384 6319 6838 7540 7988   16  137 6095 2552 4041 4626  552 6702 6059 1424 5340 4348 7229  950 7736 4744 7270 5328 7436 4963 8320 5425  406 3495 8732 6753 1518 3056 1013 8478 4114 3533 2292 3641 4655  208 8523 6003 1558 1775 6242 4153 3102 2650 5705 5524 2687 4108 7125  839 5458  713 5888 2807  234 7275 4607 4720 8800 7151 8805
 6035 6460 1417 4148  575 5606 6254 4862 4696 6468 1001 1794 1764 5775  395 4180 2725 6663 3030   77 6877 4172 7391 6930 7574 6522 8749 7758  170 1513 7990 7359 2365 4359 4724 5735 1908 5551 5259 3034 2359 8731 7957  946 5188 1477 3386 5394 4731 2803 2840 6166 2323 2089 3320 7155 4911 4484 3968 4556 5098 8486 3158 1257 3096 1080 3896 5917 4197 3871 3978 5500 1285  182 2252 5537  560 6537 7858  722 1733 1649 2003 6737 6828 8670 7216 2244 7977 1448 6948 8580 6644 7546
  814 1399 2789 5676  367 6856 4052 7720  738 5333 3313 1379 8617  948 3405  960 4248 8517 1326 3671 7069 5274 5380 2766  188 7358 1104 3870 7310 2103 8303 3169 6382  489 1996 3677 8102 4259 7964 7361  365 4952 4661 8631 2765 5751 3115 6418  820 3755 5745 7183 3411  653 1129 1484 6063 5236 5873 7870  778 2156 7659 4376 7950 7594 7314 5383 2285 3079 6750 3230 1959 6915 4907 1813 6098 3190 5638 8623 7985  656  245 8601 5798 7880    1 3009 8456 7464 8392 2202 4530  291
 8024 6046 6344 7494 6557 4119 3879 8387 4438 6922 4168 8798  833 6712 4406 5183 3557 8450 1603 6726 2142 3202 4331 5815 8002  980 6221 4861  774 6488 1710 1314 2163 1575 8378 4451 7123 6684 6273 5361 7030 7478  163 4919  957   91 7787 6137 4787 6069 3017 3216 4182 4751 6455  546  348 2294   18 4769 8733 6281 4503  274 2667 2546 7569 6692 6156 5390 4504 2138  351 8228  689 3722 7649 2607 4832 4109 5762 8789 4311 1670 1643 1982 1292 3708 8811 1968  141  629 2939 6546
 7534 4822  861  268 6433 3206 3780 5061 2068 6670  733 3468 5429 4630 6936 8501 2669 7178 1666 6187 1505 8750 6864 4816 6171 7895 6622 7733 4502 6404 2701 5257 7565 7683 3987  200 6375 4385 3538 1067 3323 5620 3129 3179 2561  962 6258 1654  580 5113 6751 8437 4617 2105  216 4471  873 6002 8828 1958 1528 3022 6461 8584 4924 5661 4459 5275 4874 4651 8062 3826 6980 3849 5062 3903 2093 2353  224 5644  796 1674 5167 8806 7539 7544 4413 3526 2312 6017 2945 3414  566  428
 1918 7185 6450 2574 6845 8380  296 3836 8448 2692 1916 2496 8783 4037 7203 5494 4165  561 3970  923 6162 5393 2360 2936 7661 6322 6775 7477 4967 8400 7112 2799  153 7632  872 6571 2867 2604 3749 5467 4394 5869 5109 2033 4095 8031 5562 7435 2427 6261 6105 6496  244 1343 4064 4405 5972 1350 3440  276 1618 4313 2598 5679  985 5622 8385 7822 4069 7742  462 8150 2754 4346 6909 3773 1181 5653 7679 1862  744 3691  283 3685 6197 7386 3789 1749 8398 7808 1814  191 5181 1459
 4373  692 3591 6829 6349  521 5737 6995 8616  210 4774 2706 4276 7082 5741 1465 3905 7948 5520 1377 1478 7643  122  715 6238  269 6014 1419 1402 2722 5872 7993 7248  800    7 6033 4416 8780  207 7525 1319 3779 2963 8676 6783 1074 5215 8066 1260  460 7801 4829 8023 6504 6745 8722 1819 1353 1944 6144  318 1225 8642 7167 1584 2046 6563 6933 1366 5318 5913 3053 5407 8526 2777  313 1723 4636 2851 8672 5217 7273 1338 4418 3935 7915 5223 4513 3106 7481 7869 6785 4717 1427
 8467 6241 1847 3065  322  860 1799 1895 1676 4135  282 7881 5493 8245 3365 4507 6492 5368 8377 8657 7455 2683 3927 7691 6214 2330 1837  385 5941 6927 6837 3888 5266 5669 7658 5409 2487 5618 7126 1202    8 6879 8155 8199 3873 1138 1261 2343 6341  983 1721 6880 2357 4176 5890 2016 6417 8429 7060 2283 7297 8353 1836 1795 1358 6163 6617 1408 7828 1380 6861 6981   60 6335 3317 4966 7197  129 6016 3694 4735 2430 3947 4383 8065 1788 3089 2984 3767 2801 4390 3380 6668 1388
 2418 1683 5173 1835 3267 7510 5027 7145 4747 2200   42 6685 5632 5002 7582 1632 7694 7175 6626 4993 5820 2927 5599  336 6940 3369 1209 6575 8156 2747 6619 8685 6716 2767 3833 2321 8071 8433 7857 4823 7871 2032 7497 5470 3362 1772 4417  925 2739 4241  590 7601   15 6585 4662 3452 6513 2231 7600 5489  773 4945 2010 3340 8178 4645 7524 3425 3358 2771 1501 4573 5117  935 1214 2538 6465 3600 4365  910 6062   10 3265 2449 7790 2022 6286 5838 2888 4683 5813 2809 7961 2341
 7820 2214 5480   26 1267 7255  239 3900 4973 6823 3645 8223  363 2672 4289 3675 4863 6037 4579 4066  434 3698 2899 8158 3607 4784 1873 4216 4925 5570 7430 4618 4516 8369 6840 8528  175 6083 5596  620 4527 1867 4354 5992 1216 6535 7592 6475 7949 6650 4723 5789 7052  443   29 2143 7771  473 2081 8818 3611  938 7878 2921 6819 2097  454 5557 8788 7410 2918   40 2250 5344 8519 3077 1617 1607 7381 2566  726 2534 7422 7053 5460 1684 7303 4647 2543 5986 7120  525 5947 6770
  376 8050 3592 7612 7721 2798 8254 1933 3997 5964 5647 2532 5501 4189 3377 7731 5430 3408 8240 1247  644 4932  584 6899 1135 4408 1851 7670 5792 3060 2773 5592 1692 1404  769 8656 8067 6809 6182 6804 2475 5067 3839 3717 3572 3245 2228 4379 5026 7806 3109  382 2595  877 8745 5456 8034 5118 1546 3231  482  303 8684 4965 4357 1924 7081 3310 5573 4283 2196 1092 4518 5979 4145 7035 8417  357  791 5045 4355 4552 3213 5247 2950 4127 3162 5032 7727 6051 5739 8568 4640 5670
 8121 7311 6313 8390 5031 5076 1801 4404 1277 8787   53 6123 2497 2511 2186 7999 2438 6661 7692 5299 6230 2826 7010 1468 7656 4077 5565 7096 6076 4419 5532 1430 7417 8099 4584 2450 6551 5662  558 2426 5244 8419 5310 1796 8632 2541 5526  520 5175  107 6239 7315 3297 6236 5904  904 5847 6463  248 4808 7602 6943 2829 8766 4687 3544 1014 1706  267 3259 3364 4670  513 2708 6944 6048 4519 3174 5538 2471 7141   78 8434  366 2403 3830 6501 4754 1018  764 3531 3736 2170 2414
 3493 5956 3288 5479 4334 2606 7795 2661 3397 7941 7034 1866   28 1917 3732 1160 5023 7843 6579 4512 8548  147 4030 6841 3361 3993 6040 6305 7925  338  300 2286 5230 5415 1948 6656 4252  483 1357 6594  218 2820 6476 4012 7476 6761 4601 6073 4505 1747 7997 1500 6715 6553 1539 3756 1882 1231 4465 1906 4875 3857 6045 4557 7351 2691 1364 1111 7055 5559 1876 8431 7537  572 7528 3332 7811 4368 2078 4084 8432 5814 5875 1192 8032 2616 4191 2332 4028 6270 5082 6762 4151 7554
  503  123  953 1898 2536 4847 2391 7223 5297 8144 5685 3476 3793 6229 2502  979 6235 4146 7280 2915 7350 4389 1677 3041 2874 3445 1884 5748 6528 4456 8712 8138 6986 3199 6533 6788 7228  817 7905 4320 5264 3909 7193 5486  736 5506 2461 2048 1610 2764 3916 3809 4689 8628 2662  413 6298 6518 7609 1800 6527 1771 1322 8755 1452 3622 5402 4220 3925 1754 1719 7769 1989 1157 1336 5943 3127 6194 3597 3636 7128 7816 5088 7240 7944 8030 6173 3103 4458 3166 5903 6436 1029 4116
  798 4222 4329 2651 8532 5769 5615 8347 4884  617 3701 2111 8752 1211 8425 5186 4476 5923 4316 8358 1520 7756 5435 4163 4269 4603 2854 1515 3512 1655 4921 6186 4295 7363 2853 3015 5423 5530 4117 2339 4700 1606 4336 3012 6225 3157 2847 8794 1531 6157 5800 3649  140 6507 1812 6678   14 3514 2763 5529 7084 2444 7099 8829 3260 8753  870 6124 3966 3884 2610 2394 7168 5566 8183 3791 3001 5642 6306 2342 7568 1952  696 1827 3217 3324  132 2646 8300 7252 8355 4659 5625  152
 5619 3071 6697 6636  130 1363 4330  470 8690 5902 2213 7260 5055 6304 6265 5102 4621 6400 8029 5756  317 8306 8774 6453 4144 7257  712 3002 1217   80 6183 2601 3081 5360 2058 7992 8242 7428 6424 8346 8579 1727  812 8173 3681 4522 2246  999  373  740 7629 7343 4624 6028 5292 1053  490 6151 7295  779 8748 5531 6053 2917  564 2560 3458 2733 1894 7490 3958 6689 3100 1945 1098  411 3359 6707 8808 3025 7102  821 4175 6584 5162  971 1821 3133 8333 5482 2348 4192 1981 5760
 6205 1559 7106 3494   97 4639 6185 2221 2125  450 8559 4538 1248 5153 1088 5155 5856 1482 3447 1330 6466  415 2349 1645 1099 7906 1143 8480 5348 4223  344 1420 7290  945 6595 5539 8139 2938 7149 6731 4948 7646 4495 8705 1449 7734 2274 8308 6540 4270 8680  115 8207 8301 5010   54 8274 2571 2318  714 3107 8479 8457 2631 2966 1857 8092 7065 3841 5362 5064 7859 6278 5478 8189 3298 4872 4358 1588 1243 5601 1339 7025 6682 5726 5469  518 2338 3852 4362 2336  927 4539 5827
 4137 6946 3484  447 3165 8188 5895 2091 3194 3762 3647  440 1859 7547 7199 8518 2879  933 4532 2648 5461 5369 5966 8414 2317 2919 1197 5828 7362 5696 1180 1011 4597 4232 8180  754 1949 5212  221 5608 4581 8803  706 6288 5926 2362 6356 8009 6486 7877 1391 1436 3918 5029 4115 5320 3500 5036 6620 5955 5931 4865  138 4186 7064 8455 3926 2968  368  908 5226 3416 7372 5646   69 6509 1856 6725 2446 4536 1848 3594 7487 6691 7614 1483 3763 7676  528 7282 7213 5332 2319 5201
 3138 4957 5916 7247 4463 4431 1985 5610 4312 7169 8233 7737 5374 7015 7057 1320 7033 1264 3655 3028 1428 4209  879 2270 7328 7262 8476 2578 3136 2168 4308 1893 2335  978 4585 5729 4018 7924 3294 5836  857 1280  125 6680 6984 6474  173 2150 8474  219 4742 7471 5253 2191 3728 8193 3087 4224 3145 5131 2421 7374 1348 5147 3696 1442 4238 3088 6895 4442 3355 4258 1704  866 3491 6743 2001 8443 3996 6867 7696 5803 7542  674 1439 2909 8357 1246 8756 7666 3264 5921 1965 8127
 2007 4322 7148 4279  984 3215 2468 4053 3479 5509 7531 7097 5127 4031 5665 5958   94 6851 1768 3144 5290  225 3553 3704 5785 3003 5443 7640 5330 2587  684 4873 2185 4088 5114  290 4818 8070 2556  204 5203 6893 3994 8314 8217 7778 7561 3511 8700  133 4280 7335 5134 1826 2144 6834  682  650 2023 7866 4912 8222 4833 3880 7728 1019 6887  605 1445 2100 5542 1961  347 8571 7163 7076 5680 4824 6950 2369 7959 2158 1215 5391 4997 7581 5580 6106 3172  758 3908 7300 3192 4658
 3889 1701 6521 7334 8163 2004 4007 2145 5024 6941 4403 3203 1238 7943 2060 2976 5692 5920 4113 5924 8132 7523 6766 5436 5449 7133 3249 6997 1493 6615 2881 1265 6855 7415  455 4422 2171 1972 3349 5021 3047 8049 6654 3539 2203 7333 8225 7863 7426 3609 2477 2863 2675 3890 1686 5498 7153 4976 7660  257 2865 3398 1940 6694 3959 1110 5695 6555 5191 1781  884 6358 5121 4155 2832 8564 6738  289 1605 4644 5321 1648 3934 6942  160 5281  128 7675   74 1741 2955 5701 8291 2227
 8239  111 5199 5877 7150 7865 8535 4167 6708  997 2122 8332 6107 3036 2011 7708 8235 1240 8146 1878 7365 5242 5095  424 5287 4304 7016 4559 8416  760 2655 6547 4008 5041   65 5930 8206 3524  272 1324 3953 1447 6348 2504  131 2988 5418 7747 3342 8038 3886 3281 7019  542 2838  213 7051 1365 2537 7882 1195 3123 4593 2112 7192  824 4284 1325 5483 8624 2296 8304 1226 5245 8364 8802 4958 5248 3074 1444 1400 6817 3965   44  770 6285 5408 1900  691 5059 8468 4161 6777 7645
 7722 7938   84 3549 2527 5697 7177 3187 3325 5764 5049 2219 7451 3827 7237 4780 5844 1846  266 2996 1845 2084 4227 7136  998 4845 2402 7041  352 4044 6920 6548 6959 2050  765 8276 8237 1076 8589 4395 8302 5129 2425 7027  506 1650 4894 4885 1510 2195 2460 6906 4684  524 5208 2178 6812 1921 2788 7851 7194 7087 6914 7088 2272 1544 2044 2114 3120 5234 6077  121 7663  127  996 1276 7654 8260 3520 4756 3711 8045 1100 8563 7677  555 6164 5626 8430 1128 7894 2233 5757 6266
 8600 6935 1713  162 2954  686 7301  790 3558 3164 2949 7962 7762 8238  567 8103 5602 2617 6320 4612 6831 3891 5572 8174 4682  660 5878 2337 4106  574   87 1415 4944 2106 7101 7104 5945 7672  178 4290  143 4857 2856 1634 7724 6471 5549 3552 3812 1219 5135 3573 3062 5416 8033 7008 8248  801 2179 1119 8216  964 2193 8426 6279 4398 6587 7347 8565 1289 7719 7777 7746 4842 4807 3410 7091 5730  752 1540  232 2693 4350 8791 1778  638 7404 3972  109 2152 7401  494 4917 8197
  586  479 4762 2499 3437 6128 7214 5623 8330 2370 5973  236 6598 1037 7233 5092 8574 1506 3657 4292 8441 3057 3266 4828 6403 1834 3268  214 1536 7387 3678 2054 3066 4212 6982 8603 4071 4714  212 4897 8644 4128 6423  819 4681 1753 1765 2288 6307 2507 4447 3874 4939 7764 3672 3470 3176 8077 2506 1560 4257 7805 7221 7839 6215 6021  958  901  331 3252 6130 1864 3242 8804 4230 4680 1858 4143 7423 8383 3788 1553 7983 5900 4547 6052 3623 6782 7499 7294 5169 1547 5981  915
 1116  442 2786 8267 2459  548 1263 7972 4022 6247 4421  167 6937 3196 8454 4979 2226 1009 6659 5254 6844 2482 8699 8428 3534 8654 5907  919 1301 4050 7287 8329  461 7970 4297  711 2439 5525 5889 2997 1756 1852 3882 4278 7113 7567 7754 6934 4978 7495 5284 2643 7921 6007 3011 2480 3914 4620  813 6175 2749 8161 2880 5613 1863 3858 8399  446 4237 5296 3208 1176 2015 7799 7885  547 1626 6580 6011 3261 5123 4588 4401 3391 2401 3660 2064 2518 2642 6262 6740 3797 5884 6634
 2478 3760 2263 7752  603    4 2639 1809 3801 4711 4729 4195 6252 8232 8820 5286 7309 2600 6977 4325 4210 8257 5777 1492 7637 1815 5455 6603 2481 2990 5081 5808 3944 5327 7408   68 7978 3951 1178 2271 4382 8063 6544  176 8020 4105  986  435 7947 8141 5406 6722 4029 6360  661 5048 1140 6367 3546 8184 1113 5548 8453 2584  342 6034 3805 3730 8754  155 8129 3652 1628 1761 8149 3341 4646 8076 2404 8204 3346 8203 5283 5365  408 2887 1745 4666 1901 1766 3163 3902 2445 5213
 1633 6675 6961 8068 4708 2624 7131  613  211 2412 2677 5541 6625 4770 2316 7452 7635  459 7075 5578 1638 6206  699 5758  929 2724 2843 2588 7955 5239 2397 2576 7176 4375 2116 5770 8218 7293 3735 2040 5326 6308 7458 4307 4600  961 6752  862 1184 8089 3726 3699 8686 2822 7441 4323 1988 5136 1464 6180 8154 5807 2344 7090  856 5190 8256 7442 4937 1096  507 8201 8299  841 7256 3460 2858 6115 5246 7572 7684 3146 5104 1640 5261  781 2857  827 6688 3307 5967 1487  909 3403
 1700 5949 3043 5260 1960 3674 3214 6297  767 4349 5439 3766  748 7475  288 1017 8668 1288 3899 1146 4990 6502 6735  641 7726 5446 7965 6071 4414 7718 3228 5084 1303 8836 4523 5433 3555 2889 5000  797 2589 4070  285 1853 5137 8371  581 5543 5806 3986 2973 6679 7026  100 3280 1886 3401 5457 7669 6176 4746 3810 2872 4170  628 6569 4138 2892 1340 1993 3723  458 8014 7763 2750 7251 1922 8760 3209 2159 7439 6094 8549 8669 8505 1909 5576 6921 4977 5709 6652 2098 5412 5991
  749 8021 4240 5725 7222 7200  270 6830 4758 8109 8739  498 2049 7234 4799 6967 1060 7541 1321 1521 2709 6227  325 6896 7825 7479 7488 1724 1406 7224 5125 5091 2284 5939 8832 7853 4335 3560 3783 5046 5437 8638 8118  541 1994 2240 4021 2567 7829 6512 4171 6369 8529 7424 4702 6342 4255 2837  527 1773 1188 4104  993 4940 2472 4215 6963 1664 1758 3275 7371  673 1977 4899 7963 4676 2520 1386 8615 3904 2324 4120  251 6485 3277 4472 6370 3747 2841 4478 2956 5060 1237 1335
 5819 4282 7772  229 7833 7179 6960  243 3334 3433 4440 8466   89 2545 4436 7767 1371 8497  476 3464 5942 2039  614 2570  704 5780 3653 5265 7781 5975 4166 8639 1186 5454 3975 1437 4303  203   31 8661 2738 1763 1150 5881 4563 5306 5146 2930 2239 8088 6894 4797 4809 2877 2958 7138 3545 5954 4561 4453 3278 7226  570 3745 6780 1456 1619 6624 8128 7879 3110 2172 8648 8105 7089  124 2753 8342 6132 2815  702 8266 5853 6852 8415 4396 7029 2117 1082 3478  755 4555 5090 5351
 5371 5080  775 6792  892  693 6686  851 2006 6302 6846 5720  619 4887 5637 4664 8044  407 5635 8506 3330 4134 1557 2510 6524  226 8651 1389 3285 3309 2166  198 7952 3168 7467 1946 3160  335 3822 7526 7074 3530 8012 6576 2910 1007 6179  785 2985 1022 4244  633 2873 8413 8261  126 7349 3740  727 6311  416 6324 8289 8324 7807 7847 2920 8373 5277 8340 6523  679 5846 3224 1532 8420 4817 5849 7584 7689 2519 4103  177 3052 5157 5703 6331 6459 5948  887 1086 6878 1621 7513
  523 8283 2220 6754 5510 4941 6127 7636 6671 5228 8583 4393 4739 3845 2712 1291 2904 1458 7570  164 5848 8786 7332 4888   86 3322 7608 1759 4288 6627 2947 4815 1373 7366 8557 4895  793  880 1907 6189 1273 3319 6635 6870 2374 6271 4971 8586 4332 8779 1201 1282 1370 6848  991 3383 6628 6326 2333 6093 4906 4844  375 4384 1672 8543 3204 1511 2579 6079 6054 1455 8488 2069 2251 2056 7867 2014 5205 7344 3472 3469 6084 1708 4610 8588 8271 7634 3254 5451 2550 5184  284  197
 6357 1089 6631 5143 6701 4152 6361 6405 3111 7840 3982 4821 1172 4060 4959 4207 1967  543 2146 7095 2135 1495 4265 2505 5066 5466 3686  333 5984 3893 3406  159 3867 6153 4372 2964 2509 2182 6327 5110 6244 1571 3232 2940 2902 8051 2124 5711 5282 2390 7588 7604 5124 2944 4353 7597 7864 8215 6407 4616 3567 3270 8317 7220 8372 5138 3193 4535 7755  995 4218 5512 7800  718 3885 1158 6534 2416  511 4132 7017 7794 3707 5804 6317  262 6336 2405 6413 2057 6354 5419 2794   36
 8534 8379 4042 2614 6724 3508 4608 5037 2883 7127 1360 3477  545 1124  456 4147 4766 7245 6993 4199 3855 1583 7838 3563 3085 2198 7538 3487 8229 5068  631 1471 6677 2322 3244 7159 4927 3750 3706 7241 3503 4606  577 2207 2470 3262 2599 1221 8263 2762 6310 7393  951 1574 6908 2309 2113 6135   35 8635 2835 8605 1084 2602 7642 6058 5132 3167 2355 1991 8677 5649 7496 7411 6810 1957 7448 5276 4400 6926 5627  295 5749 6966 4825 1069 3471 5069 7893 7968  695 2895 5678 4445
 7620 7049  936 4783 2802 7783  144 5314 1920 1385 2107 6672 3201 2831 1644   32 1589 2529 1709 7063  237 8785 4246 6742   27 4974 3485 5675  928 5496 4062 5363 1310 8728 1352 6009 7973 2774 8720 7622 7142 2437 7124  354 6240 2962 3616  807 3040 6082 3474 2796 7360 5028 7821 1630  379  972 1642 8172 7910 8064 5898 7998 8168 3518 4836 3488 3125 6990 6911  987 7648 6857 6116 4989 5915 1043 2462 3824 3083 4107 6968 2830 8607 6365 2474 3702 6649 1902 3670 8422 1323 5791
 3624 6080 8744 6955 1624 7522 1647 4909 8191 6101 1441 8715 7031 2558 8620 7623 1414 4796 4315 2781 8026  554  485  956 6207 5220 1361 8499 2630 4830 3529 4583 3984 6044 3031 3290 3584 4229 6174 4499 2230  410 1097 3610 2846 1582 4388 1679 7007 4317 6568 3804 6602 3483 1693 8074  305 2301 8334 1078 7798 2948 4326 4548 7491 4010 3777 7889 4079 7616 1328 3785 5387 5195 2189 2223 2705 3271 5172 5279 1315 1652 8227 4587 4150 7575 7837 1466 2698 4177 5438 7205 5012 5170
  495 2951  678 4691 2157 3605  353 4437 5883 1793 1786 2778  312 6714 6719 4686 2447 7188 3050 1210 1790 3887 8073 2852 2714 2942 4920 7320 3149 3180 5879 7573 3348 5192 6222 3819 8039 8782 8816  110   52 6064 5732 3184 3289 5009 2769 1833 1409 6842 6328 5305 1877 5194 6734 6503 8821 8702 5427 5841 6090 7000 1131 5209 3072 3562 5845 3593 4094 5166 4867 3016 8509 6994 6111 5810 5224 5116 5515 8406 2959 3898 2190 8265  845 7117  593 4960 8017  417 2275  445 1669 7904
 4508 8835 3404 3150 3140 4565 4243  359 3385 8797 2866 1936 1512 8682 1317 8403 3356 8354 3402 2862 4918  803 3302 2367 8318 7459  350  156 7753 6399 4126 5568 4826  912 1137 1623  681 3457 3489 7071 6728 2644 4351 6673 3465 6897 7564 4003 7317 3143 8337 6385 3462 1691 2793 7712 6482 3569 2544 1739 1422 8136 5612 5317 1806 7325 5794 3990 5715 1829 3139 8040 3807 8336 3814 1798 7470  792 3395 5561 5403 3974 2247 5078 1005 6231 7590 1144 5268 7900 3070 5858 3772 4411
 1552    9 1737 2568 2608   64 1020  323 5839 8524 1375  652 6609 2255 4433 6362 1272 2876 7519 4473 4738 3938   23 6974 2666 3901   46 5919 8641 5682 2187 4856 5417  324 5521 6395 4903  668 8295 8473 3099 7261 2249 4782 1473 5339 8053 1193 3132 6532 3595 5182 8608 3535 8491 7288 6178 5112 4214  355 7289 6426 8181 1021 7165 1730 8214 2327 8293  227 8721 4810 4033 1542 3225 5106 6091 7585 6497 3141 3815 7812 7160 3536 2139 6481 5733 1470 3456 2922 7235  976 8793 4879
 4806 5555 6280 5140 3715 6632 8719 7518 3911 7500 6100 1855 8495 2448 2253 7644 6022 7704 3770 2664 1046 4673 6795  968 5929 5370 2991 4225 4599 1507 5444 1396 2329 3475 6027 7345  592 3441 3748 5747 6614 6376 4203 3255 2297 5600 6284 2914 1105 7740 8244 1728 5019 6315 1236 7922 1031  426 8411  705 4544 2932 4926 2623 8041 1241 1702 8027  930 6004 4619  729 8025 2038 1208 6393 2787 2719 4439 5832  529 5563 6243 3933 1461 3007 7786 3256  848 7413 2173 8649 7979 2937
 2442 7388 5280 7277 8018 5323 1590 3754  436 7002 5384  104 5953 8164 3258 1006 2986 6978 3731 7253 7354 8813 3122 6150 5759  286  890 2277 6854 6047 6723 6797 6457 3097 8226 4206 1275  780 2149 2215 3505 1659 4893 2494  787 7489 3318  277 7045 7472 7716 1056 2557  420 5750 8003 8312 4097 2685 8471 3352  190   20 3151  281 8629 6536 8194 5774 2452 3825 5343 8777 2652 6333 7791 4121 6633 3116 2082 7296 3915 6874  469 2485 1573 4635 6813 4667 5850 1755 4713 1808 2424
 2298 3173 4521 3519 6500 4474 2839 5795  510 7848  591 3418 3579 5476 2483 8464 8326 5141 5196 5528 8694 6364 3842 5463  544 2165   30 3817 5207 7555 8098 1585 3684 6260 5817 1369  859 2758 8701 6038 7792 4914  665 6747 3400 7498  383 7707 4983 3234 7508 1770 5301 3082 4657 6562 8361 2188 3776 4923 3510 1899 4443 8279  898 4575 6931 5396 5605 7352 1620 5706 4482 4475 6148 4217 2067 6428 3907  648 5185 7058 3287  321 2399 2649  472 7557 1928 5349  255 5517 4083 6713
 1207 1854 8001   17 3357 5163 7250  751  786 1616 1432 4851 7307 1689 6498 5008 3680 7817 7217 6952 2267 1002 2315 3862 1514 8048 2160 8059 5734 6387 3919 8498 5382 6036 5252 4562 2970 5655 7466 7886 8492 4339 4426 3189 2492 8597 1071 4650 2896 6415 1743  802 3051 5350 5893 6604 6526 4039 7527 5583   73 7207 1752 4102 5897 1025 1059 4805 8627  834 4239 8251 2281  604 5997 4968 5202 2372 2184 1245 8047 8135  716  249 8691  467 8085 5249 1058 7911  864 7242 7215 3574
 7966 5179 4338 4296 5011  763 3421 1707 4234 8212 3930 1791 6456 5329 1923 2791 5554 1133 7061 3094 5477 8487 1494 2052 5255 7516 1075 5077 8626 2075 7429 7189 7506 7702  632 8822 5768 7953 8148  602 2396 2290 2882 1538  622 1955 4429 4706 4614 4369 2898 2423 4831  463 7982 1715 5004 3859 2539 1212   79 8552 5231 7788 5015 5584 2736 1460 3427  299  327 7003 1479 8190 1161 5801  578 8729 5933 6314 7899 6088 7285 7502 5743 4019 1554 4179 5490 4300 3949 6193 5487 4164
 8122 1534 7122 4537  242 1023 8819 7945 2503 1262  847 4625 8799 8119 7589 1613 4553  330 2585 3327 6425 5056 1748 7630 4710  349 3423 1903 6140 7269 8784 5218 8339  409 7323 1596 8095 5550 7135 2130 5962 7974 8730  196 4158  187 6343 5193 6998 3354 4596 7054  102  457 3796 1678 5148  329 6181 3316 4736 4493 3654  118 5313 8082 8153 2530 3635 3156  260 6543 5052 3961 2844  356  437 6209 5322 6409 8243 4975 6601 5593 4089 1722 7259 1345 5158 1564 1711 3860 7975 7501
 1840 8609 2977 2279 1688  194 6784 7511 7382 2659 7465 3063 4882  519 4604 6165 2045 6925 4605 4181 1565 2304 6377 7449 7326 2473 6190 5936 1792 4306 4685 6932 5488 4699 2368 8275 3644 4814  829 2969 1047 3782 2041 8360 6149 1085 7170 5379 4006 3152 5604 6422 6802  275 4352 5079 4663 2861 1475 6757 3195 2742 8133 6026 1839 6589 2645 6074 2710 5311 2871 1816 1223 7005  776  662 5688 5855 7884 6885  768 6985 8311 7768 8408 6217 4643 1526 5025 3679 3692 1033 5376 2720
 8198 1533 2699 4880 7874 7512 4274 3407 6690 4402 6969 2037 7562 3765 4954 3621    5  106 8205 3251 1614  897 4589  627 5388 2019  481 7832 3802 7144 7032 3999 7062 8362 2070 6112 2351 7013 8636 2513 4910 3250  206 4204 6711 2469 7473 8011 8751 4511 6383 3039 2806 3326 5744 2671 3663 5399 1541 7425 6700 1612 4091 3481 1615 8625 3226 2036 4477 3775 5908 6119   41 8111 8707 5511 6924 1760 2289 4236 2998 2960 4956 7760 4002 2911 1250 5805 1256  259 6483 2890  724 7861