 3986 1355  811 3140 4928 4778  788 2784 5951 8533 2800 2790 7346 2890 2087 7092 6557 1180 7547 3460 4386 4097 3254 3724 8839 1367 4757 8354 2614 4623  237 4090 8856 7195 2194 5373 5554  767 2263 5611 8798 1322  383 5510 1538 6012 3491 1798 6425 4912 2836 7941 8796 8911 6715 5343 8093 2634 1349 2158 7769  130 4916 4147  408  115 7962 8891 4177  159 6652 8540 7000 6718 2776 1814 6919 8310 3295 6619 4347 5486 2545  242 6620 3108 4485 5537 1563 1909 8327 6492 1083 7231 8520
 4275 5882 3242  145 5546  999 8775 8474 8671 3757  556 6747 5460 6504 5845 1153 7333 2438   33 4596 5023 7754 4762 7196 4825  193 6738 5968 2319 3723  808 5094 2274 5365 5784 7128 7715 6116 2627 7086 4651 1872 5228  113 1912  171 8375 1978   74 1796 8580 5430  580 3215 3475 2741 3592 1152 2870 7440 2470 6855 8426 4600 1376 7082 3353  548 6072  238 3910 2941 5033 4840 4723 8070 1941 8434 6946 5061 2625 8572 6582 1546 3678 5240 7758 5558 5458 7558 3690 7286 4065 8016 4010
 1647 2774 6101 3934 3394 7451 1900  857 1940 7693 7292 7954 3497 7065 2923 4229 8739 4765 5529 4983 2503 5595 1822 8048 1943 7576 8871 2560 2226 5126 4167 3721 1342 3469 1373 3143 1658 4054 5449 7411  336 3521 6478 1282 7884  205 7728 2563 3270 8688 5836 7264 4309 1389 5625 7012  537 3104  494 8567 3660 2379 3535 7189 5863 6423 5854 6208 1614 7970 4148  520 4135 6870 8614 8742 7757 7390 4460 7817  728 1142 7914 6781 1408 3656 1225  432 5059 2985 3070 8725 5127 5624  895
 7847 5272 2227 7522 1857   24 8102 5435 4153 7660 2716 3809 4806 1301 6515 4914 2612  320 6440 3531 1143 7291 5141 4012 5905 5395 7081 1693 3549 8791 1905 7227 4681 6390 9002 2655 1200 3137 2478 4707  861 5446 3467 1679 8290 3559 7496 6417 1842 1451 4034 5457 4308 2854  802 2853 6049 2214 8240 2725 8158 6743 5303 4017 7149 7095 6883 4407 8815 3572 5332  428 5853  641 1881 6589 4452 3643 8879 3351 6122  341  931 2587 4984 3094 8532 2248 3251 3203 7598 1114 8531 7146 5372
  800  809 7241 4440   65 5721 2829 6660 4602 5797 1907 5261 8707 5930 2377 8998 6998 8660 4429 8847 4671 6805   36  969 5552 7800 4003 8744 4648 5054 7846 7140 3579 2383  603 3480 7306 4625 5143 8059 7562 3533 5118 2543 1583 5084 6756 4994  730 7742 7515 3705 5577 7310 1356 2932 1790 5161 4326 7263 1316 8116 1643 2700 3626 5999 3050 4188 7856 6109 5661 7900 3646 7747 7778 4768  314  141 4451 5429 3399 3138 2126 2448  163 3031  973  393  815 8099  856 6247 5259 1061 6185
 8244  137 3299 7886 6937 1999 4461 1418 6060 9008 4465  600 6719 7787 1363 5492 2228 2888 3512 1186 2245 2006 5339 1358 5305 6339 5601 3649 2698 2068 3055  903 5464 5949 5977 7624 6608 7021 3860 1187 7966 5829 4335 5104 8700 4553 5387 8733 7819 6057 3944 6098 7396 4950 4176 5941 6685 7602    1 2166 1472 8025 4486 3037 7132 8626 3142 4481 1888  173 3253 3715 3170 5026 1010 3819  217 6550 8511 6042 6745 4314 5010 6149 7804 2728 3461 4940  612 4362 1821 5974 3895  334 3424
 7978  877 5144 2475 7937 5925 5166 7230 5478 4094 4601 7368 2387 3350 4022 5299 7075 4744 6168 3101 8365 1758 1551   30 2404  469 1717 5260 1649 7922 1338 4107 3938 3305 6556 4214 8885 2323 5593 5833 6540 5497 2454 5576 8929 2656 2320 4027 2424  793 4100  511 8105 5996 2393 1441 3485 5839 7915 2363 2445 2195 6125 1721 6335 5607 5527  894 2058 6279 2691 5461  421 8252  198 8503 7468 4661 5206 8603 2244 7919 5091 1743 8494 7798 7998 6737 6724  642  462 7649 3849  810 8925
 4712  954 8047  664 2119 5015 2095 1972 4680 6585 2120 8995 3799 6726 4696 4856 3844 2844 2555 6358 1915 6741  451 8014 8790 2034 5880 8814 3899 5432 6520 5496  678 6368 8895 8884 1659 4748 5787 2874 6624 8221 6736  300 6938 7207 6690 6861 3343 3909 5499 7495 2096  819 5943  384  558 7763 5928 7373 5389    8 8571 8495 6414 6543 1750  889  865 6959 1157  734 4511  829 5815 7042 4408 3022 1500 1953 2464 1240 3997  477 7098 7434 3588 1162 5547 8842 4843 4754 1618 1965 8650
 7066  745 7679 4821 7668 7964 6986 2157 8107 1926 6897  484 6371  223 7334 3361 4755 6404 1774 7684 4403  526 5252 6207 2943 3733  491 6054  299 2054 4082 4569  555 7609 7152 8675 6637 7448 4247 2150 7108 1021 6847 9022 2704 1231 8676 7839 5257 5099 1339 6775 2669 3347 1630 6144  153 8212 8840 4533  714 6500 6126 5544 1232 6512 7642  952 2750 6344 1136 6337 6481 8041 3752 7084 3246 8416 2682 4352  149 7912 4463 4899 3814 1499 2262 2206 5316 1860 2996 6067 3354 1740  417
  665 4438 8577 5319 2542 5409 5045 7711 5106 3105 3969 7836 2290 8399 2788 7387 2439 5053 4621 7669 1486 8753  490 7057 2988 1394 1657 4972 2745  740 3883 6452 6891 6204 8425  447 1612 1665 5700 6246 7708 5807 1823 7551 4629 6593  846 8784   45 3753   19 4599 2077 6580 3241 8735 3614 8921  152 1878 5485 2071 2462 7534 3657  291 7791 4298 1775 3933 6224 7461 3897 3805  348  691 2151 6120  606 4895 7903 7627 7795 2731 4888 3195 7013 7307  763 3281 1192 8428 7955 7064 8568
 7762 8451 2347  574 2121 4462 6677 6061 8957 6050 2489  557 5768 7319 4320 5294 6730 2285 4340 6221  212 7629 1074 7179 6373 6659 1891  292 2192 3744 6034 8853  331 5130 4318 3831 6374 8469 1700  434 4759 3508 7775 7765 8950  896 4788 3749 6174 3360 2608  431 4218 2389 4631 3956 4370 8143  412 9003 6559  178 4873 6113 7210 4666 3081 1794 6217 3857 7026  438  703 3100 6353 8555 5965  640 3945 2322 2841 4393 7314 8551 3106 1273 4689 4531 1673 7447 2009 6639 7509 6461 3315
 2892 4716 3410 3682  570 2081 4891 6056 6341 2015 2270 4738 1007 6209 8932  252 7394 1304 4890 5255 1184 3511 7032 5065 2758 2205 6193 7105 2819 6827  506 8448 8151 1730 3177 7471  662 7015 6367 5327 4286 3423 2919  210  578 3672 3942 2823 4315 3178 5995 4060 8468 2523 4041 7659 2308 1406 5618 3685 1179 2026 7360  878 4559 6752 8547 8582 7504 7505 5072 2891 8875 6477 1409 3010 7925 5290 7018 8793 5864 3090 2603 8479 7933  937 1175 8217 5050 4986 2621 7699 7564 2539  759
 5791 7740 7507 5917 4395 3848 5824 6665  510 5119  255 3828  135  748 3179 7349   66 1512 7851 7974 2567 1401 8015 4927 6527 4743  549 7168 6029 6972  797 6899 3453 4941 5079 4527 7215 5058 6218 6849 5971 3077 6499 3374 1629 3658 8319  913 2871 7141 8001 4081 4846  699 7184 4536   17 6058 8732 2443  514 2089  884 5279 1226  659 1660 5610 4337 1626 6836 7330 1478 1602 1568 6079 8352 4359 1297  719 7272 3764 8262 8618 8278 8766 6779 1108 4105 1411 8179 6623 6760 1959 7151
 6963  138 3923 7785 1670  984 2729 2433 1178 4225 8751  644 4872 7229 2771 6958 3481 5922 5350  189 1574 3826 1844 1645  724 5463 8200 6742 4209 1543 8379 3804 8704 3340 7726 1958 3703 4794 1332 5908 1174 7093 5448 3487 5883 6055 3258 3851 7984 6723  624 3235 6028 1107 8481 7244 5780 8729 7887 8857 1089 7790  543 7491 6395 2134 1803 6063 2505 4154 6953 4151 2702 7700 6905 3782 3013 4288 3914 3645 4887 8538 3392 4811 4626 6225 4009 5083 6566 2044  496 7302 5443  791 4961
 7750 3885 7290 2666 3306 8986 2343 2330 2354 4289 6005 3227 2845 8412 4642 5375 3520 8357 2740 2896 4763 1050 5382 5270 5535 8710 5512 5534 2455 8510 4217 1284 2498 1994  591 1435 2861 5155 5487 2240  707 4484 4062  908 2956 3183 7243 3562 5349 7129 1481 4038 5702  584 8420 4180 5347 8089   54 4262 4051 5673 5756 2250 7106 5200 3509 4605 8573 6436 5736 1751 1554 5776 6187 6347 8858 5418 8922 6123 1452 6908   31 2378 8444 3036 4837 6667 2232 6853 8423 4204 2971  359 4668
 8317 4949 2108 4101 5064 1330 6128 1201 3629 2597 2156 3610 1085 6604 3539 2208 1266 2955 3995  355 7341 2696 5906 4881   86 2413 9013 1466 1011 3640 6943 5003 6269 7176 3622 3951 2280 6188 2869 3200 4193 7918 2983 7221 8897 2246 7881 2585 6973 8677 4129 2765 6385 5902  362 7738 8299 8033 4200 5812 8405 6762  784 7382 6421 8819 1923 7945 5572 4874 1403 1171 2361 8023 6023 6051  597  540 4634 9016 1103 1291 2980 1202 7630 6236 8670 6290 2233 2412 3886 1797 8075 6078 3796
 1648 5541 2533 6360 5215  587   43  972 4497 1091 2688 6947 5874 3129 3567 5940 4815 6921 5747 1280 5532 3994 7583 5896  752 5959 2221 1036 3919  199   85 8038 5182 6432 3262 6977 8169 6812 3727 7665 4086 8759 7252 3074  177 8959 5582 5929 8953 6256  618 3187 4597 5692 4149 1507 5726 3573 5268 5473 1837 1392 7899 6491 3769 6154 8586 8909 3719 5847 7863   26 8085 1235 2092 6748 8903 4079 6215 1438 2762 4673 3966 6027 1570 4897 3283  440 4137 7185 2722 7874  301 8783 1176
 8269   71 2922 3042  721 8272 6558  164 2060  389 4014 3172 8996 7853  154 5599  962 8163 2629 2858 5216  710 8090 7269 4019 6871 4924 8762 6232 3780 6212   82 5217 1234 3578 1710  692 7553 3836 7344 1335 5859 2105 7592 6673 6954 3611 5667 7007 7080 3720 6873 8562 8325 1540 2997 1517 3197 7028 4067 1128 2388 5755  568 3044 6606 2794 4808 7096 5688 6887 2864 1897 3188 7610 7815 2392 8403 2216 8304  169 3968 4619 8068 8358 6409 4857  583 2112 7615 4612  263 4760 1075 7908
 5580 7855 7525  988 2069 3950 5652 5286 5436 7109 2546 4364 1638 8110 3288 7069 8529 3867 5196 8355 7960 4173 3568 3471  175  321 5772 2381 2754 8342 7079 2643 8838 1557  645 7732 4982 2471 4052 5149 8599 8387 7710 2737 2164 1462 1482 7835 7827  850 7200 7369 7770 3264 3871 1146  858 4285 6493 1416 2786 2752 3054 1582 5988 1704 1315 8368 7054 3322 7917 3372 4687 3407 2517 6306 4157 5082 3770 5832 5452 5566 7097 1826 2833  220  512  553 4053 8064 7537  599 4021 9020 5208
 5417 8281 4230 8612 3056 7183 2394 8092  741 7813 5055 4708 4555 3965 2440  413 5416 6483 5587  248 7869 6460  290 2468 8332 6874 2674 6147 4786 6914 2785 1113 3698 8683 6854 7494 1830 6097 2169 4930 3126 1177 1475 3217 1374 8376 7677  746 3777 3472 2685 6792 8828  832 2665 2033 3816 1333 6319 8388 1731 4426 3605 1876 3169 5515 4439 1688 8611 6200 4282 6267 2628 3326  872 6447 8315 1160 8566 3879 3577 7289 5520 6565 1732 1534 7315 6666 8232 8489 2239 3398 3018 1742 3153
 7116 6198 8734 5821 4165 8969 7829 1369 3906 5785 7431  117 4150 8787  715 4839 7682 5742  468  375 5630 2708 5170 7429 7849 3800 4704  836 1405 5591 4727 5973 2093 6073 2435 1118 5037 2152 1105 6059 6362 3971 7419  947   21 2307  961 5433 8427 1120 6869 3327 2630 4573 4419 7736 3852 5955 6765 2400 1503 2905 7985 6592 7601 1197 5596 7977 8685 6445 6338 4466 6733  446  247  938 5983 1127 4423 8992 3127 4960 1023 3845 5947 2304 7177 6119 3627 4538  611 5612 5967 2272 7841
 2224 1723 3504  595 1480 2990 8878 7559 4570  122 5563 3987   89 1485 1741 6183 1134 8437 8906 6912  907 5404 6682 5690 4089 2938 4686 2720 5011 7270 6992 2957 7876 5227 5066 7928 2010 5165 3028 1126 1760 1305 8974 2047  813   35  457 8971 2391 6915 5328 3873 4382  926 8827 6936 7719 5455 1260 3368 4329 7952 3618 7405 6153 2802 7103 7549 8706 2430 7401 2005 5732 1827 6676 8119 1320 6020 2049 1299 4595 8134 3085  180 3147 6303 8724 1337 3088 6746 3389 6987 6172 5950 7807
 6038 1464 5419 4325 1707 1769 9005  487 5068 4029 3884 5786 1592  275 4130 3514 4205 1062 2967 5172 8690 3135  629 2021 7308 2548 3778 1859 7563 1341 9017 7406  397 8694 1095 8632 3002 9025 7337 5470 5890 8385 8320 8851 4385 6429 4713 8367 2991 2269 4338 8804 6438 2994 8896  505 3284 1336 8140 6889 4828 2813  632 3842 5646 2633 3589 1156 9011 3773 2529  407 6547 4518 6077 1348 8447 1396 1077 1048 7972 8834 5087 8019 2342   67 2472 8937 7720 5113 4758 7226  486 2609 2707
 3522 7637 5918 5799 6219 8141 6831 7991 2749 1580 8037 2488 6450  804 6851 2371 7375 4458 3316 7748 7351 8477 6603 4412 2909 1457 5649 5991 1450 6004  923 5809 8876 1505 4294 3668 8098 6940 8207 4402 5889 3173 2912  890 3583 5712   98  522 3452 2847 7283 5110 3175 4448 8765 1476 8069  673 3440 5568 8976 6534  569 6111  308 1248  953   44 2278 3708 3144 5912 8800 7094 1861 4428 6351  739 2837 4024 3908 2859 3413 4477 5431  646 1264 8613 6878 8593 3280 7646 2184 4896 2333
 1490 7127 6794 8935 7929 5236 8564 6001 2351  364 4598 3523  941 6277 3249 6835 2149 7067 3058 6928  388 8637 7047 1081 8865 7165 7880 3209 7523 1468  905 7667 3115 7735 1632 2939 7550 4178 3791 1005 3925 2408 5171 7614 4502  781 3369 6258 6487 3679 8259  310 4384 3546 2668 2593 1402 6352 5722 6107 5545 4480 8667 2450 2305 6926 6484 7892 8945  304 6997 1575 7059 1804 6295 3130  150  546 6289 1424 5869 2865 1308 3797 3008 2867 5269 7950 7145 2835 4705 1072 4701 3451 3893
 8592 2588  940 2340 8176 3051 7331 1621 4652 4793 4577 6758 5274 5926 6568  204 4399 1781 7040 1566 8960 7517 8491 6701 3964  329 8579  586 6271 7078 8006  415 2901 4677 4220 6286 5634 1370 6025 2851   96 7897 3311 7453 7407 5887 4845 7891 6427 1986 8517 5495  266 3293 5315 4164 3742 2348 8196 3948 2397 5237   95 1701 8560 3444 3670 7193 5169 2984 7350 8631 1783 3847  921  472  891 1779 6522 8501 6612 3630 7211 3339 3084 2683  305 5281 7204 6929  625 7020 1524 2237 2382
 7590   18 8401 7844 8193 2452 8248 5337 2842 6750 2925 5357 3725 3228 7325 3918 1667  319 4224 8651 7782 1806 5628 1885 1296 8024 3862 7657 1182  140 2670 2420 1887 2580  455 6470 3552 6675  143 4473 4387 4344 1088 2651 2797 4290 8231 7916 8581 7639 2431 2423 1439 7641 3310 7150 1380 3947 7391 8034 4140 6902 3493 4196 5096  476 6960 4406 3086 6712 4185 5397 2165 3746 3548 4694  377 8873 7386 4784 2693 8029 1268 1071 5150 2570 7022 6763 4580  382 4464 5606 5210 8837 7797
 1934 8699 5383 8218 2712  459 3019  411 8372 5114 6976 4640 6134 4187 6013 5187 8335 1377 8067 4971 7617  980 7734 2315    6 2038 3325 8636 7008 5311 8104 3856 4444 8316 4989 7789 6642 4232 2483 1811 4189 4789 4050  572 4138 7737 3939 5438 1508 3155 4493  711 4731  461 5748 8472 6296 5012  989 1256 2414 7759 3436 8211 1687  981 1577 1689 8100 6609   20 8721 5353 3265 6257 2671 6104 2520 1918 2881 2115 1560 6840 4098 5296  875 7761 5244 8825 8508 3953 4915 2182 7038 1824
 6114 2734 1169 1545  882 8374 6083 2748 5067   27 3958 1913 1329 1776 8990  311 8227 4341 6244 5834 1671 3439  795 1523 8341 5384 4117 5717 8160 3304 1996 2427 1053 4120 8664 8326 3490  235  391 5783 5942 5313 5931 8970 2375 8917 1027 5870 8361 2341 7569 5326 3271 2485 7560 6596 8877 1548 6514 4946 4001 6951 6494 8097 1619 7361 3152 2084 6393 2422 1492 4396 7285  280  208 4330 4425 6572 4798 7172 7717 3659 8298 4894 2637 7017 2401 4847 3061 7894 2798 3676 8890 4303  770
 5762 1454 6110 2301 8265 3604 1220 3457  976 7072 8091 8148 6823 7963 6274 3103 1529 8346 5960 4515 6355 8146 7201 1620 4905  381 4223  513 2876 7459 4662 3701 1068 5683 8302 6524 1026 3207 2640 7074 1090 6841 4244 3707 3544 7402 4967 5157  754 6103  727  622 4571 7262 6084 5393  807 8727 8669 7271 6804  966 8283 2436 2578 6386 7239 5632  442 3655  862  139 8213  111 5503 1522 2592  898 3561 1715 2692 5482 5800 7246 1695 7961 6129 8962 6047 1015 1784 5708 4380 4698 7118
 5665 4519 7965 6535 3432 7890  426 7110 2074 7366 3429 5203 3136 8253 3046 8918 3269 7338 6621 7134   15 6468 8050 3318 3633 1525 2848 3267 8994  464 7931 4400 7793  182 1656 5280  778 8805 6949 7123 3619  525 1682 3586 7398 5735 5715 2883  325 3007  965  450  441 8590 4456 3334 2624 4901 6907 6950 6615 7356  250 5511 7352 3600  400 5145  853 2041  742 2525 6586 2144 7529  352 2763 7690 2747 7281 8138 4110 3470 8404 8086 6474 7410  315 1834 2541 7872 4862 1598 8589 2649
 7968 1869 1980 2807 8275 5567 6361  855   51 3961 2142  396 2286  705 2827 5518  987  704  406 6205 1995 3120 2510 7779 1855 8161 5740 5325 4343 7427 6614 6542 3373 8514 3776 1849 7321 5030 7768 5956 8888 6239 5866 1275 8344 7701 4508 6955 8054 6634 4841  959 4824 1625 1448 4997 7312 4016  654 2528 6235 6561 1052 2709 5014  871 7202 2011 5811 5773 1049 8297 5107  414 1910 3357 8311 6575 8829 1080 1254 6466 3437 9019  881 6291 2196 3500 8519 8125 8456 4833 1298 3990 7766
 2003 7934 2327  677 4411 2995 8197 1094 7514 3801   94 8446 3062 4263 1233 4035    2 8369  532 8854 3843 6541  766 1078 5348 5247 6091 4976 3302 5238 8964 6783 4169 1437 8849 8892 2295 1433 5846 1569 4312 4158 8111 8659 2515  582 7996 6309 1196 7992 3102 6262 2648 8256 2979 5346 6965 1033  983 1851 2180 5565 7724 6759 1357 4542 5070 8584 1756 5129 1936 8282 6273 1755 7552 2125 6689 7687 1973 2906 1055 5878  258 5160 8973 5102 7824 7683 2487 4216  102 6261 5341 8055  731
 3664 5615 3133 7828 8680 7083 3930 7843 3411 4959 6406  760 8115 7691 3356 7599 7143 5374 1562  313 8243 2992 4923 7219 6069 6506 6265 1058 8714 7473 3812  610 5879 4296 4951 8894 6278 2039 9023 2252 2551 3996 5709 1123 8153  675 5561 4966 6132 4756 1901 1292 2016 5005 3332 4039  812 6223 1265 4563 8178  957 2051 1653 7688 7548  114 6293 2777 6430 6717 4644 2170 4159 3876  439 2457 5710 3458 5052 6137 3430 2091 1945 7077 4880  930 4005 7178 6211 3381 2764 4655 3294 2355
 1029 2494 1314 6365 4096 3001 4884 3247 7383 5737 7776 4975 1828 5115 8277 4965 3767 1777 5933 5480 4306 4908 5292  764 7586 5056 4745 8473 8189 6384 3128 5221 4104 7714 6687 7485 8679 2175 5953 5193 7538 5047 1520 4255  146 3222 2243 3486 3065 4227 3181 5453 2046 4590  838 1611  160 4198 8754 3774 1559 7889 1903 6597 2993 4145 1045  474 5745 2288 4431 6508 4999 5044 6648 6904 4190 8655 6734 5614 7783 7470 3171  993 1793 6503 5017 1054 3833 4638 5976 8224 3632 2476  968
 3551 8166 1698 6798 6332 4183 2641 3312 2018 4922 4614 7171 3454 3807 1035 5830 6021 5825 1319 3080 4049 2172 8414 4207 8194 8767 4926 1963 7935  161 7503 4446   41 5838 3955  332  498 6064 8778 6031 1850 2207 5132  661 8913 8242 2173 1447 4389 1306 2927 4855 1024 8106 7816 4506 2677 8094 4529 6721 7125  619 6680 3125 4929 3890 8788 5851 6702 7580 1004 3787 1286 4331 6179 3087 2277 5827 6979 7242 8484  346 1572  638 6043 2456 2025 8340 4551  920 8343 7671 6284 4118 2030
 7704 7540 7090 7544 4805 1599 2554 2335 3097 7249 5351 8079 7539 8797 7348 8210 6657 3665 2805 3865 4417 3766 7638 7498 3789 7519 6628  467 6176 7455 6985 4026 2491 1413 6052 2855 4210  128 4048 1086 3236 8003 2022 4358 4893 1675 5401 5751 2287  422  309 3286 2710 1691 4659 7233 5620 5921 7460 2350 3905 1519  955 1372 5981 8736 3069 4317  851 3498 6254 6906 5164 7536 4702 8924 3584 1935 8657 3158 6789 1493 6288 3482 7441 8216 1588 5904 2474 5663 3456  500  249 1565  837
 4424 6203 6607 1099 5074 8958 1685 2884 7060 1459 4357  906 1795 6780 4194 3438 6898 1889 1530 3488 3868 8987 8747 3695 8353 7857 2536 3547 4234 2201 3240 8133 7870 1589 8576 1678  581  295 8549 3047   75 6435 7591  668 7374 4057 1916 3167 6313 8516 4554 2479 3875 5334 8822  419 6173 2082 4809 5076  369 4310 1722 5385 5139  573 4503 7867 4545 1207 3853 1925 3505 6983 8164 7650 4119 4366 3691 7237 8008 1932 4878 6100 4838 1353 6161 6722 6925  843 4291 6135 2591 7820 4979
  361 3560 5559 5036 4243 6980 9024 1908 2882   90 6321 6375 1666 4610 8478 7158 4804 5573 1639 1684 6814 6739 3165 1613 6457 2279 5234 8757 1714 2954 2204 4770 7284 5276 7160 7858 8507 8554 2789 3940 6138 3954 1388 8000 8874 8209 3099  840 6299 1093 4952 7293 4000 1852 4795 4906 1453 8773  318 2968 5043 2364 2739 7445 3096 4073 5993 8021 5474 1270  224 6788 7956 5729 5982 2900 5263 4964 1694  834   13 3151 6562  326 3057 4963 5638  480 5071 4866 8621 1845 2768 7329 4970
 7452 5539 3709 7311 2318 6555 4617 2791 8848 5469 1748 8338 8337 8559 4875 3740  443 3891 3970 2261 3901 4045 3817  256 4245 2088  934 1303 1047 4669 1042 5888 5103 8348 7541 1432 6971 8208 3268  365 2885 8505 4552 6966 4264 2949 1929 6571 6610 1768 5686 3838  796 3259 2061 5915 6002 8802 8770 1578 1456 6443 8249 6764 1295 2679 5817 6181 8983 1817 1800 1102 2045 5842 8095 7439 2684 4181 6784  657 4776 8524 4816 6324 6516 6990 5427 1513 2878 4630 4581 1032 3110   72 8285
 4947 5004 1018 2406 2114 7543 6554 1230 4735 7245 2197 2658  471 7865  616 1065 3735 2547 7099 7882  423  108  521 3998 2329 2714 1031 4883 6096 3012  776 8096 7725 8771 1960 5307 7773  803 5997 5693  994 7091 2477 7792 1799 8457 3052 4907 4526 4903 5407 6410 7170 8002 7208 5761 8270 8587 6988   64 7409 7675 4962  839 8705 6330 5400 3017 6588 4609 7628 8383 4253 2902 8738 1610 7837 2680 7689  656  909   46 3337 8251 2117 2300 5837 5961 4690 2857 1765 2721 4998 2059 6165
 2191 7995 3502 4761 1780 3433 5086  775 1997 1590 2531 6549  729 5363 7173 2415 3121 6018  330 1985 1039 3803 8219 6424 5320 4882 1006 4726 7355 7024 2500 8693  398 6636 5331 3575  571 1988 2769 3648 5767 2167  709 7723 6415 3713 2616 6302 7186 3747 3962 5024 1974 6441 6359 5946 1676 7567 1669 1009  772 5298 8502 2253 7161   38 1778 8381 1211 6698 5813 5080 7513 8205 7777 5439 5626 8303 5209 7866 7648  444  136 8245 5843 8726  100 8439 6618 1216 6400 4127 5868 8941 3858
 8997 4182 8629 7420 6903 7180 2449 7043 4222 8351 3419  816 6632 6523 3282 4561 5540 4044 2294  328 6895 3071 2504 1101 5233 2951 1680  535 3915 7904  887 2064 4273 1504 8349 1552 5507 3224 8546 3059 7570 3850 8816 5133 5666 1022 3162 4281 1961 5766 8748 7130 4468 3612  544  867 1718 3048 1952 3620 1640 2062 7299 4852 5934 8370 8862  317 7838 8926 5641 6434   69 7721 2338 7138 3734 3049 2484 2783 8150 5338 1393 7142 4567 2065 6709 5345 2374 3303  880 3388 5744 7749 6594
  562 7764 8619 8230  261 4392 8831 8139 5088 1161 6350 3674 8490 6755 2711 3534 1133 2202 3846 2055 6806 6080 7526 6419 8646 3827 5154 2974 6935 6065  663 1734 4860 7971  565 1366 5152 4133 7618 1948 3952 8168 7490 2895  367 8760 1097 7896 4565 7802 3248  529  666 7418 8768 4064 7217   79 6576 3880 5954 4783  230 3550 1428 5789 2852 8820 5978 1702 5424 8009 3095 7322 3781 8708  147 2825 1839 2822 4346 6777 2310 4572 1135 4779 3795 4103 1919  609 7834 1594 8223 3878 2127
 6405 8214 4709 2744 2493 4747 1683 5007 6920 1866 6695 2982 5368 5939 8717  473  630 8411 1352  683 6343 8060 5589 8930 3730  883 8136 4831 4023 5936 3386 8977 2834 6828 5199  460 1096 5411 5249 7605 6913 5659 2188 3974 5792  293 2339 3307 4854 8569 7354 5121 6170 4539 2037  126 6767 3683 6151 3263 6276 1195 7585 7188 2042 2198 8382 1942 8492  495 4535 2820 4842 6865 4490 6458 6230 1046 7133 3122 6679 2268 4920 2421 2416  785 6305 4160 5718 3324 8595 7477 1041  307  340
 1770 7973 1221 2463 6089 6322 8883 1884  842  598 6892 4981 6790 5629 4682 8191 1991 1412 7484 3405 5994  323 4844 8065 8466 6014 6924 6932 4876 6785 6242 4988 1697 2407 5910 2251 3333 7357 5265 4700  519 4603 8561 4835 5884 5190 2620 3631 3277 8455 6930 6643 3528 8989  773 1527 7136 7811 4454  458 5214 1497 4850 2617 5078 4516 6189 4141 2899 4414 3772 6529 2753 3823 3391 3779 8476 1140 3213 1509 1390 4781 8687 4128 2581 2502 3465 2821 2953 8154  196 6536 4085  112 7845
 4161 5360 6124 7119 3745 5041 4790 7121 4635 4251 8740 2135 4524 5778 4287  110 5109 5213 3157 7236 5310 7339 1864 3501 4695 6133 1327 6707 4902 1899 2070  593 2672 1132 4557 5246 8931 7479 4510 8246 3841 3068  104 6910 4327 3793 8322 2678  316 2522 8113 1623 3667 4764  363 2259 8493 2727 6312 5167 8835 6564 2632 6799 7664 6454 5727 7911 3864 8314 6629 6184 5018 5039 1841  202 5098 2311 3150 2129 4513 7365 8578  403  306 1340 2579 4449 1371 1766 5588 4715 7469 7640 1170
 7488  716  916 1870 6539 8273  943  244 3582 5412 5501 5220 7755 7878 2824 6140 3877 4560 1188 6578 7958 8429 2345 9014 4324 8722 6686 5658  289 5987 2384 1875  723  337  433 4769  351 2242 8933 8756 4336  806 5938  454 7743  298 8027 5398 5128 3225 7126 1000 2109 7888  787 6530 8628 7214 4530 4864 3943 5655 5623 1789 3390 4977 6860  253 5613 2171 4006 6867 3464 6148 5423   34 6391 3621 3409 1343 1359 7100 8045 4724 4311 6320 2215 4365 7483 8597 2012 4353 8947 1013 7163
 7335 3349 7936 2564 4796 4418 3114 2085 4267 6240 3813  670 6749  698 3854 4544 8022 5526 4639 8672 1206  101 2040 3014 7623 1865 6007 3637 2004 3642 8175 1595 8442 7771 2426 4175 1034 5852 6323 1378 4219 8407 4785 8557 3045 5901 3710 2024 7772 2557 2981 3021 8504 8390 2934  106 1331 7213 4075 4422 8640 8058  170 3825 4722 8084  902 3205 6548  245 2230 6656 4558 4547 5885 6464 1739 1537 8460 5969 2057 4058 3900 3499 6964 8222 2490 5720 8289 5421  183 5189 3025 6786 4933
   55  667  303 4013 2017 7279 1616 3494 4046 4031 8914 5682 6641   28 1368 7144 5178 8521 7175 8496 2260 8956 1043 7027  294 6876 7940 5038 4260  844 7045 1867 5364 2031 3352 3711 7744 5008 7345 6094 2604 2947 8307  564 6333 4718 5764 3196 3434 3892 2642 8963 3376  155 2969 7062   49  653 8545 7063 4525 3489 5060  221 6830  911 8465 5508 7634 4074 6066 7670 5183 2357 5840 1117  577 3839 2306 8665 6519 2429 6431 1724 8339 8772 8812 3192 2056 6085 4647 2453 3362 7861 1713
  523 1771 8128 4987 4371 5049 3092 1267 6881  904 8944 6490 1384 4606 8663 2873 8923 5600  693 8386 7061 1792 8408 7114 8509  876 1191 4863 3078 8910 6011 5895 2447 2736 7712 4801 5796 4653 6933 2583 3815 5774  924   39 3117 7604 1604 1415 8499 4124 2066 8893 3260 1109 5719 1641 2962 1165 8869 1247 4814 2950  394 3984 5597  649 6684 6411 4476 7572 6008 6327 3574 4871 1601 3732 7004 5639 5493 1278 2831 8852  516 7976 8114 1318 6670 6141 5781 1968 8823 2332 5640 2368 1597
 2273 8591 5677 8731 4170 3748 2746 6510 2605 5875 7862  463 6944 1591  386 3231 5964 2618 1744 4823 6664 7385 7528 3507 1208 6815 1463 1147 5986 4271  504 6644 8195 7442 3039 7825 5734 8692 8713 7380 2561 1939  708 2029  530 3937 3821 2499 2914 3806 7703 5647 5151 6627 3404 2241 4241 2582 4334  203 7001 8728 5616 6167 3608 8718 3463 4703 1070  997 8746 7920 2928 3154 2559 2254 1921 3289 5857 6744 2660 6248 8900 1149 1079 8841 4063 5835 4363 3516  790 3704 8421 7554 2598
 1375 4172 2694 4122 2193 4394  950 1501 3210 1328 2856 4549 8536 1854 4853 8046 5679 4240 5801 4656 6190 2572 1410 7135 3743  105  674 4877 8776 7596 3038 3872 1564 2053 5475 2594 5391 2023 2868 6398 8142 4068 2595 4025 1469 2940 5245 5739 8845 4645 1051 7085 5513 8615 6560 1442  590 6732 8120 6035 2526 8183 4474 6507 3300 6238 4636 4488 3204 4398 5498 7154 3107 5571 8634 2574 1288 3020 8817 7363 3063 4401 1581 8537 7343 8985 4848 4710  274 7019 6613 3702 2687 4817 4356
 4427  960 6796  552 3408 2013 7458 8662 4968 7832 1786 6317 4495 8061 6941 1345 2434 3763 8236 1312 5935 1917 3345 7709 7370 5707 4355 4663 6635 4434 2086 3681 6463 7408 6053 7238 2524 6691 3932  958 5662 2812 5302 3166 1259 3590 7182  783 3053 6136 7518 7300 6611 6952 2726 8607 3699 6650 1818 3067 5019 1951 5123 3761  932 1928 8013 2141 1933 5117 2372 1754 6300   58 7088 5450 2337 8400 4622 2599 5256 1836 4174 3675 3581 7277 1808 7297 4925 2935  701  900 8264 6824 7621
 3692 2942 8112 9000 2362  283  358 5584  370 5570 3538 1949 5414 8378 3786 7607  680 5574 3459 8036 6668 7423 6354 2966  402 6546 6142 8527 1982 4469 4450 4302 4221 7424 7014 3840 4471  339 3027 6882 8682 3446 4381 1896 2312 3194 3565 5519 5156 4886 1868  761 2999 7625 3219  201 3006 5239  373  639 4111 1514 8030 7102 4276 5952 6858 5223 7741 8377 5202 3455 8430 2690 5283  559 7327 6771 7426 6143 2140 1116  232 3402 7220 8225 3308 1398 8525 4751  964 1709 5371 6843 7951
 5456 7631  948 1427 8686 3400 5557 3193 6778 5743 3750  794 7662 8190 8077 3517 7250 3184 8570 1584 7056 8821 1044 4208 3072 7608 4146 4684 6088 7686 6996  945 5531 4691 2238 5396 8936 8124 8129 1957 3689 8666 3113 4643 5242 7399 3447 6866 1002 7268 6356 8606 2266 7842  134 1430 7454 7587 5013 3278 2258 2410 7661 5923 1269  753  360 6383 3980 1633 2606  774 2231 4015 3186 2162 7261 8826 1791  226 7482  129 8071 2275  148 5231 1924 1809 2153  297 6753 4391 1326 2650 8334
 6982 1763 8228 5919 6626 5553 1067 6220  951 1237 6787 2676 2779 3016 6316 2501 8588 8934 8392  541 1017 5651 8165 1883 6931 6015 4112 2177 5321 8007 7663 8147 6108 7156  706 1092 8905 5980 4405 4203 3076 1737   61  919 1082 5645 7722 4649 8850 5282 6893 5198 4259 8755 5517 6890 8696 2832 6885 5386 2930 1350  524  847 5179 2019 4628 3168 1183 7489 5687 1487  120 5097 6381 4641 6233 8132 4618 2143 4820 6076 3697  942 7986 6006  271  187 6916 4432 2804  576 5009  944 5159
 4069 5860 6923 2839 8506 3287 5985 8938 3722 6166 2645 3448 1014 6868   56 1726 8043 6896 6599  109   48 5410 7692 8901 5483 2014 4546 2514 3834 5872 2405 1677  822 4936  695 3981 3034 5205 8443 7651 6389  827 3450 7516 6462 2703 6326 3913  915 1386 1835 5184  453 7466 6026 4693   92 8488  869 7462 7799 2689 6811 4213  848 8330 7068  978 2814 6071 6705 2376 1417 8981 4321 6703 8730 1084 6826 8528 6195 5562 6370 8601 7039 2920 5291 3790 1425 3881 7304  682 2644  478 1944
 6000 4472 8177 7421 6807 4297 6579 3615 8053 8475 2843  970 4910  312 5002 4532 5760 3513 4775  509 4995 1759 3693 4479 5822 1271 8689 4782 5770 4550 6249  374 2931 2972 1902 4292  567  825 7983  209 5704 4932 2755 6171 1325 2359 6403  910 5434   37 7652 7107 6704 5805 2370 4729 6708 1213  998 4879 8276 2403 8040 7594 2619 8979 6394 4646 8318 1238   88  144 5903 4348 7975 3917 5034   25 2099 6106 5741 8928 1886 1030 5765 8648 8907 8072 6216  324 6570 5696  127 4195 7153
 6605 1853  963 8523 5871 2072 3371 6591 8198 4233 1705  669  225 6956 8063 3788 2527 6825 7320 5367 4447 5556    4 3616 5657 2697 3818 4753 3972 5006 8202 6850  452 5477 7938 1922 5970 6714 7294 3298  390 8652 8908 8541 6448 3244   42 5314 2145 2346 5251 3331 3888 7362 5284 8459 8899 3754 1245 6178 1877 3261 2730 4071 2506 4978 8005 6231 1112 7212  967 3159 6776  614 5631 6275 1185 1223 7444 1652 4766 1219 3903  713 2353 7850 2615 5408 1664 6177 4973 8028   23 8261 8824
 6283 8684  592 2276 8266 4136 4813 3669 7203  445 5158 5322 6581  688 7131 8764 3837  151 3396  830  621 5441 3363  288 3276 3272 3445 6511 2256 7697 6241 5814 6488   93 1168 3927 1890 1423 6376 7521 8280 4494 8575 7493 8422 2653  885 1158 2918 1571  118 4931 1008 7209 5714 8645 1087 6526  892 8500  356 7101 2078 4304 1914  634 2959 7376 5195 7959 4269 8774 8810 4121 6795 1635 6074 6984 6010 5440  357 6210 7326 7695 1242 6150  757 8017 6584  282 5804  636 8258 6070 8144
  430 2097 2766 2673 2806 6475 3112 8548 3441  833 1531 6311 4507  206 6444 8424 2590 3483 4239 7051 2032 7181 6446 3083 6164 7672 8574 3238 8811  508 5627 2199 3221 2444 2826 5235 8295 2052 2123 8431  647 3064 8844 1057 3802 2220 2610 3382 6513 5029 6699 2602 4113 6268 5289 8792 6967 8078 8220 4654 5779 1696 6192 7052 1681 2924 8082 4373 2760 6797 8417 8279  696 2293  991 1321 3473 5340  626 3079 1124 2309 8409 2631 3677  156 7680 8513 5998 6638 2761 4367 6974 7415 5253
 5175 7948 3466 5858 2432 5112 2544 6486 1145 5122 6459 4865 5886 5992 6213 6086 4938 1465 5180 2131 3216 2203 8920 5422 4323  125 3418 3131 1962 1281 5001 7342  234 3924 3870 4142  488 4235 4078 6387 5344 7864 8263 4692 4345 2613 7199 6672  823 4102 6105 5162 5898  971 8234 3832 6809 5907 8752 7340 4192 6834 5810 1025  922 5295 4436 6130  736  345  265 7613 3599 2611 2565 6590 3111 6692 3714 1716 2369 4892 6229 2154 4077 6880 4498 3026 4587 7752 7906 8639 3636 6901 1856
  758 5288 1037 7247 6995 1931 6328 5285 8187 8483   68 7588 5359 3530 3431 7071  296  601 5211 4616 6822 4280 5358 4162 8042 7756 1956 3680 5548 5502 1904 3243 3639   87 2209 8535 1294 4942 3005 4231 8157  124  344 4730 5759 6259 8174  694 5201 3784 8026 8167 4522 6095 6329 6112 8328 5523 4773 2303 4457 6663 8855 8654 6769 2701   50  219 3926 6451 4836 1243 2936  579  671 8329 5335 7159 4799 5224 5855 1745 3553 6270 7389 7512 3208  418 4604  652 1668 4948 3671 5695 2782
 7476 2461 8743 4228  489 1686 5336 8188 8173 3543 6818  470 7994 4996 4832 5207 5504 8039 5459 2887 3239 2713 4445 5468  689 1104 8010 2139 7328  864 6442 3023  131 5020 3233  528 1060 7932  449 1400 4351 6158 1449 5426 5654 6372 8436  405 5232 1215 7191 6601 7803 2646 5032 5226 3214 4672 4266 2781 8866 8291 8360 8860 1608 8088 2075 4993   73 7377  631 7037 3866 4376 7166 3185 7930 4091 1576  121 6991 7527 5899 1098 5168 3029 5672 1440 1300 3557 2893 1137 6202 7924 8452
 2596  200 6837 1354 7295 4377 8556 1313 4582 4489 8123 8846 4211 3378 4470 5733 2103 3301 6214 4106 5551 1444 3555 3617   76 7087 5828  702 5530 6770 7877 8583 2002 2200 6121 2163 4191 7885 6315 8984 8012 6975 1820 7251 8598 5506 6801 3606 4562 8345 5555 5849 5254 3768 2213  218  849 8137 2106 4072 1843 4028 5525  789 2222 5447 1521 5924 1708 3686 1728 6731 2187 6800 1471 1479  195 5538  672 5867 7433 1829 5680 2904 1193 6473 5550 5594 6820 6314 2419 8978 6402 5962 1761
 7947 2975 6810 1458 8359   14 1663 5467 5027 1782  886 8087 3760 6382 5979 3960 7508 3526 2223 3601 3319 3212 8602 5135 4969 1894 3775 8127 7674 1076 5229 5297 5642 5147 2168 4741 8635 7943 4375 1272 8543  466  873 8830 8882 3811 2334 6388 3662 1218 6455 5763 1489 1622 3367 6036 8247 4475 5788 7137 1802 6622 5505 3478 3141 8605 2662 1893 7155 3911 6886 1964 2803 5042  782 1056 7416 8617 6418 5035 1971 3894 7739 6281 6502 3011  852 6428 7428  260 2913  272  633 7571 1155
 8643 7730 1148 5267 1020 8904 2809 8083 1144 5724 2948  798 4499  215 2589   83 3855 4199 8610 6160  366 6833 4911  726 4293 3569 4803 9007 6485 2773 5318 4070 4179 4238 6016 1323 5186 8864  264 2607 6856 7197 2508 3625 8109 8955 5668 1477 1274 6282  917 3566 6970 8644 2908 5524 8647 6669  560 7848 7584 1276 4088 1189 7859 3003 3297 8172 4528 1873 6159 5989 5730 2174  818 4537 8080 2386 4066 4277 5590 5262 3532 5681 2161 3359 8186 4435 5301 7413 1362  589 4339 6999 2978
 8691 4720 8711 5691 1212 7901 8233 1159 3415 5185 3982 5108  211 2186 8182  399 7228 5230  268 6263 6793 5602 4787 2160 1605 5861 5795 6357 3602 2297 3922 8413 3830 7379 6422 1119 8004 6706 8550 4717 5333 5603 1661 6528 5716  623 8032 3624  743 3959 5312 2321 1825 7808 3654 1382 2521  717 2110  531 1692 1204 8418 8818 8398 7655 3385 3474  550 4699 8712 5818 5046 3041 5699 4093 4265 2743 7942  259 3336 8257 3134 6045 2257 4594 7939 2626 2509  720 7400 8238 1651 5191 1028
 7969 5248 2830 6285 4011 5894 1138 6716 7157 5578 1749 3414 6201   60  744 3729 4115 1733 6544 7557 7194  395 3132 8769 5608 4416 1579 1989 2124 4354  262 8608 8201 6968 3234 6754 5425  515 5250  322 8661 4650 2860 1252 7685 2850 8081 4360 4397 8453 5862  821 4592 6237 6725 2331 2313  158 4534 1172 5808 7412  925 6366 2380 4184 5304 1443 3232 5916 7718  979 7274 8415 7259 4492  914 3395 3366 6280 8018 3479 5635 3737 4252 7467 6489  276 7987 4274 3904 4008 5909 7006 1467
 1703 2289 1617 3741 6859 3652 1129 8761 4937 6694 6545 2654 1831 5937 6875  995  378 7603 4800 5138 7480 3889 1672 4307 2667 8949 2915 4615 5819    9 3164 4455 4667 4020 8308 7814  103 1258 1019  824 1361 7716 4697 1422 5022 8103 2283 4409 4270 3718 2358 3449 8171 5380 6727 8902 4767 5089 6862 4750 7435 6399 7696 2265 7224 6842  635 4322 6196 8912 1151 1309 3484 7981 6287 5660 4125 7187 2083 6751 7364  648 7727 1725 7055 8292 8184 5637  188 2926 7606   47 4658  385  801
 4954  172  604 9015 4043 8627  835 5633 5865 2571 4568 7318 3338 3792 3403 7265 4807 9001 1016 2063 7753  620 2130 6364 6816 3576 2718 2862 8512 2486 3607 6348 3751 4945 7139 8750 7545 6439  771 5746 5481 7120 8716 7678 1650 8286 7895 3651 7784  483 1979 2699 6155 5583 7456 4613  608 1166 2553 7044 5598 4250 1615 3973 8366 5293 5536 1990 2795 2808 1407 3859  416 4042 2317 3653  123 3296 4678 7260 5197 7632 8215  333  899 1474 3571 8226 4632 5275 6552 2976 7818 2575 3717
  273 7124 3355 8701 3089 6720 2365 6768 3736 5793 2849  779 8649 3387 7425 2879 5771 3525 4249 1966 5844 3598 1983 1600 3145 4593 6864 8980 4772 5420 7371  277 8438 3496 2229 2178 7879 7949 2291 8715  974  687 4278 8697 8073 3442 2552 3663  281 3149 7745 5823 7486  503 8101  912 8863 3967 5831  387 5689 5028 5462 4719  845 3587 1785 1125 8159 7287 5370 7767 1279 5794 2863 6197 2107 7729  436  996 1285 7122 5752 3661 2705 2916 6922 8371 3716 8035 5966 6839 3976 2183 2623
 8695  269 1324 5621 1816 5356 5509 1711 3093 6039 8480 4030 6363 2989 1998 6449 4827 6227 6942 3091  786 3700 6075   62 3417 7076 7921 7653 2636 2212  949 2079 6022 3425 3182 6671  768 2181 8832 1840 2481 7273 4478 7031 8486 4991 2801 2100 4500  933  410 1227 2577 3000 2399 3510  216 1421 7854 4333 6032 7148 2411 6518 3946 1283 8982 7278 3756 8406 8786 5136 2225 5361    7 4657 5484 7561 3929 8267 1154 8126 8122  765 4819 1984 7395 2664 3330 7112 5445 6848 8497 6037 8927
 3422 4410 3314 5451 8347 7731 4746  424 2799 3323 7532 1747 7801 7010 4261 8020 3364 8391 6226 3348 1510 1735 2898 3912 2600 4099 2080   63 6766 5444  485 5877 7167   80 2008 5948 6345 3863 1257 6803  841 3309 8121 7472  192 1003 4944 7713 7577 4258  627 4123 3902 4415 6917 6761 8463 2352 1290 6817 6740 6180 6598 2866  700  799 7301 4676 3420   40 8780 7806 6131 6782 6927 1556 2767 5957 3529 7254  650 7025 3119 4957 7205 3397 5750 4792 4134 6416 7794  228 6658 3365 2732
 6533 8170 4483 6808 7898  257  563   53 1167  697  372 6318 8594  213 2973 8118 3644 7611 6838 8498 5543 4433 1511 1736 6829 4383  302 3518 4083 3963 5031 4215 3082 6863 3907 4037 5101 4413 3759 2537 1882 7225  435 7953 6206 8199 4725 2367 6654 1334 2686 8204 8763 4168 5212 7336 6378 3266 7450 6472 5308 8471 2176  227  497 7218 1981 7222 8056 1381  860 2036 5472 4834 4826 8074 1069   81 6495 6969 1547 2441  343 6297 8530 5415 4212 3468 1115 6024 4913 7115 2302 8271 7520
 4904 7774 3211 4732 2328 3124 7487 6696 1606 2723 8898 6234 1690 2492 8887 2695 1938 3156 3035 8181 2513 8870 3613 8274 4607 1110 1812 6655 1628 2136 3920 8324 7542 4953  380  928 2050 5490 5465 5111 7280 1810 7089 2473 5271 5775 1122 6342 6157 5278 8180  181 3377 1229 3758 2566 6272 2101 8485 2810 5678 4313 5533 3075 8052 5225  493 5697 2635 6633 6688 6994 5243 1787 5025 5728 2271 3401 6574 1892 4943 2190 8237 8966 5514 2793 1526 1311 8609 7030 7500  162 2122 1199 8968
 2344 2772 5174  425 7414 4390 4868 8296 5192 6310 4810 6757 8051 4523  254 5575 8145 1993 7501  279 2428 6646 4430 5820 3123 7282 7223 8306 5194  267 7256  132  820 6819 1399 1636 6934 5021   84 7593  870 4739 7381 7276 5181 1346 5685 1203 5369 8156 6537 7635 1426 3255 2770 1674  194 4583 2946 7990 5753 2757 2028 1533 7600 2249 4442 5549  246 5100 4116 3202 5671 5428 8362  502 5378 1391 7913 4711 8961 3941 1194 8461 7192 1150 4368 8312 8396 6939 6292 1446 6307  637 1506
 5153 2647 8384  986 5000 3593 1222 6308 4849 8616 1879 5090 1847 6301 7353 7566 8620 5479 8782 5454 7647   10 3558 3985 1655 5406 5073 5125 1163 8999 8445 1536 8801 6729 1596 7317 2179 2511 7781 3495 1198 2217 2102 3252 5803 1249 7706 4080 8813 7643  651 6872 7873 5342 6251   77 1532 1634 6186 8239 3335 5609  179 1871 8389 5881 3416 1130 5376 3673 8656  517 2540 8698 4818 6538 4246  533 1712 7404 4733 1719  792 5131 1930 1788 6407 5723 4059 2189 3975 5694 7694 2562 2958
 1236 4131  617  613 5069 8553 8149 5176 5081 5848 2911 8203 7046 8394 5085 4670 2000 8749 6517 1073 1262 5105 3829 6948 7673 5521 3180 2952 3229 3623 8395 3921 8809 3585 1992 7907 4109 2211 2418 1558 6392 7796  465 4935 3317  287 4501 7248   97 7852 1100 7432 3393 2787 8515 2336 5701 7535 3421 1251 8380 1289 4319 5218 2067 4300 4040 5675 3346 8975 4374 1762 6081 4061 4771  236 2298 8410 8241 3370 3696 6349 3728 5163 3738 2396 2960 3731 5394 5306 5204 8057 3015 2417 2659
  166  437  866  554 5914 1498 6139 5317 3896  420 2148 5758 7533  207 8287  285 7999 8450 7902 4674 1246  982 7809  191 2751 6245 6264 5500 7266 5437 3999 2759 5656  286 7309 3477 4108 6408 6479 3109 6336 2113 4777 5377 1470 2466 3687 4299 2458 5134 7113 8836 7989 1815 2875 7868 7041  404  251   29 8458 4780 1838 4095 5826 1553 6041 1906 4611 7681 8470 2538 1414 6693 8745 1261 5945  725 4660 8868 6380 5381 6146 8951 6152 5277 2255 4056 8939 3898 8402 2569 6498 4736 4918
 5177 7305  733 3991 2735 2496 4437 2675 7927 3344 9021 4453  817  239 6243 6532 7111 3739 2104 4283 7993 7499 2076 8741 1586 1874 5891 1431 2965 8301 3492 6033 4584 2159 2385 1495 1293 7058 3358 1947 2219  353 7073 6681  401 7702 4237 8433 5137 7388 5664 2267 7016 6700 2903  762 7595  868 3595 4867 3190 4992 3199 8785 5706 7568 2780 5542 3040  628 5644 4919 4576 7430 6092 8916  507 7033  918 1937 4055 3223 8558 6396 2402 8806 7746 1603 4301 6600  732 5617 5636 6640 3634
 2324 8967 8709 5388 8294 2937  946 8946 5442 8522 4378 6019   57 6821 7826  190 5653 4268 6334 5990 8419 2815 4126 3949 2356 2889 6900 3160 5379 1627 7481 7556 8803  939 8254 4917 3541 3712 7546 6651 5560 4665 7257 2210 6228 6046 2652 1287  527 3609 8440 3256 2778 6846 2281 4575 2964 3176  456 2185 2442 8393 6993  368  376 7909 6040 2638 3320 1858  107 6413 8668 4350 1473 7003 3060 3556 1631 7378 2733 4295    5 8972  338 2573  863  492 8642 5913 7626 5564 2945 6127 1642
  168 8255 2146 7502 6918 5399 3783 3916 6884 2316 8940 4586 6978 7438 2480 5352  481 7011 2738 3220 2897 8585 7980 8674  874 4342 4087 3279 1832 3274 2282 1729 5698  176 2001 2138  684 5300 1139  157 3545 2236 2373 6569 3406 8965 7645 4721 8542 3285 5648 5731 7422 6791 1757 7296 7475 3198  750 7597 4985  712 4163 2944 4579 5146 8799 1699 4870 5703  935 8723 1880 1585 4166 9010 6662 3237 8641 2234 5016 6521  335 7654 1387 6377 6456 1038 1738  686 6961 3887 6962 7982 6471
  475  518 8625 4084 5057 1593 6945 5684 5963 2437 4521 4624 4004 5488  536 5323 1950 3977 3641 4564 8031 3684 1573 1066 5048 8454  992 1911 5522 3706 6467 1528 7104 5116 4566 2497 3030 1205  780 8062 3098 4921 7823 1607 5405 8526 3226 8719 1654  879 7612 3024 5754 3524 5273 7831 3537 5749 2894 2132 5932 1491 1801 1863 6304 1987 8993 8235 3936 4236 1496 4114 7622 7616 4956 7392 5892 7967 1461 7926 8441 3426 2558 5402 4633 4248 3290 7957 1064 4443 8702 2792 1920 7733 7367
 3146 8833 1975 2090  566 8596  605 7760 6772 4543 8942 7619 5579 3503 3148  685 8373 5390 2147 7002  607 7822 3835 5876 3992 7347 8720 8881  542 4714 8681 1807 7581 5643 5516 7530 7979  888 7910 1255 4585 4328 7589 5494 4683 3580 2325 4685 1977 3978  897 2534  229 5075 8117 6082 2998 2550  893 3032 3275 2886 8861 7403 8435 1263 5586  936  349 4361 7316 3564 8777 4980  222 1494 4556 2661 4830 6175 8737 5841 6525 8795 1927  165 2838 4197 4491 1214  690 1385 4186 1420 8363
 6346 4459  561 1609 5769 3384 2516 6426 5920 4898 4404 7633 1395 2828 2218 3596 4740 4420 6602 7216 7644 7359 4742 2986 1277 9004 4202 3118 5873 7812 5604 4372 3273 2048 7555 2880 6009 1040 1397  929 2512 4388 6476 2921 1059 8331  167 2326 8779 6030 6957 5900 8658 2292  379  769 3563 1767 2395 7573 7478 7751 8807 1515 1383 4487 2495 5725 5585  499 7267   11 7162 3666 3603 5287 1970 4421 5816 4812 6567 7048 1302 8300 1012 8066 7656 8076 8623 1111 5738 4517 4504  975 6194
  985 7190 2933 8284 1587 3824 4514 6909 1190 4734 4226 3476 7258 4859  350 1488 2299 1455 6340 8309 1898 9012 4467 3443 8011 3321 5476 4316 4047 5413 7384 7840 6857  482 8600 5581 8943  854 4171 6649 7240 4737 2681 6250 2907 5329 1241  615 8482  371 6048 1063 5309  805 1535 7232 8563 7443 8155 6844 3462 1436 8321 5911 7531 1141 2724  594 7474 6587 5366  448 2007 4284 4608 7893 7255 1772 3628 1833 4201  831 7298 1706 5173 1310 3822 2639 1001 6617 7707 5856  142 8288 6044
 4520  327 3861 2742 5705  826 3313 7574  347 8162 7234 8449 5077  901 2116 3527  859 1746 6062 6647 6911 3591 8293 4752 2247  133 5124 3515 3206 3379 4939 3163 8889 6631 6379 6879 8988 2987 2532 4155 7417 8638 6894 4909 6480 6728 2549 7875  956 8108 5798 6453 3635 1210 3935 6087 2390 3341 3755 5802 1848 7332 6260 7883 6674 4934 6888 4791 8544  660 3257 8552 6433 1541 5258 1360 7457 7575  585 4007 2576 7565 4379  197 2094 5975 4955  545  596  756 1846 8880 3066 2601 1217
 7437 7465 7582 3230 6710 4802 5592   91 7988 5676 2775 1429 4032  231 8313 3798 7174 5063 2663 6369 2717 3647 3882 2507 8991 6697 1317 6253 4797 3688 2796 7029 6802 7464 8130 1131  718 4548  990 5219 6713  575 3979 8622  747 4092 3536  278 6553 6497 1862 7235 4036  655 5266 7198 8624 6482 4861 8336 2715 6191  658 3638  116 6145  722 6115 2756 3375 8192 2314 5466 1445 6832 7620 4620 1502 3009 8131 4540  679 7023 4256 6090 2568 1106 3650 2929 6162 3004 2970 7676 3594 7036
 3988 1555 1544 5051 3506 1307 6645 2451  828 6068 3869 7997 6401 1121 7169 1550   99 1637 7805 5650 2035 4637 2349 7449 6118 4900 5670 6981 7860 3383 4589   78 6255 6169  534 3983 4958 3043 2518 6331 8464 4152 3989 6465 3435 4851 8305 8044 5092 5362 3874  738 8886 4496 7164 8323 7275  174 4706 4728 4858 5140 1228 7810 8135 2264 5674 1460 8206 7944  737 6003 1662 4990 5062   12 4279 8789 1224 2137 8673 7050 4512 4885  538 2877  342 3412 5528 8487 8703 1567 4889  427 4627
 1518 7372 6093 1209 7070 2917 7705 1644 8049 3201  547 8185 3427 4664 8356 1753 7780   22   70 1239  588  185 5958 6774 1720 7821 6156 7905 4143 4505 2398 7009 4675 8229 5392 5713 7497 8633 2482 7436  214 1419 2133 1624 4257 2963 6501 8859 4749 6412 6577 4156 1244 1365 5142  186 3694 3174 3428 7510 1347  240 7053 7830 3597 7253 4774 3794  551 4688 6683 3033 5095 7946 6099 7636 8539 1434 5757 3292 6616  119 2657 6509 8781 7788  977 4242 7579 1181 4033 6551 5569 3139 2706
 3570 8432 7397 5355 7463 5605 5330 7833 8534 8653 3073 7034   32 4332 1250 7005 6813  777  233 1549 8872 6845 3931  643 2846   52 1561  479 7786 3342 5148 1773 2409  735 8333  749 3189 2360 7358 6678 8250 2098 7323 5669 3554 3993 7147 2446 3762 3540 2020  676 6573  392 6266 8630 4829 8604 3957 1484 8758 7446 6397 7049 8867  602   16 4369  751 2111 2586 7578 7658 6252 2872 7871 4591 6469 1351 4574 2817 7206 4578 2622 2460 1946 7666 8397  501 8350 2467 3116 5927  539 5403
  755 7303 6325 2519 3218 4206 5222 6496 4002 3810 4349 5354 1895 1819 4139 6182 3765 7117  243 6294 8952    3 3380 8152 8364 3291 1539 1344 6017 3928 8565 5241  184 4305 2235 1969 1764 4272 1379 5471 2155 4076 3771 3245 2530 4482 1967 7035 2459 7524   59 2366 2469 5897 4509 7393 6505  409 1404 6163 6989 9006 3191 2296 6595 6735 1542 4869 2910 8843 1516 6298 5491 1253 7698 2027 8915 3328 3808 3542 8954 1727 5984 6653 7511 6630 3785 3726 9018 6877 8808 2465 6625 8518 2816
 5850 4018 4822 5790 1164 1364 1813 6852 5782 4541 4144 1483 6437  284 2811 5324 2535 6199 8948 6711 6531 2840 8794 5893 2284 7506 2043 6583 4132 3250  429 5777 3161 2584 6117 5806 5972 2425  927 5120 1646  681 1976 2719 2556 6102  354 7492 4441 6661 1954 6222 6420 2961 6563 7288 4254 1752 8919 3820 5093 2073 1173 5188 8467 5711 2818 5040 2118 8260 5264 3519 7923 8678 1805 2128 7324 9009 7313 2977 5489  270 3329 4588 5622 5944 4679 8268 1955  241 5619 6773  814 4974 8462