 2525 6582 3402 1199 1587 9067 7771 4104 8663 3752 1852  606 6023 4049 6122 1575 8432 4120 3017 7991 1184   47 6211 3041 8531 6589 4540 4956 4054 9012 4239 3974 7619 1994   95 6308 1359 9121 3135 3471 6882 6342  540 3784 3333 6353  827 3564 1472 2773 1127 5738 5141 9157 2311 2914 7319 5211 5219 5320 5963 1375 3645 2486 8922 3317 5180 1142 7548 6084 3729 1809 2156 1226 8653 9140 1293 3983 4694 3578 1404 9181 2482 5757 8967 8677 5331 6805 6410  302 8505 4103 2976 8585 3554 6208
 8545 4999 2838 7647 9027 6674 3559 6812 5267  853 7675 7587 9179  957 3069 1973 2353 1577 7156   12 1249 7897 3875 1759 8755  585 1227 1161  970 8335 6446 5644 1561 5828 3551 4718 2808 2270 4365 3696 2804 1320 2110 5354  798 9062 4842 5302  885 3856 5817 3322 1607 3819 4881 7436 8751  363 8318 7719 8546 4896 8962 5062 8797 4951 1556  466 8564 6088 3217  470 9036 2924 2392 7113 8949 5459 2919 6755 8002 1997 6741 7440 5534 5122 2801 2064 4790 6109 2857 6558 1428 1314 2462 7250
 7227 1748 4114 6281  333 4116 8273 7635 5979 2895 5411 6131 8571 6780 7120 5345  463 2707  940 6869 6841 6347 6520 4572 5111 2957 3369 5737 2441 3423 2984 5631 4214 8862 3170 4152 4637 2211 5866 8714 4273 5264 1881  108 1970 8260 5020 2111 3154 3684 1362 5872 5537 6690 1526 7016 5887 6055 1178 2599 5126 7372 2277 6447 7042 8442 4605 2981 2185 8038 8982 7450 1586 7639 2086  769 3844  103 6914 3155 3895 8963 3622 3760 2133 5747 2922 9082 1935 6160 2716 1140 7266 4150 2832 2906
 5136  453 7177 1334 4628  914 7535 5848 2408 8449 1553  195 7089 6521 3727 4472 1928 5564 6469 1868 2850 7848 7868 3349 6855 6733 3415 7213 5368 2289 3675 3128 3104 7542  153 4947 8477 6675 7081 8699 4229 8626 5797 1244 5258 3730 1507 8341 4408 6912 5079 8667 5199 8250 6818 6264 8105 7038 1405 4298 1464 8961    1 2971 3412 3494  416 6345 3842 5628 6996 8270  184 7343 4819  479 1629 3432 1776 6063 1470 2960 2673 2058 4434 2122 5937 7664  327 5390 1277 5569 3714 8025 8297 1262
 4216 4659 4986 6267  558 3829 3499  907 8968 3008 7506 1991 2259 3313 3654 8596 1849 8203 7476 4649 6769 5085 3847 5556 4254  592 5372 4426 6360 1084 3575 6227 6540 8140 1438 2862 5376 8678 2084  726 5115 5044 3178 8826  424 2132 5512 1837 7781 3368 5420 7990 2105 2659 8396 6935  815  290 3143 6551 6297 8864 5520 4500 7697 2364 5994   90 5116 1543 8051 5110  494 5703 5661 3262 1665  146 5776 4565 6398 3504 7391 4476 8021 6172 1644  126 6834 8835 5799 6319 6439 6203 8095  837
 3507 3568 6187 5089 8237 1113 4501 5165 8977 6601 7363 8851 6976 1195 3116 8801 4820 6132 3537  430 2582 8880 6025  197 3543 3953 7942 1637 2067 8008 7521 4470 4599 3516 8034 3134 2362 4287 7759 3203 9138 1096 5993   86 1668 6386 3883 4132  877 2897 1902  136 3505 2055 1626 8644 8413 9178 2954 1719 1534 3533 2464 7218  686 6202 6330 8887 2592 2148 6034  743 9047 8122 2711 7701 7885 8242 6587 4902 6804 1517 2141 3205 5222 9206 1566 3711 8411 5061 1150 4411 1341 3063 7554  312
 4457 4804 4945    8 5430 6332 7666  893 1552 5861 1297 5367 3742 6960 8998 6051 9168 5360 5580 8220 3393 7650  383 8704 8635 7957 2265  549 6053 8874  979 4542 6822 8527 6570  652 7240 3052 5311 3270 7597  369 8931 2613 3345 5232 8681 4127 3725 3734 2016  705 4170 8098 2124 6630 8514 7237 6953 8894 2076 4487 7104 1186 3263 3291 3136 3067 2798 1398  903 3606 1080 8035 4934 6075 1056 2295 1758 5539 5472 1693 2238 2784  104  761 3869 5792 9177 7761 3814 5300  774 6249 8521 3206
 5310 8107 5450 4141  472 6681 4007 3879 2129 5187   11 5809 7447 1393 1286 7441 6816 1820  120 5978 3808 1077   74   87 7820 5775 7100 5791  731 8108 4174 1704 8763 1740 8077 3081 5455 5945 8728 2246 4950  692 7119 5189 5704 5548 3039 5206 2245 7087 8195 2456 7290 3955 2670 6786 5948 8338 7641 3628 2841 3560 3840 5385 1034 3003 4334 6432 6893 6201 3271 3434 2283 7792 1945 7359 2852 3227  433  342 5752 6866 2197 8624  921 8164 8638 4385 8217 8101 6824 2909 2193 3821 3050 7839
 1886 8915 7287  560 6557 1321 3532 2239 7790 6742  531 9093 7101 5995 7930 7145 8434 3663 9170 6163 6717 8990 7944 6549 4319 7617 4564 4521 3571 3754 2764 6908 5028 1789 8267 1420 2794 8214 4274 4311 7412 6403 3180 5529  943  419 5516 7198 4717 1323 5032 8689  548 1706 3487 2095 8245 2790 8768 7909  759 6011 4911 5365 1371  778 5438 4849 1387 9148 3318  178 4926 4074 2231 8096 2320 7047 1486 1560 1951 4808 6292  381 1043 2634 7417  388 1656 7399 4988 3549  379 7532 2732 5736
 8293 9002 2797 7679  937 6026 2843 4563 9085  874 2471 6984 2527 2517 7311 8735 7750 4234 6523 4293  413   73 8508 7775 4165  265 1559 8120 2468 4409 3054 3638 6909 2216 4210 1747 7322 6430 1388 1723 5048 8424 4949 9102 4782 4641 5899 5299 9008 7003 3929 4300 1734 5528 1834 8775 4728 1592 1797 8584 9094  720 3421 3127 2074  437 9086 8865 7692 1762  124 1686 5927 2671  923 2518 4386  589 7623 5484 6434 1177 4066 2003 2796  208 8881 6793 4534 1641 9136 7390 4098 8116 7634  508
 4028 7698 3014 5144 2556 4644 7608 5025 7084 7029   19 1645 1985 3951 4045 9211 4899 2541 8791 2404 1737 1065  181  256 6278 3023  553 9207 3468 1121 3611 5653  451 8322 1116 8151 4940 7206 3832 4032 4962 1073 9186  706 7323 6917 7401 4620 7241 2427 4638 4391  956 2463  986 2608 2343 1435 7481 3264 7032 5326 2207 8973 9050 3866 4206  182 8048 2570 1410 6615 2443 6390 8295 8690 7667 1449 6722 7594 2571 1235 7456 1524 5519 3673 8419 3699 5958 7695 8049 4856 4087 8519 8429 2047
 8420 2847 3934  518 8688 4157 9195 2018 3385 1934 8767 5910  714 1491 2242 6789 7760 5156 5629 1441 7386 1876  782 3323 1488   45 6614 2494 1605 2414 7527 7076 3960 5492 7872 6457 8766 7669  541 5878 4917 2842 8119 3981 4031 4970 5242 6662 4395 2686 5522 1471 5842 4418 7438 5479 1299 2745 5435 5626 1975 3920 2663 8985 3593 5223 5669 4778 1026 8118 7155 5086 4957 7271 2258 6936   13 5692 7904 3682 3888 7275 8606  471 7467 7512 3972 3361 2689   83 7808 3601 6509 1780 2422 4688
 3497 3118 3401 4297 5868 3359 3631 5525 3332 1632 6826 2566 8182 4929 3413 2644 1557 6850 5581 7853 3709 2921 3306 5634  382 4689 6609 1494 3085 6197 1936 9201 8632 7824 2776 3719 8190 7960 7902 5779 4345 1659 7982 6031 5457 4023 5896 2092 8447 3071 7958 4379 6262  135 8637 7742 1474 3567 4693 2172 8846 5781 3511 2532 8117 5235 3897 6538 8439  950 2803 1548 2297 5905 6680  389 5157 2928  892 1757 5785 5586  599 8926 4449 2995 8484 2755 3257 7247 3351 4877 6698 2488 2089 2600
 8374 4583 2093 3268 7041 4966 8939  411 8359 7139 6730  459 3915  245 2913 2433 6553 6678 3489 5468 7997 1679 2008 3739 1506 7546 2820 7832 7603 8013 6070 2481 3089 7934 7086 4217 3573 1617 3233 5640 1950 1319 5312 7231 3256 7179 8786 4675 4078 1947 2538 7245  942 2572 3999 2126 6956 7210 6363 5697 4079  237 4730 3400 5935  843 3289  372 8673 8180 3002 5019 6167 4906 3357 3097 8981 1777 7160 3130 5788 3123 7811 9098 3922 2013  201 3805 4146 5610 8908 2354 6604 1855 1327 8397
 1361 7814 8313 2368 1403 5119 2839 5777 4208 5099 3119 5002 5077 4954 8712 3265 5030 7812 7807 7367 5942 8473  997 3529 5742 2342 2199 5346 1082 6852  667 4706  555 8470  712 8464 6923 6382  423 4921 7878  737 2121  831 2713   42 3414 1021 4022 8131  244 9051 3417 8695 4378 8687 7705 7889 7489 4424 4118 2039 8860 9011 6532 4993 7612 6972 1036 4075 3642 3824 8672 4607 2285 4895 6150 4775 1981 8756  709 5702 5820 6566 2301 4456 5171  849 1860 6963 6989   66  308 2951 6699  109
  688 4623 5749 2085 4897 4454 3353 2636 5447 8918 7030 4913 5190 2868 8897 3040 7107 3218 2134 1753 8071 5481 2552 3522 5606 5526 4155 1879 6762 5796 7856 3597 8146 2214 7495 6507 1415 4230 5198 8957 3913 1672 1126  828 5078 5183 5082 7338 8877 8709 1301 4398 1793 2037 5716 4661 1135 2114 3281 5009 4053 8386 1800 3405 6463 4960 7158 3084 4891 8762 4440 3336 5053 2299 4056 8888 5100 5679 3979  521  128 6720 3062 7069 3184 4948 2578 6337 8891  278 8966 4591 2513 5970 3473 4179
 6032 6806 4279 2641 4514  536 8275 3241 3863 5249 8720 6062 5220 5440 2268 7430 6483 1570 4112 6002 7419 2322 5306 8433 3770  306 4719 4238 4040 6620 1824 5594 8026 4642 7321 4971 7452 2112 2420 4827 8649 4632 3928   44 8733 2504 4619 7586 1775 5255  758  561 6209 2523 2225  198 7735 7060 2228  513 3993 7346 4720 2051  897 2606 7730 4573 4683 9144 4858 8818 7178 8460 6632 4441 5903 2666 4335 2831 8221 2640 6106 1409 4492 2346 2060 5289 6876 2205 2432 4914 7124 2358 3109 4130
  587 2783 4799 8615 8028 3165 2140 5566 2885 2653 2153 6719 5883 5983 1123 6647 3933 7270 2255 5722 5270    4 4455  805 2823 4777  754 8556 2623 5127 8480  744 2507 2554 3111 4131 6898   57 8465 6120 5612 5598 7636 1370 2512 7911 1755 6288  836 4874 6056 3902 7036 3183 6219 8988 5138  996 5934 7676 2303 5813 9056 2470 4880 3481 9187 3301 7394  858 4213 8586 4963 2027 4459 2325 3910 7817 2708 6307 8409 7340 5782 1616 5890 1363 3946 2683 6723 5680 3627 6423 2768 8332  266 8820
 5238 2292 3197   15 8183 3006 7293 2851  765 8102 7731 1744 4250 7738  223 4071 3820 8437 7831 8210 3927 1521 3939 2563 4813 7873 1792 6910 1013 2000 7024 6069 2244 3806 2041 3526 4764 4452 2646 4249 4636 5303  884 5159 3782   46 7803 4837  374 4161 5641 1624 2833 3562 2363 8633 6083 7376  557 4430 8554 5973   98 4245 4908 8476  928 8050  989 8383 1805 1889 6357 2994 3366 3376 8207 8179 9125 2642  917 6985 5080 8197 1369 1465 8193 5999 4972 9045 8368 6505 1956 7153 6781 8631
 5051 4301 3965 3774 4785 5169 2539 2014 5570 4422 8459 4752 5909 7224   39 5574 4608 6829 8854 1079 7453 1695 4321 4292 2001  668  300 7561 6474 1978 3745 3937 4009 7232 8744 8458 2284 6096 1861  277 3316 4176 3430 3737 9054 3783  919 6450 4832 1964  187 8719 2065 5605 4020 3517 7823 1183 8682 7756 2088 5969 8752 6028 6624 3445 8023 5778 8156  225 7173 8020 8855 1296 1173 3907 4558 4263 2935 1572 3828 1146 1555 6959 3656 1062 9198 6482  797 1264 3049 3356 9055 9092 9071 4485
 7988 7540 8830 5246  991 2131  791  168 3106 8097 3789 7688 1069 1802 8561 2434 7332 8070 7797 7348 8279 4630 3945  623 2508  978  429 6518 5968 8971 3998 6637 4015 6049 6250 6295 4393 4198 8103 2730 5332 7134 7642 8286 8016 6514 3472 5286  578 4622 8377 5637 3706 5327 6607 2081  368  586 5838  870 2529 5764 5105 6788 7799 8996 2327 3794  609  436 1763  175 7510 2219 6731 4338 1164 2425 4582 3677  505 8670 3219 7895 5624  775 2837 6140 2763 1822 5557 3538 5585 6283 9182  716
 8457 1983 6413 7978 4936 1562 2130 7983 6287 2157 4164 9192 8307 8372 5721 4835 1031 4199 4743 7439 4442 6113 7629 3661 2718  289  545  927 7804 3612 8135 4559 1722 6037 6493 4357 2933  367 6261 4381 4812 6982 2762 8316 2452 3252 8074 3610 7946 4324 7073 1890 7257 8046 1698 2171 7819 1745 1533  681 4978 3307 1544 5148 6409 3329 7864 1638 1652  735 6709 8534 9060 7880 8227 9167 1265 4710 1874   69 2090 2937 2675 3878 5647 3176 5125 3615 7220 8451  157 8506 5161 3138  934 2290
 3909  987 7272 8940 4830  210 5865 8366 5755 6688 2771 5066 2908  591 7684 3521 7007 5550 1875 1496 7229 6846  427 2054 8132 7859 2822 4081 4525 6753 7490 3916 2066 1669 6771 4807 8360  801 7170 7000  683 5552 1064 4267 2712 8252 2256 4762 1221 8176 9205 6494 5916  850 2282 6672 6149  842 3880 1937 2521 5666 2337 2737 4910 7876 5758 5852 8100 4510 7305 6758 4359 4260 1306 6269 4705 9152 1205 1050 3051 4113  757 5131 7112 6922 4259 7776 1119 2880 7614 1424 1618  217 8919 7627
 3098 2477 3659 5260 6234 8081  886 7132  980 3716 5706 7611 6296 7740  340 8722 2159 7748 1468  127 2365 2063 3107  544 4961  817 3377 8540 5851 4774 4177 1138 3000 2151 5036 4478 1067 5740 4697 2526 1829 8705 1482 3327 4736 3480 4749 7182 5281 2962 5753 5016  240 2684 4377 8238 7335 4327 1139 4082 6891 6260 8852 6994 7329  107 8746 8489  816 5397 4493 4625 5097 1168 6047 6271 5216 7592 9083 5415 3833 8671 6964 6286 4307 3964 5145 2754 7209 5208 7152 4333  719 5352  834 8024
 8302 2237 6596 2853 1201 5207 1423 6797 6712 1014 4193 5445  231 8223  257 2520 5172 3657 5298 1732 6784 8054 5383 7762 8389 8064 6313 3019 9112 8827 6851 3791 1982 1716  614 4756 8748 5951 5154 2694 3508 6554 3748 2958 6326 7827 1117 6316 7269 8909 3817 5928 3800 4355  872 4001   77 2181  649 7549 5236  305 4109 4828 5266 5280 5381 7255  960 4862 1580 4085 3837 5681 7034 4519  671 1087 5925 7256  704 5151 7833 2147 2397 4944 3163 6247 9200 6465 7858 3200 6155 5756 4240 1004
 6305 8241 1245 2968 1642 4092 4981 8840  973 2950 8089 1942 8017 4741 1707 3799 2496 2835 2942 7887 4469 3465 3467  972 1731 3302 3766 8645 8288 3997 6304 3038 7211 8614 1743 6289 4539 6692 1682 5284 5175 6986 2649 6617 8611 8349 7144 1865  732 6273 5505 1816 7065 5038 4890 1894 4431 4651 3121 2624 3386 1582 8155 3555 6845 7646 9096 4417 3701 5693 4332 6965  994 2770 6835 5049 3196 5351 5358 1615  132 3950 5193 9180 2446 4331 4096 1691 4325 5256  122 7434 8482  690 7681 5240
 9024 1039 4504 6868 5795 5373 9035 7088 1591 2381 6001 8319   24 1304 3550 1923 1502 2062 4396 1751 8127 4108 6992 4682 8114 3346 8324  529 6667 6012 2821 4696 2328 7426 3572 7035 6510 7845 4854 4892 5065 9135 2493 9084 2588  932 6094  337 1167 6147 7765 8418 2189 6686 2447  200 1858  176 1910 7369 5387 9132 7703 8857 4351 5974 4167 8646   91 3588 6020 4285 1451 7704  315 8739 8592  400    5  596 6359 8863 1431 6059  296 1811 6424  364 1114 4938 7416 2615 6864 7014 4621 5754
 1063 3065 2347 3952 4042  689 7316 3394 4825 4843 4747 8674 1830 4003  638 6092 6087 1736 1374 6725 8495 8109 8172 4523 4876 4232 4992 3484 7252 8651 3384 5815 4268 7396 6944 5433 1291 2218 4175 3224 5361  939 4218 6266 2466 1655 1610 6581 6928 8572 3372 2970 6157 8111 3772 2454  654 3848 3637  962 8194 1952 4350 1878 8173 2160  600 3889 2604 6839 5672 7969 1944  179 6997 7795 6455 7395  303 8696 8088 6973 1554 6199 8045 1558 6756 5490 7274 7085  713 6612 3347 2982 4931 5856
 1419 6543 5339 2877 6710 3248 1381 7079 2829 2056 8600 3884 4958 6039 7469 2152 3600 6528 4613 4920 1724  259 6519 3545 3503 8548 8794 3892 4757 1819 8873 3870 7505 5124 5493 8730 1467   61 4687 7449 2706 2450 6568 6090 6301 6177 7575  832 2154 6225 4833 6176 7428 2169 4515 4346 1068    7 9197 6999 5330 4846 6445 1433 8150 3209 9173 7219 2965 2502 3087 2345 1807 7193 3868 8380 7678 6309 7522  656 3204 4420 1576 2275 3557 8601 1814 4374 1529 7525 2424  697 3239  841 5230 8314
   85 2179  546 8731 4448 1726 5750 2480 5708 7673 7423 8876 6317 8444 8686 1253 1055 3300 8736 2923 2473 8139  974 1787 7854 8228 8781 8291 2202 6658 8933 1357 7654  169 2907 7371 5635 6899 3544 2674 3034 8795 6190 2811 4560  503 8162 4290 9049 5348  571 6000 4308 2955 1511  156 4751 7475 4322 6146 4438 4484 6635  992  771 5244 4919 7315  323  432 1288 4595 1436 7071 3818 1673 7325 1011 5590 7514 8262 6634 6791 2699 3230 4930 2223  209 8597 1501 7777 7999 5987 7188  481 1228
  856 6215 6115 3717 4367 6467 3258 2240 1313 5947 7397  570  941 3202 4566 7383 4884 5545  484 6454 4137 4844 2975 2643 7752  392 5443 5273 1425 8567 8608  891 5603 3330 5359 2993   55 7869 6580 8814 3633 4370 5901 1897  644 2278 1412 3290 7398  440  900  984 6877 8511 8298 8798 4201 6312 5837 2083 4643 3556 7360 7747 8557 2004 8236 6401 6154 6239 5404 8312 3651 1316 7798 8529 6700 1406 4598 3175 3352 4711 1108 1662  695 5197 4499 8235 7900 7746 1366 9165 9004 5830  144  478
 8658 4648 5688 6790 5558 3940 4156 6703 6223 4017  348 1546 6516 2495 8247  740 4257 9021 9106 5106  869 1411 2963 4885  297 3198  602 5938 7162  489 8518 1857 2533 8115 8406 5871 9006 6603 6086  457 7584 5008 2192 3894 4528 2639 3164 7309  639 3331 7017 2884 5673  768 7077 4923 8737 6896 9141 3925 3614 1223 1914 1683 5675 8675  819 1604 1869 7327 6414 7092  611 2280 4889 6884 5862 2690 8239  680 7499  952 6433 2980 1912 6777 5245 7090  795 2451 7524 3344 8336 5627 8498  551
 4101 3680 2787 8816 6978 2220 7932 4447 4121  658 9013 1207 5836 6470 6335 1721 8652 7027  835 8656 1098 5031 7687 2479 7217 6987 9000 5919 2710 3091 4761 7485 7745 8526 1798 8738 4618 1527  441  772 1134 7235 2472 7167 2775 6831 6348 1574 2819  269 3326  373 6240 1750 7273 2929 7618 8833 6193 7278 3854 2750 1190 8684 2802 7242 1769   70 3381 5292 7920 2575 3131 8917 2846 4568 7165 4477 8294 8249 2399 4291 8072 4924 5954 3674  291  143 2590 1767 5218 7609 1633  111 6594 2411
 1901 6676 1307  271 2142 5906 7046 4283  812 5943 1033 1940 3655 6502 7968 5160 2333 6650 4479 3607 5483 6164 6567 3595 3896 1993 5083 4516 5152 1427 1331 4148 1493 6569 6929 5470 6356 1823 4942 4517 3850 8192 5355 8218   51 5153 8466 2836 5410 3773 5288  328 9016 9101 7203 6764 9065  314 1873 6311 7970 4723 1752 8532 4047 6321  336 2177 1519  421 8772 7922 2266 5118 5766  613 3563  635 7261 5406 6137 6656 2107 7421 2799 7045 5023 5812 5226 9137 5398 2761 7559  547 2678 7355
 1653 6005 8934 4695  721 4809 4569 6282 5419 8073 1962 4545  425 4339 3938 6091 8839 7809 1954 2341  679 7176  728 2782  564 8999 2767 5378 8032 8407 4084  422 7197 4824 5880 4320 2250 8416 5511 6374 8394 3236 4898 7294 4629 1541 2033 7658 9176 3126 5524 3984 8878 4348 5952 2505 1929 6343 5353 8899 3171 5602 4609 8898  528 2967 7570 5932  789 7110 1444 7157 1162 7163 3250 1930 4557 6727 2374 3010 2375 2620 7520 7718 7072  496 1072 1631  390 8018 2294 5508  848 6238 2840 5933
  760 5462 4270  746 1125 6214 4314 9048 8212 1455  449  662 2348 6097 3446 6222 2182 7326 6605 1368 3825 5734 8384 3941 9162 2227 4237 3744 7443 5991 4305 4653 6865 6498 3961 8033 2137 1708 2445 6135 6242 5793 2722 9064 7860  882 4692 1525 8431 2376 8481 4158  354  462 1866 6645 3629 2138 1109 2974 5486 5035 1730 4296 4341 2792 8066 4243 6602 1905 3630 4195 7148 5128 3576 2053 5660 7986 6009 7186 1664 6916   22  784 6481 1903 7454 8625 5645 8889 3169 7283 6930 9044  332 9066
 2048 7043 1257 4255 2607 5867 3841  431 8799 8479 4399 3855 5140 5262 6217 1149 5488 6611 4546 6244 5745 3146  533 2812 1242 1955 8910 1509 6189 7558 3885 7277 9203 5521    9 7764 1382 4927 5652 6429 6980 5654 7307  361 5063 2070 1218 5177 2549 1074 4382 6183 7915 2870 4429 2212 4713 5572 6449 3623 6524  664 5816 3117 3100 6126 9089 5725 9070 6293 6476 2229 2201 1827 4624 1430 2164 8408 5573 7445 8381 9134 7431 6427 1439 8729  250 1963 1180 1058 2326 6683 1093 7302 4676 5456
 1569 2096 9104 7044 1960 1773 3900 7782 1337 2371 2190 6438 5121 8629 1634 6814 5615 7455 7448 2551 8491 3029 4798 6500 5676 8454 7131 8398 1009 8824 8643 6151 6578 9042 3948 2241 4473   76  282 7951 6130 1349 5059 7741  807 5540  530 3166 8777 4561 8304 7074 3416 2045 8759 1330 1025 8702 2800 1372 2703 2559 3355 1660 2098 3666 4343 1347 6981 5839 7298 4228 4353 3294 8776  173 8560 4851 3967 1399 7052  162  202 1191 2751 8148 3648 8575 1688 6491 7763 6918 2519 1302 2589 6954
  443 4531 2059 4969 4536 9122 5990 2705 7379 7689 6760 7523 7569 1528 6339 5323 8743 2979 7640 2127 2891 6513 7336 2912 5683 4703 1778 2099 6128 6545 7755 1933 7538 5072   31 4758 1658 5461 3975  358 1174 5041 1520 2961 5518 4611 2235 8885 4672   40 2015  511 4973 6787   75 4126 1343 2959 1380 3815 1037 8550 2669 2500  854 4520 2992 5070 7715 4674 6275 5210 6939 6124 5832 6045 3314 6460 8456 6695 5423 8329 4776 1498 8167 7788 7644 5460 5407  636  945 8230 7606 1392 7405 4057
 2247 3043 7067 6043 3337 9081 1061 1001 2436  130 7908 1081 1364 3561 6590 3428  465 3425 2103 3459 2899 7382 7389 4946 5713 7368 5321 6707 4310 6977 1461 3133 3148 5167 2390 4524 7652  284  888 8346 7517  608 5285 2050 3403  563 3718 5287   32 2591 8509 2617 7171  105 6946 7282 1200 3778 5611 6125 2724 2696 8654 7842 7370 7901 4246 8749 6473 3743 7671 3426 5784 6901 8128 8523 1394 1893 1038 8254 6537 5501 6792 7479 5200  488 4251 4509 7737 8005 3477 1938    6 8569 6490 6794
 7354 5649 3608 2917 3110 1806 2807 6825 7793 4562 2187 6932 7593 4475 3025 5846 9171 1377 1005 8201 3382 8347 6948 5678 8229 5886  262 1275 6327  485 2438 7998 2603 6334 7744 6089 2988 6974 2097 3492 5623 2619 5944 4905 4606  938 8984 4797 4817 7903  273 2310 8892 7883 4481 7164 2825 8256 6391   93   92 5054 8834 1131 4633 1785 8669  762 8272 4765 2756 5491   10 6979 4860 1601 1971 1739 1481  627 2781 8945 6021 9037 7925  949 1771 5296 6253 3427 1899 5608 8428 8390  729 1922
 1129 8925 9196 1023 1395 8052 4356 3801 7773  447 3923 2485 2398 4330 2810  693 6744 3604 3328 7161  339 2503 4202 2576 1484 5224 8354 4976 5638 1053 2273 3901 4707 2632 2031 4853 8727 5394 8315 9204 5562 7595 6817 1613 1365 5625 3418 6118 9194  299 6406 6166 3379 6619 7381 9124 3740 8805 2691 1408 3971 2186 8811 7149 8810  154 3365 5789 3579 4995 5014 2367 5234 8619 2621 5843 3982 6134 6599 7248 2195 1833 6779 1032 5134 7717 6687 6955  796 6684 1158 1429 1882 3096 7564 3721
 5882 5607 9155 4658 8842 8617 4413 4614 6800 2339 6133 4498 6367 4219 3846 8822 3037  338 2985 5670 4900 8331 5855 2417 2863 3285 3989  702 1450 3278  172 3162 3408 2687 2373 3243 7768  965 7482 1169 7262 1939 2824 4584 7317 3185 3625 3926 7855 9149 6925 3247 4336 7648 8788 7857 5881 3686 5203 6170 2429 7141 3295 5269  582  121 2200  898 9014 8171 3676 1547  188 1663 5567 6838 9075 3293 4011 8483 5699 8007 8233  916 2355 6685 1268 6336 7068 6303 6029 6276 2415  406 2019 1192
 4371 2467 5930 8069 3646 1612 4415 2515   27  887 6736 3502 1326 1483 6067 6988 6159 4745 9028 6844  316 5857 6927 3695  684 7276 1208 4740 6192 8836 3490 6754 9213 4099 9123  134 2319 3125 3876 4617 5835 2660 2729 7628  881 2024 6740 1969 5026 1112 1871 4665 4759 4295 7403 7937 6422 1137 4655 4684 9077 7571 2403 5583 5982 7894 1948 7473 2774 6464 5174  954 8716 8205 4640 3956 4526 3542 5892   21 1867 5748 5894 5453 7994 5527 6074 2150 5109 5324  166 4435 2747 6372 2389 8642
 7374 1539 6378 6022 4051 1621 5921 1097 3229 8113 8284 1222 7116 7816 3407 9105 5090 3954 4458 3280 4172 4182  155 8323 3871 1015 2162 8590 6258  450 1339   38 2565 3491 4502 1300  401 4317 7927 9164 6913 4215 4445 1545 8056 7009 2281 6576 7898 6257 4159 8351 7105 2638 5662 1565  575 4588 1102 8348  317 6294 7602 4579 8257 6848  123 4922 4771 4383 6886 8169 8904  538 6659  918 5686 9046 5639 1765 7020 9039 3632 3286  736 5137 2544  220 3411   14 8872 5471  298 4715 5696 7432
 2661 6861 5964 5604  516 3189 5732 7615 5068 2087 7123 3259 7668 1090 8328 5217  786 6117  150 8698 1986 5452 1676 3671 6116 3877 1600 2115 6010 6458 4855 8563 4138 5825 3399 4050 2091 2878 4406  502 4772 6732  734 1508 8594 5253 1608 1216 5075 1550 4712 2419 3238 7446 3942 7939 8330 2490 4941 2075 3447  142  617 7551 8145 8358 6671 8078 1283 8503 7837 6639 1766 2558 9034 4432 4139 8828 7222 3650 6076 4836 7026  205 8471 7253 4491 9091  959 4645  152  863 2524 4932 5263 8754
 1725 8224 8750  966  776 7502 5112 4222 2972 6329 3395 7721 2106 7226 3498 1281 4769 7433 1648 5437 5271 3853 2143 7589 8163 6461 7987 5814 8177  192 2785 8392 6237 4996 2296 1760 2155 8555 2395 7835 3254 6550  281 6351 3436 6486 3678   78 8858 9058 8595 3528 1609 1657 3367 7947  246 3830 1712 7181 7102 3194 4878 2548 5334 5333  703 3525  552 1390 7626 4578 5621 7621 8161   35 3458 8994 4738 7486 4196 2232 1779 8488 6284 5248 2440 2748 1784  915 5893 5920 3757 3973 5237 6795
 3520  809 3383 8278 2497 8012 1585  248 4304 1674 8415 3731 3546 5698 7413 1479 4508 8175 7599 5308 6660 8029 4746 1622 1908 4012 2312 5546 4574 6966 8202 4316 5135 7529  913 7656 4061 3374   59 5475 3448 8287 6371 7662 2562 4861  149 1639   18 8785 5409 6188 3918 2006  851  910 1030 1720 7700 8417 3486 9074 4223 8848 2379 4064 6004 7576 8306 8604 5098 2382 5715 2645 7550  523 3476 3216 5533 4791 2453 2676 7871 4446 7805 3078 3536 3590 8185 5578 7921 2573 3466 2879 3433 4225
 2973 6931 7461 6373  191 3482 3373 8536 6763 6621 8700 8059  879 2889  785 1198 1469 7223 2387 5646  229 1312 3004 8076 3963 5095 7950 3114   49 4989  847 6041 1389  930 4977 1883 3454 5985  203 8362  486 3823 6885 8713 7560 5571 8258 5530 5130  117 8856 5442 1454  461  365 8104 8440 1241 8158 6263 7251 2145 3886 1156 9189  876 4094 7362 3007 4810 6895 1788 4004 3012 4626 6315 3419 5272 6847 9033 5517 8913 8492 2564 6934  770 4780 1172 7680 3362  711 8463 6561 4839 6254 5769
 6324 8773 1336 6333 1124 6362 1457 2491 7881 8676 9052 3149 3279 8485 4380 7308 4389  464 7249 2629 5844 1120 4366 3585 4667 4916 7979 7605 3439 2630 5018 7577  116 4375 3475 3420 3021 1219 7802 3228 2072 5494 3634 1118  643 8320 9139 2173  301 3449 1132 8379 9151 5739 1568 5375 3707 3397 7333 6911 4818 2221 9113 7531 7758 5418 9156 5805 4037 4450 8404 3461 9087 3541 2903 7172 4106 1804 2361 4412 1315 8421 1812 6515 6862 3664  844  279  889  981 5714 8907  474 5746 2788 4069
  352  573 5179 2874 1157 3325 5609 5811 1000 5466 5962 2405 6773 3220 5541  935  334 8282 7169 2248 7236 5252 8400 4265  864 7826 3524 6714  833 4503 5139 5977 6477 7478 1400 3506  267 3851 6488 1104 1348 3780 6006 2940 2568 5988 3609 4227 7726 6340 7019 8009 4866 6721 8987 1620 1510 6381 6207 1627 9117 4716 5915  204 6042  232 8558 2597 4550 8960 7655 5664 7341 1675 5691 6420 8724 3790 3574 5342 7093 1578 2628 8565 2378  476  235 6331 3181 7015 2789 2465 6641 7940 8186 5350
 7702 2260  604 2010 7674 2585 4073 7685 4043 2939 7657 5243  439 2167 6623 5538 8010 1355 5241 5021 6971 8452 1500 7935 8281 8850 1340  329 4313 2904 3255  618 1215  653 2795 5531 7633 1711 5870 7961 3311 4282 6696 6785 4994 7064 5448 6475 4589 7442 9088  773 7115 6431 7963 6346 7228 8467 1224  199  804  640 6889 2741  272 3912 7221 6152 8707 5959 5384 6796 7888 5204  347 1279 6970 9190 8920 1342  594 8950 2872 5386   97  641 2210  580 3073 9018 1269 3616 6119 2323 3273 6872
 7912  685 8401 4281 2561 3474 8866  193 6643 2191 4686 3530 8807 8001 5039 6112 8327 8613  377 4724 6811 4616 7488 6027  359 1002 6702  469 9032 7233 4612 3144 7268 6574 3639 1396 5221 5667 7954 8062 5560 1729 2709 6693 5689 9130 2136 4186 3765 3643 3692 1597 5953 1678 1006 3857  800 2594 8986  607 8153 2627 4983 7133 5650 3321 5547  788 2170 9133 8144 3099 1941  724 6487 2883 5133 7025 2702 2855 7981  926 1888 7364 8804 3190 4111  137 2652  233 2264    3 8520 7545 6492 7099
 5510 6161 6853 2700 4461 6920 5595 5728 1378 3624  739 2667 1136 9079 3213 4394 5254 5425 2036 1350 3596 4721 2531 7613 3363 5800 7137 6577 4276 5056 3924 6145  506 1045 6425 6664 7011  717 1796 4024  110 6770 4488 9076 9209 1961 8499 3969 1710 3341 4859 9174 6926 5416 5818 4555 5034 3129 3464  722 5010 7214 7659 7865 3277 6883 8965 3802 3142 6121 4788 7225 3733 5233 2057  147 6018 2514 8995 6408 8373 4433 1446 7924  407 1690 8309 3691 6856 1338 1958 3514 1462 8566 1103 2910
 8269 4181 5591 4847 7483 6165 6715  811 8770  360 7890 1148  140 8004 7005 9017 3211 3641 2511 1193 6648 1115 4363 8911 8620 5307  504 1697   33 2020 8215 4187 4604 1584 4231 4135 7886 1696 5283 3061 3565 6547 3283 7786  715 4815 2581 5194 3191 7753 3282 3566 8953 2574 2204 4939 5976 8660 5908 5929 7254 5215 1831 7002 5575 2601 2587 7295 7964 1904 7813 1089 8092 4541  295 9063 1280 3732 6268 3553 2733 3776 6442 1333 5651 5726 2461 2209  955 4763 8283  227  404 8263 8426 7337
 8665 2622 2631 8277 5042 7205 1795 3305 1606 4590 2030 7573  292 5592 8784   62 4390 2178 8206 8683 5504  967 4802 9107 3267 3658 7075 3788 7543 8612 4904 1204 6873 6231 6694  537 6860 7677 5630 5276  909 5532 1459 3431  213 6902 4052 2693 8184 4140 3781 9193 3668 8353 3936 4925 5790 5033 5436 8512 1640 4708 3103 5318 2042  779 2998 7879 1344 3987 8130 1497 5931  733 9143 7580 8244 5926 1495 3932 5143 2421  976  861 4489 2135  622 4507 3586 7955 7850 1267 6171  319 2726 9100
 3994 1206 1160 7651 4974 4773 1782 3649 5719 3769 5316 8975 7563 2108 1107 5840 3288 8525 8946 1247 5513 3906  164 2174 3535 2100 5474 6941 2786 6774 1345 7492 7938 7780 4840 9114 6598 7690 3320 7004 3005 5045 3068 1699 4903 5011 3859 4189 2714 6768 8641 5024 2728  174 6173 3312 5709 8553 7739  542 8591 6689 1681 5798  777 1946 8200 3652 8528 8285  931 3552 6068 5687 8616 2194 3297 6906 5027 1989 6168   65 6757 1159  393 7528 6108 7607 1915 8334  356   30 1630 5582 3090 4344
 1310 6035 4987 7299 6323 4361 6950 7347 5428 5104 1477 1445 2602 3045 7508 1155 1677 6274  119 6127 8879 6907  415 8732 2288 8231 8621 4603 2437 7638 6629 8541 3018 6328 3319 2882   20 6210 2448 2742 1008 6765 8867 3046 5275 4416 3882 4077 6310 5001 1020 1100 4511 4786 3292  133 5980 7616 6919 3036 6888 7709 4123 6735  102 2814 1549  499 7001 4034 7168 4821 5955 8970  180 2579 5439 8588 2128 6298 4909 1926 3398 6314 1437 7829 3710  409 4464 7288 7204 5889 4646 6344 8174  394
 8559  106 3496 4463 7126 3890 6302  866 5834 5773 8255 2553 1086 3274 7012 1919 9214  346 1756 5599 1414  304 7536 8921 9116 1460 8143 8582  826 6196 5822 4451 7180 2316 4105 6376 3803 2032 5401 6724 1790  380 3787  554 9001 9154  598 3865 7258 2386 7239 7437 6705 7766 8274 5335 4252 5907 7834 6631 6644 5833 1407 8280 7151 5718 1145 2029 5431  414 3222  402 5429  112 1010 4739 7800 4036 3831 2428 1625 3478 4349 7082 6407 6370 6636 1977 3159 2254 5694 5340 6377 3132 1783 5402
   28 8947 2865 2721 7547 6905 2618 5012   84 7637  750 7683 8943 7956 6990 1794 4058 7320 8355 5772 5588 8264 6573 4154 4681 4358 8370 4766 8783  293 6019  190 1360 2791 2340 5794 2101 4059  792 3042 5770 3124 6870 7387 1473 7967 8924 6810 4770 8951 1229   82  222  318 3350 7451 7821 8160 3141 3683 4337 6837 4783 2161 2329 6718 7385 1163 3343 3792 8983 6200 2650 3501 1440 8628 4505 6448 5081 3348 5329 2679  519 6606  113 2168 1850 2593 3613 4211 6052 5705 8516 2317 4571 6136
  691 4387 1432 7973 5006 6204  366 2233 6830 6252 8605 2102  908 2936 1453 4732 8513 4650 6072 6555 6038 7910 6597 4275 2695 3816 1099 8356 2986  875 8507 2318 2293 7353 3811  475 8253 5297 5379 3539 4634 4794 6417 8792 5946 8468 4462 1920 8703 1094 3044 5499 6904 3226 8211 2739 1289 3334  148  674 2749 4149 6782 7917   54 8147 7568 8011 5146 1175 2765 2119 4364 7263 6957 8357 5274 2550 7175 6358 3304 1943 1271 5998 4030 8589  977 7154 6380 4532 2305 4328 6230 1651 6933 1841
 2416 1485 4592 6138  718 8734 4554 5231 4044 5458 1680 6162 3746 6737 1709 3266 1694 3409 5648 2637 5941 2394 7949 3985 5291 1263 1379 2183 6626 2262 3970 7601 2911 8462 7310 1476 1376 6300  904 6141 8094 1749 6388 7143  700 6228 2555 8539 4125 4580 3795 2034 4236 4405 6400 6706 5055 8455 7714  799 4722  341 3214 7728 2665 1152 2149 6044 3324 7971 7875 2902 3429 6437 5847 1499 7943 5601 8363 7281 2460 1383 1044  452 9068 8110 6952 7582 4800 7059 8583 2431 8446 5279  814 5984
 1906 8450 6456 5975 5967 7054 7713 7716 7544 7649 2757 6079 8251 4197 1022 7056 1189   89 6661 5633  534 4512 1059 8430 2534 8837 2944 6480 7184 6354 4928 3904 5465 3779 1225 1075 1292 8680 6526  491 2384 8765 2849 2859 2681 5663 8222 1661 1076 3188 9202 7732 5487 3767 5712  929 8391 6233 4312 8930 6048  682  343 1838 3849 1843 5743 2916  357 6874  385 8082   52 8216 8300 2474 3591  948 3094 4883 4596 7465 4439 9183 4147 1040 9080 4602 7794 6385 1110  824 6652 2196 4203 2542
 5247 3662 6894 6459 3949 1416 5618 5824  839 8691 4068 6858 6394 5596 1452 4002 2166 8321 7097 6180 8522 4551 2393 3644 2633 6435 2113 3182 8815 6277 2964  141  501 7984 3589 3958 8771 1895 2080 7754 3153 3667 2349 2478 3519 5166  710 4893 8137 6752 5827  699 8580  620 1900 2401 3088 8043 4388 8853 7985 8422 8393 2662 1619  597 1130 7767 1197 6046 2778 5250 8576 4220 5123 4530 6579 7533 3083 3943 4372 4384 8668  483 1202  727 9073 2725 1987 3440 3698 7518 4421 7279 7778 3070
 7199 6484 1007 1016 9025 5632 8838 8972 2927 8708 2249 6778  280 7318 2547 5751 2720 5278 7039 7063 1254  167 4662 3665 6057 7078 7725 3527  961 3223 4610 2898 8758 1373 8664 8494 2876 8782 6129 5787 5301 8361 1329 2635 7487 2915 5503  311 1309 3342 1176 3626 4935 4407 6322 1647 2286 7480 1974 8041 1066 8435 6338 3540  780  747 4543 9023 8844 3756 2727 4750 8472 3862 6739  324 2655 1896 3708 1048 8884 1689 3452 4933  396 8443 2595 7928 1318 5810 8648 7392  420  579 7555 5213
  445 2948 5733 1702 5074 8301  701 8075 1764 5684 3251 4315 5227 8196  185 2920 5444 6101 2930 4552 6291 4188 4460 8325 5107 5426  890 1503 5873 3592 8497  532 7941 6441 4191 5480 1088 4857 4163  901 4548 5620  550 7893 7774 6531 3905 5559 3059 1735 3215 5268 3899 5659 7841 2688 4194 8044  527 2740 1504 5939 1840  477 7187 7952 5314 1713 5577 4863 8093 1872 6143 5317 7537 1581 7118 8883 1210 7174 8692 8868 6077  793 8533 3242 4151 6226 3758 1774 4852 6867 4968 5821 5338  619
 5960 5304   26 2888 9119 5643 2302 6588 4097 7929 3688 4162 6924  794 3558 6013 1685 1602 4678 4841 2344 3389 2867 9191 7128 7785 5869 8345  880 7503 7519 3151 4848 6772 4284  808 5854 5695 1478  375 6711 4734 5293 3679 7610   17 9069 9040  648 7207 8496  670 8547  953  830 3404 7312 4072 4729 8976 4918 1728 5658   63 7789 5710 3620 6942 7098  320 1996 4998 2769 4801 6998 1523 4403 4549 7891  894 5677 4865 6677 3066 6875 7130 2736 2165 2257  349 1332 4278 6402  498 8711 8847
 7578 4019 3753  951  405 8650 6279 2396 3390 3340  964 8387 5760 3724 3845 5114  634   48 2545 3755 7588 3168  251  206 7111 8084 7285 5305 2717 2827 7094 5771 3759  171 4704 2263 8825 4190 6071  651 5884 6881 5315 5290 2861 7464 3028 2890 7351 4269 7339 2752 2956 6530 9208 8549 1667 3020 6642 7509 1742 5819 5549  873  637 7720 8787 6704 7121 6123 2704 9108 8453 3310 4567 6921 2828 1966 7976 4901 6734 2078  309 5780 6350 7357 8821 3827  495 2338 3193 6184 2953 1463 4035 5707
 6318 8882 7590 1998 6060 9199 4767 6859 9109  985  118 6014 6871 7810 1646 1715 3602  601 8764  239 2535 6395 1324 8800 1532 8326 2377  584 6849 8022 8622 2719 5863 6466 6453 3720 5186 4952 8438 8333  933 1505 8510 4025 7289 7051 5046 6666 5421 6182 4302 6504 1418 7682 6729  802 3212 8789  572 3687 1266 5239 3358 3232 3450  417  263 1599 9041  665 1233 3957 1092 4535  525 3509  325  647 7672 3741 7243 3335 4494  764 1188 3968 7407 1480 6185 7091 7801 3451 8701 4955 8142 7477
  642 7424 8780 2484 3033 3947 3786 1848 1046 3101 5170 6937 5212 6713 6823 2046  467 5182 3515 2664 8710 9120 8490 1153 7136 4787 8204 3315 1426 1027   79 2611 6879 7053 2901 8121 2082 1877 6802 8806 1536 7409 5088 4631 5022 5277  288 2125 3147 2334 5037 5060 1049 4702 2071 5700 8219 4796 5619 1456 3424  763 4585 1003 2261 4033 4654 6415 6665 3235 4664 2864 1196  270 4577 8079 9216 8774 6842  748  194 6746 7691 4635 4779 5584 5992 8647 4829 4943 8299 7844 3874 6418 7356 8352
 6572 6104 7784 9212 7384 1907 3715 5845 6468 9175 3080 4065 4419 1590 5389  944 5181 8694 1346 8849 4615 3881 5961 1692 1571  625 7779  517  138  657 2934 9150 4093 1518 8544 4060  650  626 6174 7806 4647 3208 1718 7023 8344 1530 1272 8802 8721 4153 1825 8914 4834 7751 4727 5957 7579 5971 6364 3455  781 2577 7863 4709 1703 4244 8152 1111 6299 3022  473 2313  865 4294 6653 4261 9038 7202 3990 7463 5057   81 2068 7466  522  241 6701 8955 5617 5309 6285 6103 6111 3298 2947 1133
  708 2469 1884 2647  629 6900 7851 5454 4221 3296  672 6198  922 6265 6751 7037 8958 2743 8340 3976 3026 7686  896 8662 2586 1885 2022 4089 6691 1844 1024 4400 7625 3207 1238 8474 7572 3835 5917 3105 8134  480 7361 4483 8198  902 6535 4360 4183 4008 7818  435 4600  787 8436 4083 8063 1515 2309 3177  214 4000 6546 8371 7284  387 1234 5392 7620 3966 7769 4264 4266 1448 2350 8552 4980 1741 1611 2723 1185 8938 5949 8403 2826 3354 2501 5469 8941 4171 9053 8969 7772 9142 6766  687
 6405 6325 1252 7874 8037  243 1421 5377 1171   34 1270 2657 8376 6586 8598  378 9115 2370 5923 3603 3959 5073 2528  294 6627 6622 8367 2388 7884 3240 4134 5897 6949  803 7632 7238 7192 3299 5205 3713 6565 7190 1826 7292 1413 6726 6585 6255 3483 7117 6008 6991 7710 5966  631  924 1237 1733 4018 8817 1588 5201 1475 7300 1154 8337 1594 6775 8916 8581 8685 8060 6552 6836 3053 2400 5374  810 3443   88 3908 3140 8832 3173 4979 8189 6748  161  221 5514 6728 2609 1772 2758 1898 1018
 5996 4714 4248 4656 8974  946 4864 2596 1670 2866 3339 6854 7062  177 2352 4482 5162 4496 4465 8165 4871 7974 4005  350  183 8461 8543 3284 3453 2336 3722 4342 3075 1813 4748 8928 5506 1353 6428  493 3137  165 4204 5209 8106 2038 6958 6640 3442 5735 2331 5322 4090 4039  610 2698  207 5858 1217 7406 3500 2945 9010 4805 7150 6107 1891 4754 7696 6983 3161 2457 4362 8944 7862 8265 1179 4212 8956 8448 7459 5463 4144 1230 8574 5052 2005 4026 2616 9020 6533  186 2483 8402 7734 3438
  101 6591 4427 1965 6229 5674 8639 8812 3463  139 8959 4437 6708 8168 3469 3872 8427 8399 3569 5860  249 2304 8577 7022 4869  224 5850 1628  455 3260 3738  454 1317 4698  899 5393 8027 3807 6436 2672 4070 9158 1194 4544 7109 7919 4048 5918 7484 5965 2860  741  403 9160 7791 7083 5101  581 8989  211 8289 8757 1019 3804 4280 1738 1913 5801 2560  958 8187 8308  911 1305 8425 3893 6673 6280 6290 4226 5388 3072 3728 7006 5875 4677 1466 7596 4100 3378 4397 3309 5282 8125 1259   25
 9003 1489 3703 1282 7194 2109 8087 2969 7770 6195 7470 3660   67 3167 5682 7504  255 1209 4046 2753 7195 2818 8717 5555 7733  514 1384 3694 8129 1212 1035 4816 5922 2012 2069  655 3488 8610 1261 6205 4306 7723 1862 6827 5476 4102 6246 7008 5412 2735 3858 4289 6654 5989 2610 9043 6440 2188 7815 6478 2987 1181  993 2215 1815 7581 3435 5895  543 6384  767 2206 1770 4795 2680 6840 5859 7711 4013 4657 5853 6017 7342 3303 6995 1980 7493 6186 6365 5356 8831 7993 3518 3406 4814 6938
 8937 7010 1325  633 3750 7653  252  410 4547 7350 1921 1727 7400 8725 5113 2360  574 2043 5184   23 1880 3736 6144 4369 3712 2983 7923 8055 6462 4392 1846 8364 1141  159 1968 8579 6628 5874 5723 8843 7743 7142 8395 2035 5473 2449 2287 4850 7212 7301 1864 1540 5808  487 1143 1845 6809 9146 4870 5765 4115 6472 6564 7040 7201 5328 4063  813 2040 8745 1853 7018 1273 3108 3150 7291 3016 8343 4168 6679 1187 5185 7066 1589 3582 5665 5568 3763 6536 2298 3583 5593 9015  612 4497 8515
 7722 4262 3120 5900 6015  968 2314 2506 6821 1972 3797 5587 5147  859 4160 6828 9161  829  595  238 4010 3935 5806 9110 8502 6479  247 9184 1105 5936 7414 5576 5642   43 6206 8166 2251 6093 8124 6081 8405 4792 4490 2557 3195 1417 4823 5446 4376 6016 4894 3013 5972 2731 6563 7330 1984 7280 6416 3437 6940 8276 7936 3992 1603  418  160  559  603 5413  738 7365 7511 7539 2498 3852 2028  446 4679 6148 7166  408 6819 5496 1988 8112 8655 8823 1932  236 1828   60 6495 7415 8936 5495
 2017 1700 6808 8388 9022 6421 1239  145 5711 5902 8599  999 1041 3599  115 7913 4527 2893   53 8912 7494 3834 7870 5467 7460 7645 8869 3237  615 4737 4601 6452 6600 5767 9159 3102 3370 8980 8992 2213  823 4768 7541 2900 6369  895   36 4838 8339 7526 8475 5399 7962  376 8808 1801   68  645 7114 3809 6903 2918 3387  696 5349  723 5986 3246 8587 3705 8573 4021 5807 5087 2793 7989 2848 1714 1443 8640 1768 2734 1151 7877 9095 3422 2369 9059 7303  391 1311 3621 4666  753 1786 3735
 3015 5685 6036  258 7468 6649  857 2612 7265 2844 3581 7534 1052 3364 7846 8501 8630 7712 5636  253 3693 3747 1128 8375 3775 7183 7095 6511 5013 1290 5257 5783 2402 3988 3082  752  862 7296 8726 7108 4700  307 8747 7021 9057  677 4731 6669  230 5563 7552 3764 1012 6158 3978 2271   37 8661 2540 3011 1078 1487 5029 7352  444 8213 1953 8895 7306 8248 1258 1567 2423 5786 1354 5477 7286 6256 1057 7966 5912 2925 2315 3058 8927 8234 5091 7530 3115 7334  852 7140 6833 5391  500  274
 8136 2276 5168 1434 5940 1308 8993 3009 4253 5826 4029 8292 9153 2139 2656 3199  268  756  460 2267 4744 3986 6105 5259 8761  583 7663 8040 3891 8679 1687 8741  565  264 8486  242 3462 8065 1957   50 2991 8138 6485 5155 5195 7147 8697  659  825  507 4224  912 5589 7565 6194 4627 2163 8469 2391 6220 8562 4652  129 5497 3047 2418 7849 3749 2409 3210 5823 4145 9005  628 5265  344  125 8978 7096 1649 8979 5076 6366 8760 4340 2324 8859 8154 6212  131 8199 7313 7724 4753 2896 2805
 6080 6175 4128 8083 8080 9090 2224 6181 3839 7822 4513 5877 8942 4888  871  855 5597 7867 4522 3371 6767  189 8036 6915  846 5228 8311 1654  412  730 6646 5950 2357 2230 5341  925 8659 6098 3793 7435 8493  370 4701 4423 4402 4129 6798  698 5891 7246 4272 7907 3457 7135 6142  566 3225 6114   16  482 6506   96 6750  624  562 8537 4086 4241   72  426 5600 2546 3245 2830 8290 1746 1442  335 4209 6040 5336 3152 7622 5561 6024 6961 8053  100 6544 4288 4014 5071 4553 8551 6527 7882
 4597 3308 7496 8609 4117 2118 7918 8618 2583 4831 5441 1054 1835 1240 9169  151 7836 4354 6556 6892 4352 2430 7196 8535 7366 5485  632  362 7736 5551 6575 3635 5478 4867 2746 1516 5956 6444 4671 1091 3456 2180   94 4474 2854 7474 6968 2308 7830 6471  512 8042  988 2625 1256 7933  661  114 5656 6747 8603 4414 1322 4789 6610 7358 3704  535 3669 2243 6560 7031 5741 5831  755 7515 3617 1447 4119 4803 6657 4404 2697 6807 3777 8047 9009  675 8057 7457 5132 6967 5202 1335 4907  630
 8715 6064 3962 4873 5417 7260 1276 1294 1531 8410  509 5149 4953 1863  520 4038 5717 1799 3287 5096 3495 2941 3762 5188 1492 6003 6007  982 4964 3179 1563 6633 7106 8030 6191 4173 6743 7585 5214 8568 3812 6613 8790 1351 7896 7472 2772 3903 7138 4107 8039 7972 8412 6783 2943  330 6245 8191 1260 1042 6843 6251 4529 1623 6962 7553  840 3035 3930 4793 5427 4207 2543 5864  745  593  905 3640 6393 3174 5371 2780 8578 7931 4480 2715 1836 6749 8068 3838 4518  983 3726 3723 7965 2682
 2439 5229 2685 6383 6100 7838 3275 7408 1285 6534 3547 5092 5744 2412 1203 6033 1916 6539 3860 7057 2815 7191 1851 6969 9072 8091 5370 7992 7694 2966 7624 2274 6030 1992 6341 7825 5103 2094 5408  355 5876 5084 3112  384 4323 1821 3192 5173 7378 3751 1791 5405 1643 6169 2938 3785 3690 6236 3689  838 8634 2931 2816 7373 4467 1918  990 4471 5762 2252 8271 8296 8657 8923 3057 1537  510  616 3873 7604 3145 7556 5498  590 2626  567 9103 4062 5829 3485  676 4124 7444 6655 6270 7914
 3523 2272 1274 4258  969 7959 4915 6584 7926  868 8753 1232 7028 2817 6399 6443 7344 1650 2701 5482 5164 6878 5898 2458  321  995 1144 4178 2332 7425 7783 8742 5914 2435 6541 7861 6608 3919 6501 1070 4975 1047 8209  331 1248 5451 1051 9031 1106 8350 7562 3911 7200 5913 7244 6066 5058 3392  845 6050 1101 8141 2226 8538 3534 6529 7234 6943 1165 5362 1595 8809 7840 6595 6082 1397  515 5094  286 2654 6571 3172 6213 8870  313 6396 3647 4959 7127  669 3548 3249 8500  947  234 7757
 5363  283 7500 8723 4784 1513 4410 9128 4006 2144 3636 4271 7259 6224   58 8793 2598 1214 5319 5294 4575 7422 3077 7665 1803  660 4041 4593 8905  442  260 1356 2444 3055 7122 4967 6411 4538 7707 5295 3139 3822 4466 2079 3826 3093 8226 5120  605 3030   64  226 3261 6799 7661 4428 5225 5731 8952 3944  588 6054 7852  867 6156 7491  577 9127 5759 2996 7458 1213 7393 5671 8542 4368  790 4699 9147 8133 2871 3700 3032 2809 3493 7566 8099  860 7146 1085 5613 7516 8414 1514 2077 9185
 6562 4594 2203 7631 4453  438  539  936 2949 4690  261 1925 1402 8369 9099 8890 7729 1512 4192 7055 2658 1522 8000 5396  646 4495 2291 2383 3619 8769 9030 8779 1635 7215 2692 1060 1182 8932 6499 5616 3244 6078 5981 8623 2989  621 7996 4826 1328 7953 4444 8861 3995 4436 7843 3813 5047  322 8991 5069 2605 8693 1211 3460 4811 8086 4984 1298 5364 3076  524 7513 1979 6548 7429 2926 4233  158 5117 2356 6232 5515 1995 6593 6375 7404 2858 6663 4691  490 5414 5523 2759 6361 3158 7706
 7660 7583 6065 5067 8243 2892 1564 4660 9126 5192 7899 8627 6813 3157 8718  576 8208 4576 4027 1391 1931 5720 7787 7216  822 1596 8706 4685 6221 5489 1839 3570 7013  398 6776 2279 4533 3187  497 4088 8240 5403 3186 1538  228 4506 4726 3001 3086 3697 2766 4169 5701 5000 1401 4875 7866 4985 2413 8517 6320 5043 8636 3388 7328 4122 3479 3095 1870  386 3605 6945 2426 5904 2567 1352 4256 6863 3060 7267 5535 3836 5064 3074 7324 7185 1095 2905 4733 3768 4581 7049 4329 5050 5997 1278
 9145 2222 1422 7892 2009 4180 5150 4373 2176 3898 2330 2023 3470  196 7980 7847 1170 5040 7557 6216 5729 8875 4247 6179 7948 9061 5196 6801 7905 2869  694 4673 4886 7462 3594 5668 3702 1295 3512 6890 1250 7727 2522 8896 8058 5544 5911 2455 3221 2410 3531 6349 5849 4982 8378 5774 6815  170 4205 4200 5422 1458 5108 1887 3618 6272  906 3810 6248 4303 4184 7189 2894 1754 2198 4755 7471 9019 4879 5163 9029   71 5102 3234 6451 4845 3580 8305 7497 2999 4076 3231  326 2584  351  468
 2234 2011  963 2158 3577  310 7600 3598 7699  395 2476 3410 7498 3253 1671 2306 4309 1781 8803 6497 8900 8901 6559 2499  399 9026 1029 4822 5542 3513  353 5724 2120 3160 8602 5382 6259 2307 3980 1287 6073 6761 6496 9118 6139 4991  975 6738 7033 8829 1999 5191 5004 4142 4937 5395 8423 5178 1917 3269 8310 7048 7230 8902 1147 8593 5142  821 2990 1892 2372 8893 9111 4318 4587 6153 4806 4443 1490 1856 3685 4133 8845 2335 8478  766 8006 2510 2516 8740  456 5543 7591 2052 3276 1859
 6682 3867 2977 6522 7420 6085 6355 7103 4872 6993 3931 3917 5554 2614 2184 5400 2269 1832 1636 6897 8570 6759 6099 3391 2530 1220 1251 7975 5885 2856  749 8159 6592  526 2946 7375 7264 4887 2873 5768 2406 3396 8031 4781 8019 3380 6379 6832 8382  163 1255 7643  806 7411 2351 1818 2887 1573 4242 7796 5879 4277 5313 7377 6218 8445 1028 5804 3653  920 1071 5369 2007  218 5727 1761 7388 8819 2881 8948 1684 5093 2442 2380 3360 9129  428 6880 8871  345 6583  216 7129 6670 5924 3843
 7380 7125 2208 3201 2509 6306 6625 4882 4868 3584 6368   80 4735 4537 5251  219  448 2104 2489  492 5730 3796 4639 4166  556 3977 6975 8385 7977 3079 3587 3027 2569 7670 2300 4725 3092  678 1231 7159 4055 1367 3670 8906 4347 7349 2359 6745 2651 1854 5622 5565  820 7916 6857  397 2738 2845 7402 6947 4760 5347 5464  883 8014 5432 5690 7061 6352 4185  663 4663 2073 6110 3510 8607 2952 8886  998 8997 8903 7501 4668 6651 8246 1583 5841 7058 6387 8441 5500 7749 1535 2044 6404 2117
 1924 6241 9166 5176 3444 5366  287 4556   99 9188 2021 4997  275 8015 7080 2834 3056 2321 3914 2123 1551 2475 6095 1243 7297 8796 9007 4299 7906 3338 4990 3672 2932 5509 6716 1808 4570  707 1959  212 8841 5017 7630 2777 5655 1701 5761 2580  725 8067 7410 7693 3681 5005 1927 6951 4912 5325 9097  276 8157 1542  434 9210 5343 9078 6102 1386 2492 1847  673 1246 8261 1358 2648 8149 7208 3048 4401 7304 6058 2668 1911 6820 8954 6503 2116 8003 5888 4016 6542 4326 6489 4095 1949 7995
  878 6697 5158 6517 5424 1976 5449 5657 3441 1909 2760  783 7331 7708 8188 8778 8929 9215 8504 3861 6389 3375 5003 4110 7427 5344 1385 3864  285 3156 8365 2049 6419 2806 8085 6508 3771 9131 6412 4486 2217  751 6668 1705 3024 5261 8530 5553 5502 3921 6512 3798 2026 8061 4143  666 2875 1122 4235 5802 4680 6178 5380  742 3064 6616 2407 4965 6426 8178   29 3887 7345 1967 4742 3761 4669 1810 2779 9163  215 3996 7598 2385 5579 6618 2146 5015 1284  569  971 3031 2744 8317 5129 8126
 8342 3122 2997 2175 8487 1303 7574 8232 7418 6638 7828 7945 2487 2459 9172 6397  371 8524 1017 6803 1817 2537 7507 2253 8181    2 4468   56 4080 1579 4425 8170 1990 1598 8266 2677 2002 2025 6061 6235 8268 4067 8123 3113 7314 3991 4586 6243 4091 2813  568 8813 4670 6392 2366 4136 8666 5803 1593 5536 1842 6525 3272   41 8303 5357 6887 7070 5614 7050 1614 1083 8935 2886  818 4286 5337 5763 1717 5507 1166 8090 8259 2236 5434 5007 8225 8964 2061 7567  254 1236 2978 1666  458 2536