  475  204 4457 7810 7130 7643 7788 5005 6533 1747  536 4287 1597 1537 3492 8854 2986 8225 7079 3462 5503 8274 1028 6229 7844 1644  294 2912 7489 7729 4205 8141 8935 4010 6866 7134 4886 1462 4903 2447 5874 7339 1041 7544 6927 1328 6318 5212 7084 4820 2139 5013 3957 9397 9075 1480 2460 3505 3525  896 6375 1592 3238 3226 5788 1965 6818 5571 5515 6912 4672 8103 4793 3880 1319  175 5659 6004 3944 2149 7196  425 4837 8825  646 1576 6368 8573 8905 7559 3380 2549 2886 8505 2565 4325 1851
 8179 8802 3836  704 8872 2177 6880 6941 5737 5073 8294  382 9021 3611 9352 4643  617 6618  666 3750 7507 2844 3469 4202 7450 8877 7769 4141 7026  185 4961 7267 3315  610  132 7970 2657 3669 5488  915 8485 2814 6198 1264 8730 3406  934 3889  920 5117 1476 3105 7962 2679 7855 7102 7111 9042  201 1819 6265 7528 3152 1987 1849 3163 2708 8160 2239 5297 6152 5198  698 7182 7254 7789 5994 6888 6549 2608 2153  848 6131 4889 3283 3227 3297  763 4517 8705 7801 6559 8684  308 1926 1545 8371
  639 1132 5282 3439 5568 8171 4447 5002 2468  524 1749 3002 3397 5755 4990 6782 6151 8257 8357 7975 6158  335 2927 6847 9244 5181 9379  849 1966 4478 7126 8764 7465 9399  232 7424 5189 1385  917 2068 3005 3289 5043 8327 5116 5585 3317 1175 6511 7722 7495 6160  238 3496 6398 7217 7785 4259 4453 1174 3088 5917 8266 1912 3753 2212 7214 5676 1831 7799 1898 9023 7662 5793 1447 1815 1609 7938 1557 4393 2010 3680 4572 8741 4037 2244 4479 2974 6663 1170 2533 9056  856 7466 1847 9192 5877
 2168 2816 1577 4389 2828 6717 2187 6601 8264 6218  724  938 2230 3795 6363 3091 7218 3913 6825 4108 5470 7059 7246 6167 3208  559 9318  637   47 2144 2363 4821 1963 1201 6374  935 3534 7991 4000 7731 7750 4808  897 6929 5205 2662 1150 7921 7904 8606 1346 2868 3999 2663 8958  619  235 3531 6393 4451 3897 5578 7852 6441 4104 9378 6933 1672 5010 8789 6863 1515 3681 2290 5134 6471 4965 2247 5342 4638 7894 7790 5921 1311  780 3599 9006 5944 6983 5637 5719 7490 7505 4959 5689 4298 8427
 5220 3438 3198 8345 1445 3253 4704 6713 3356  453 5522 2445 7201 2366 1964 5597 6126 2190 3970 6801 8799 3055 7895 3012 5584 7708 1886 4739 6233 2831 4805 3541 4546 6939 3619 3155 7263 6868 9163 9060 2580 4748   57  363 8014 6400 6577  923 6788 4628 3621 3320 3773 3630 3866 7566 4498 1037 5981  369 4524  661 7119 5871 9279 5275 6586 5422 4516 2399 6784 6083 3983 3011 9185 5322 6803 2043 4818 5502 6712 6968 3069 9388 1189 3235 3047 7922 1088 5466 2667 1122 7027 7289 1489 8415 1359
 5236 6702 5512 6246   35  180 4975 7611 7851 9125 9284 1690 2204 1846 1601 4116 1324 6537 3516 1922 8731 8433 3577 1843 7632 3373 9390 7434 6230 4105 2459 5438 2755 2827 3344 9134 7441 7028 8762 4858   16 8501 5222 3302 2856 7311 3597  302 6477 4877 3942 8407 4357 5796 3996 1925 4992 8242 5039 2994 2297 3620 3067 8133 8916 3436 5860 8519 3427 3183 5945 4941 4690 2035 6657 4927 1742  905 1681 5752  320 6532 3004 2378 7678 8676  208 6264 2052 3078 3831 2337 6424 3748 6023 1045 8596
 7340 4288 1927 4236  179 1729 1244 4016 6684 8694  657 4082 9234 6286 9070 8920 2978 1191 3009 2560 3704  969  129 7314 1055 2400 2208  709 3309 5240 1135 6934 3642 9123 8903 1162 5087   74 6142 9209 3508 6814 4593 1382 2521 4196 4994 9200 9182 7200 6571 9045 3030 7880 9044 6864 7024 9353 4213 5408 3662 9043 2224 8775 8275 3223 1394 2132 6385 6742 2981 1436 5534 5025 3569 5349  634 7666 4970 3014 4720 6989 5784 6349 6330 3797 4348 2401 5830  112 1258  904 6970 1522 7706 6285 4253
 6985 9197  245 7168 7755 4926 1586  374 7866 8919 1269 6105  759 6241  977 3668 8066 2925   62 7288 1684 8261 8039 8739 1257 2316  412 3561 6544 8210  273 2572 4215 3187  392 6275 4610  640 6843 6467 4565  893 3041 5401  236 5170 5052 6824 5679 5303 8178 3160  420 5242 1471 2073 2236 2865 3445 7259 6535 9356 3133   64 6965 8114 3849 8101 9267 3430 7862 3485 6998 2004 5775  252 6466 7440 3090 4459 5807 5733 8848 7854 8879 8252 4892 7990 5169 2021 6774 8004 1631 2069 2180 4347 3899
 6338 8411 7032  534 9026 8558 3892 4464 6339 8541 8572  505 3990 4737 1285  648 6932 2396 1655 7189 7558 3614 6209 3254 4582 3364 7606 1321 1660 9305 3455  718 1000  133 5138 3282  440 1325 7461  226 3139 1500 9391 7436 4306 6946 8641  824 7143 7669 1110 6040 1398 5545  418  504 4240 5797 3524 8577 4147 4609 7016 1671 2137 3719 8772 6442 7309 8793 4865 6772 7350 3453 2061  573 8182 4073  395 6036 6897 5868 2975 4510 5692  228 8487 5071 5498 3200 7565 5958 3639 8891 7737 2773 6178
  170  407 1300 1249 5075 3231 8147 7989 8364  343 4634 5191 1227 1481 6220 7685  314 6392 7858 5290 4736 1974 7984 8228 8837 8124 8246 7107 7485 5462 1939  119 9048 4963 8109 1214 9295 1143 3393 2678  672 8307 4268 1139 4197 3268 1378 6916  678 2342   17   20 8276 7401  137 2319 4586 2918 8096  519 1759 4938 5262 5664 8286  339 6991 4536 5773 4403 7603 6370 2862 8698 7624 3197 5969 2832 3006 5264 9355 4362 9052 2209 8484 3672 7283 5951 5615 3725 3674 8941  178 4831 8398 8234  940
 8949  664 8060 3348 5092 8379 5942 7842 8865 2503 7636 2455 1973 2133 2057 1034 3262 5914  910  556 5249  630 2520 6447 1144 8500  186  834 3298 6253 5030 8024 5882 1887 1948 8708 3385 9009 1458 2169 9181 3746 2921 2801 9150 6136 6627 3025 7730 1466 7272 7316 8181 2513 7177  274  248 8034 7290 1307 4031 6470 8047 7633 6806 9065 3313 5971 5916 8152 2840 1571 1120 3604 9208  830 8382 6232 5190 1785 8991  114 2900 8005 8495 7551 1409 1243 1454 8223  291 7964 4400 5261 2210 8717  461
 9393 3629 4801 1197 5079 7056 4639 4931 7593 2668 4311 5040 3494 4209 8752 7912 1923 1850 7261 8696 1698 2573 2727  928  965 9062  381 5019 6750  681  675 9281  541 8081 8881 9370 3512 9033 1695 3935 6924 2110 7653 3075 7859 1513 6459 6615 7958 6378 2747 6861 3731 2488 3396 6305 5447 4668 3300 4915 7867  947 9371 5102 2906 9211 2431 6892 1253 4279 7161 1271 8503 6671 2777  160 1521 1734 4312 8385  435 3948 5421 5234 3248 2647 4071 6833  217 3701 3886 8951 3095 7332 6705 7225   58
 4791 8785 2046 1267  243  986 5943 7969 5716 5061 8550 6757 9131 3093 1231 3493 4606 6130 3943 1182 7853 4045 1920 8507 1765 4753 2957 3066 5167 3259 2289 5233 8649 1989 5224 1212 3781 2080 2174 3803 6915 5476 7898 8045 7051 1691  334 7414 1772 8814 7073 3358 2011 1160 7384 5987 9004 3977 1038 3529 6395 3329 6869 9219 6104 3875 6959 8624 8570 7715 7166 5744 6217 5014 2453 4244 7604 6453 2775   26  151 1426 7871 7778 7981  460 8194 1889 6129  909  513 5095 3513 7864 4260 5300 1117
 8636 3877 2705 8998 1255 8208  703 7409 8683 9111 8251 5844 2084 5751 4428 2944 6300 6730 5766 8589  627 7170 5681 1764 5653 4605  570 9136  858  255  817 3861  159 7796 3504 3785 6879 8126 6033 9386 2271 8551 8566 3325  828   72 5195 5694 1301 2818 6200 8514 8828 4289 4600 8435 4744 3696 8195  665 5690 3119 2534 4864 4836 1025 1624 1693 2813 1184 5865 5600 8143 7651  784 7527 7812  539 2420 1529 6693 4673 8122  161 8671 3331 8458 5345 2839 2473 3530 7375 3571  684  469 8642 4372
 1612 7484 2458  875 7118 3032 2859 4224 1127 6433  755 8321 8776 7188 9325 6954 6948 1194 3143  563  403 8437  674  892 2367 4775 3762 2060 9188 1955  593 1613 9112 2649 4598 9313 1423  331 5437 6613 8068 2690 6397 7957 6110 1401 4594 5666 3790 2038 1862 6551 8465 9063 8597  859 8476 4263 2358 3243 1871 3665 5206 6260  549 3230 1009 1014  606 6568 6908 9124 4844 5734 6201 4540 4890  805 8344 9108 9109 7865 7577 9330 8250  356 7771  899  483 1959 6219 7946 7120 4702 1444 7408 8439
  333 1019 6079 5730 6336 2380 6725  256 6475 5203 5160  958 4256 5590 1076 3528 6579 7329 8062 4154 3007 5861 2905 9047 3124 2795 4368 4982 8112 2946 9307 1507 6591 2674 3081  224 9377 6798 5533 2672 7581 6644 6982 4271 3326 6707 8689 6923  689 8870 4960 8989 7443 1510 5131 7147 1488  487 4626 6573 7358 8394 3225 7532 5902 6955 2666  939 5099 1157 2311   45 4754 2192 9002 7276 3578 6077 2743 6963 5940 8200  371 9076  997 1121 6497 3062 5806 2653 2619 6347 3086  305 6760 4759 3443
 3952 2077 7438 7752 7491 9235 4922  679 9073 1134 2963 5133 6419 3925 1712 6359 5910  237 2635 4212 2976 8569 5514 8605  767 7656 3355 3077  144  181 6113 9205 6440 7597 1792 8792 7908 9223 8082 4571 6548  803 2152 5938 5935 4343 1582  166 2087 4115 2430 4280 1740 1277 7299  436 3249 4131 2279  138 6976 5706 5612 3624 2306 5506 5357   84 4604 8150 2223 8537  213 4968  966  992 7422 2577 9061 6344 7826 4654 4264 7187 5833 1998 2616 5948 9269 8557 9096 5609 6301 6501 6733 4421 3591
 2871  572 5741 7078 8549 2960 5192 1824 7108 6967 3323  512 3938 6606 4701 4238 6896 6118 9338 5207 1680 2263 1263 2585 7937 3340 3138 2047 5362 8554  300 2935 8516 6875  973 3168 2542 9170 9271 6975  611 5272  732 6516 4573 8620 1430 7091 5058 8728 6523 5268 2595 4795 8576 1930 4637 7588 7977 6890 2810 2544 6060  349 6030 8074 7675 8822 8588  156 3475 1587 2669  891 5764 8769  131 1125 3702 8025 5724 1427 7906 1317  878 7360 9342  463 6085 7711 1482 9203 4308 1663 9252  696  279
 8986 9286  271 4432  523 6792  995 7961 6182 4301 4750 6428 5390 4281 2879 1688 7791 2945 1358 5151 3964 3775 8552 7471 1708 4184 8224 1801 5576 5802 2317  779 6408 9365 7903  527 6795 7510 4657 7932 3617 5767  233 1982 6809 8400 4943 7097  963 5425 7243 5996 1013 1299 1375  193 4043 1723 5270 3261 1611 1570 7195 9221 1281 4161 6711 2915 6094 7447 3121 7740 3648 2235 8340 4272 6740 5409 5587   31 7099 2324 3622  680 9053 6369 3633 7583 7093 3973 7398 3703 2254 5358 7506   89 9027
 6563 3064 6256 2566 8241 7612 7626 7638  301 6247 6996 3994 7211 2820 9151 1283 4379 5200 6515 2933 9332 2465 9171  781 7885 1933 3204 4024 5631 9204 3241 4984 7072 2686 7014  931  353 1733 7800 8953 6513  775  841 1306 3581 3754 9167 7983 5499 6314 5307 9122 4528  589  750 4100 7203 4646 4278 9195  922 7575 5625 2693 3471 2691  575 6066  948 2081  432  602 9289 3372 9049  218 6777 8603 8273 7820 1296  716 5896 2179 8902 2699  414 8979 4942 7838 5602  725 8651  956 1981  262 6821
 4930  207 6956 6221 6899 2135 2852 7794 2822 8931 2260 5091 5977 6106 2511 6473 7839 5260 6141 2749 4452 3846 7680 1942 4214 7223 7112 2949 5090 8287 3713 3757 7367 8444 7840 2857 2870 8578 4711 5419 1670 5129 5463 5954 7910 1976 9067 4880 4138 4140 1731 1760 4810 5988 9361 4080 5137 8733 8820 2276 6146 5932 1562   33 7101  845 3969 7000 1026 6139 2248 4098  229  636 1658 7576 1355 2428 1479 4632 5812 7712 7999 2313 2769 7500 1370 5728 5582 7704  568 3724 1363 4824 4518 4728 4551
 3684 2240 8073 8175 8324 3435 5596 3744 9354 2338 7331  748 6673 6006 4796 8681 7874 1552 7652 2351 2005 4106  869  386 5053 7843 4827 6528 2481 9222 6609 7395 1102 7516 8373 6547 7095 3278  194 6038  110 3592 6794 7672  105 3341  195 3083 7760 5538 8798 2928   56 9239 5620 5500  141 3641 1284 4764 7351  182 2194 8170 8104 2264 1839 4190 2529 3738 7483 1085 6608  874 2731 7642 2932 5524 2788 1657 9254 7630 4417 6962 3515 2634 1603 1347 2429 2499 8897 5436 5535 3700 8773 7047 8567
 3275 6165 1177 9138 7783 4176 6865 1826 6700 6697 3960 4322 1805 7697 8646 3949 8997 2275 8608 1932 1344 3816 5177 1890 4283 7807 6877 1208 6585 8743 8693 2991 4216 3854 2707 1289 5123 8093 8729  102 2321 6013  457 8315 9183 1718 6654 2391 1439 3722 2328 3567 5569 2327 3218 8231 3307 7366 9106 7065 1291 4847 6252 4056 4146 4619 3101 6629  727 1383  618 7310 2129 1739 5359 1418 2425 9069 8001 6423 5467 3191 8734 2774  352 6350 6747 2065 8347  884 5763 6407  358 9230 4896 8316 1145
 6781 3419 7338 2051 5638 9344  810 9031  177  811 2165 3682 1526 2341 1339 6043 2507 5997 6262 8245 8314 8917 5885  557 3410 2138 6469 6961 9078 1484 8613 7601  315 2768 7768 7148 8615 6092 5126 3791 7526 4867 4862 5721 3052 7041 1713 9114 9146 4484 4603 8383 3862 5810 4888 3650 8800 2805 4101 7171 2733  682 4951 3194 7923 3764 3788 6479 7537 4817 6222 3552 8682  342 2117 7860 2343 3097 6729  740 1207  581 2904   22 2874 1248 2860 3747 2659 7751 1237 7742 7394 4857  820 8196 4578
 8568 1397 8271 1813  812 2141 2238  622 1830 1574  545 8926 3333 2723 1469 4649 2937 8130 7857 4725 5813 1566 5904   15 7359 4157 4881 5682 7803 5849 6340 3916 5494 9087 7423 9253 4396 8046 8423 6935 6660  558 4492 4177  603 9389 2283 1323 7934 6224 2350 1345 7877 8362 6420 8281 6714 9238 5658 7806 3560 3179 7580 5579 2969  921 8049 4838 8499 2716 4480 1763 1061 6348  518 2934 7060 8306 2159 8419 7287 1103 6299 5057 3576 3658  707 2392 8031 5845 6188 4025  886 5453 1855  633 1856
 8523 7321 2016 2336 3366 1377 8975 8850  890 3263 9401 4868 2412 5497 7682 7524 6762 9030 3915 7413 8436 3745 1893 3922 6223 3777 7517 5202 1977 5715  359 3337 4026  510 8422 7665 2143 2496 1625 8768 5567 6172    3 4629 3917 1332 7174 4514 6093 3589 6396 5972 7585 9266 1610 8751 2643 1687 7677 4068 6786 8831 4441 8292 4648  745 6793 4875 1495 6831 8118 7501 1823 4569 8587 1195 6112 4512 9264 1384 2181 4033 1623 1142 3117 8625 5889 1903 1340 2241 5231 3838 2040 3835 2901  498 1322
 1124  258 5899 1435 8455 7747 4258 7037   46 5901 7013  885 5393 7784 3057  443 1771 4897 7190 4589 1241 2434 8279 1956 3958   79 7660  163 8295 9315 4035 7968 8923 5551 9090 8331 5443 2233 7313 7560 8553  586 2605 4430  323 4788 8913 3310 8452 3876 6703 1845 4627 8267 1943 5768 7944 2191 2095 4529 4497 3579 3281 3517 5495 6192 8076   60 2127 3869 1031 6631 2559 7474 4381 7252 1857 7468 4092 9084 4807 2951  900 6519 2385 6752 7772 4684 4730 3211 9144 1822 3601  199 1493 7690 8446
 6972 6319 8490 4674 6439 6310 2842 8199 2274 1310  187 3102 5038 7361 7462 7719 4333 6184 7478 2372 8757 3153 6625 5140 1900 5239 7692   44   42 4849 4267 1960 7954 4319 6873 9041 3893 7181 1090 5586 6078 6379 7870 8215 8846 3363 5350  855 3926 5028 1668 1044 2345 2626 1463 8851 3802 4391   10 3203  776  306 4916 3558 2637 4099 4332 7765 6335  242 4097 4160 5440 1129 7836 4475 1119  542 6089 4773 7814 8311 2171 7953 1361 5385 5616 6278 2064 6662 8201 7193 1993 9317 7389 2620 5448
 2114 3314 1635 5403 8748 7512 3486 2683 9406 7115 3770 7209 5601 4060 4128 3741  164 3980 8188 3015 4465 2546 2728  278 7233 2785 8220 6893 7479 8460 1487  402 4568 7291 9097 5555 1051 2841 8662 3111 2548 4925 8845 6502 6205 3593 2853 6458 1180   90 3736 1374 5121 6666 5217 8528 3328 5273  267 4952 1724 2196 4985  219 9172    9 3543 6328 5510 7648 4050 1692  220 6189 8098 1109  104  413 9273 5541 5707 8402 7553 8020 3613 8146 7105 6539 6969 5491 6723 3670 6180 7353 1877 3930 2999
 3660 5354 7025 7775 6157 8838  327 8908 9366 7759 4002 3840 5727  251 1128 5580 1434 5591 5145 2037 8508  517 8075 6848 5348 3878 7048 2382  477 4723 8408 8546 5455  691 5521 1153 6580 3312 1921  451 5382 7599 2848 4415 1104 8556 6012 6855 4262 4095 9245 1904 8236 3794 6211 8670 3520 1351 7343  778 8784 8725 2007  762 2656 3982 2867 8305 3565 9298 6056  792 8977   87 8759 7430 3106 1722 6168 4823 1235   43  916 2085 6800 7064 3019 4012 2419 2397 3113 4766 5241 1737 5492 6117 9132
 7066 6058 5546 9127 6427  284 5929 3444 3182 3814 6465 7141 7241 6610 5772 4694 1386 8119 5731 3206 3103 2160 4906 7133 9120 8438 4297 4874  596 7595 7625 5104  789 3721 2162 8337 3708 8259 3288 7647 5044 4933 1236 8332 3759 2738 2009 2625 6248 4345  289 2155 4830 9335 4972 7878 7342 4315 2485 2603 8677 7075 6827 7445 1292 3076 1149 5221 4656 8512  491  615 7297 2312 1273 7879 7139  506  426 2071 5285 2033 2713 8819 4662 8531 4063 4487 8367  117 7523 4369 1632  793 3201 3863 4411
  250 5292 2834  979 1210 2486 4011 2655 2665 1637 2524 1008 4055 8481 7661  860   69 2173 9154 6255 4854 3109 1917 2861 3308 6753 6343 7425 1594  566 2895 2688 2527 5852  651 2611 1865 7292 7033 4724 3533 3826 6830 3499 8934 2270 6355 8086 7237 6722 2855 8396  692 6558 4734 3411 2567 7695 8176 8363 6871 5398 4620  753 7733 7083 4326 8470 3056 2354 3789 3647 4335 8365 9277 7767 7538 9115 5537 6401 5799 5957 6101  743 4781 4971 3477 4249 6611 5808 9283 7250 8987 6583  998 2968 1518
 2211 7915 6867 8885  902 8674 2715 3537 2202 7919 4365 3779 3379 5657 7718 4076 6878 9077  118 2698 2883 7887  311 7815 4406 2833 5517 6741 3971 6269 8600 1504 7199 7979  388 4846 5511 4269 1938 7631 8801 1659 6758 1327 7995 1464 3965 8180 3793  509 4159 7589 8526 1039 4946  120 4955 3237  125 2098 2024 5353 7542 7935 1027 6665 1506 5250 5947 8346 3749 4904 4918 6776 3806 4966 3575 4523 5785 5367 1580 6027 6128 3903 1969  531 6193 2815  821 5912 9010 3723 4828 6009 8948 3780 4929
 2436 5818 3424 2687 1689 8781 6773 9024 6931  406 3498 4354 7354 7709 1548 8805 5434 1242 5047 7452 6037 2873 4815 5339 1287 1411 8783 8720 8859  941 6296 8978 4155 7052 2983 6834 1350 2630 5509 6237 2877 9261 4652 4588 8521 5858 4538 4653  227 5108 8125 6041 3428 2714 1556 4126 9407  514 5739 2545 8413 2022 4850 2096  390 1005 2582 1222 9248 6073 6677 8008 2989  365 4871 3162 5271 7284 3656 4583 4291 1783 8416 1116 7825 5487 5647 2778 3546 6838 1970 4835 4273 4777 3158 8270  629
 4645 6144 7236 3550 3125 2020 1567 6277 4446 9168 5310 9258 7040 5709 7213 7982 1711 7110 8254 6005 5461 6496 1077 8703 6236 4650 1097 5125 3933 4057 5360 2866 1716 3246 3856 3815 4183 7235 9251 4617 2416 9312 2751 7127 8562 5317 3232 2993 6394 1527 3768 4434 9059 5451 2622 4295 6802 2800 3085 2821 8326 1449  485 5937   94 6521 2471 6372 2469 3303 2639 5402 4395 5396 2737 3956 2961 4932 7567 5139 3844 4386 2811 6186 4873 5726  924 2164 6327 3068 4976 2628 1802 8035 5872 3039 5655
 2638 9074  632 6614 7092 4017 6076 4304 4664 4066 7689 6460 5967  473 9116 7703 2494 5227 6119 2086 1472 8011 5254 7804 2432  276 4635 5237 5391 5026 2394 6905 5324 8454 8873 1565 9186 7325 5288  625 7420 7744 1649 6512 8892 4688 1873 5077 4346 8328 3384 3114 2929 4102 8637 1494 5344 1664 5223 5928  628 4685 6324 8040   12 1178 2346 1755 1408 3879 4651 6487  396 6554 1519 1391 8272 8543 6882 2523  462 5372 9382 9207 5454 8457 5405 3595 2217 5158  312 9139 2750 4093 1113 3010 1450
 8909 5187 3266 8052 6271 3523 1362 4392 1678 3975 1547 8056 2417  571 4353 2538 7125 9017 4834  800 1006 5530 8409 5540 8629  446 1781 9128 1496  676 5388 7232 7418 4114 7481 4360 9218 4385  377 1766  786  825 2602 1575 2059 4004 9240 5667 2103 7694 1744 1957 7543 8895 7397 4473 8348 2740  719 7705  827 6483 3570 3089 4825 6108 1789 8824 5009 4800 1403 6655 9237 9260  754 5761 7741  770 6028 5136 6003  372 6268 2516 8298 1669 3644 9408 8898 3518 1953 6858 3966 1042 9385 5257 8932
 2948 5626 7987 1743 5459 2472 7179 8996 7319 7005 7029 9058 4265 2998 5417 7015 4251  241 7889 5923 3174 5394  135 3352 1531 8727 9387 6095 7419 9046 6323 7773 7646 5049 3574 5378  410 5230 4784 7144 5564 5316 8522  816 2089 5884  840 2318 3016  417 4225  814 1272 3900 7469 7247 2339 1958 4208 4243 3636  683 6294 7884 5878 9032 9028 7320 3769 8243 3683 2125 3813 6658 2712 7152 3216  747 3997 1968 9368  434 3070   21  765 8747 3413 5618 1975 6067 3888 8767 7145 1079 5513   18 1811
 3905 2645 7323 2234 4695 1318   98 1563 7629 2448 1604 1016 4489  206 6052 5693 3968 5853  701  752 4468 4798 8187 8502 9148 3425 7308 5001 9396  667 2119 7388 2409  482 1137 2732  203 1138 6062 1854 8183 8262 7863 1091 1581 2950 3071 5633 8632 5027 8144 7285   97 1901 3458 5056 8244 8947 3431 7963 7770 8666 7985 8278 6839 1821 4246 2930 5173 5982 7063 4591 6529 4776  687 1259 3649 5255 1578 6068 5622 7876 4199 6746 2791  946 7046 4136 6116 3979 1501 9155 7655 6145 9403 9405 5084
 2798  989 2761 8797 8334 8707 9220 6270  583 5110 7054 5259 3714 7281 4973 4567  121 1622 3140  609 4341 3186 3021 3850  562 7080 1881 9050 8779 3291 2105 7341 4133    2 1867 6978 1884 1164 2506 8343 6086 1064 5986 7684 7914 6254 8102 4003 4679  882 8472 6649 1369 5791 5245 7446 7596   24 9364 8818 8702 5229 6155 7893 9034 2568 1388 1674 1161 4687  423   54 4879 7717 3845 3258 6107 1130 1247 1991 9337 7570 6789 3720 4585 1541 7614 2552  835 2357  474 8237 6011 8376 4086 8726 7732
 6047 5557 1410 3842 8158 6057 1879 2633 8590 6207 6450 6386 3901 5485 2457  383 1112 9402 8583 4048  283 4384 7216 7971 8377 1633 7494 1972  145 8492 6341 5055 2410 8205 5304 3976 7827 4237 5936 7781 7959 7117 6647 2449 3202 1192 2148 2222 8391 6387 1179 4782 8706 1456   25 3386 3734  422 2812 3199 8358 7609 3710 8213 1876 4526 5705 5780 6276 4137 7492 3539 7116 1863 6675 8984  870 7302 5041 2512 1203  222 3148 6478 3460 5070 4494 3995 5781 6709 3751  641 4683 9311 6380 1062 1372
 7373  839 5621 8647 7641 8581 5604 2413 4785 7035 6886  454  914 5561  731 5883 2829 4049 2660 1799 6593  819   52 3164 5819 2684 6120 7608 2018 7137 4460 2941 3461 4371 6844 2997 5536 4680  607 2760 5493 2477 3074 9249 6826 8539  240 2902 1538 8771  913 8258 1516 7106 7951 9341 2220 7470 4872  967 3902 3786  757 5115 4779 1390 4819 5668 6361 4328 7809 3594  638 3126 8450 6704 1838 7986 1475 8790 5277 2083 3465 8065 4715 6138 2176 7004    5 6856 8592 7378 6206 7326 8390 4277 6418
 7728 6208 3584 3940 6331 7368 6127  788 1172 6210 6082 2640 1677 8044 3324 4549 5364 4206 2835 8461 2823 2039 6239  429  688 6575 1895 1048 1163  486 4855 8159  908 9156   66 5213 3327 9297 8296 8430 8361 2518 7888 1868 7172 7100 7286 3037 1262 5864 7109   11 6820 2725 7745 2287 1520 6227 4175 4485 2079 5783 4826  515 8586 4511 5632 2555 8804 7649 3299 7748 3024 3130 2145 1883 8669 6898 6284 8238 9180  216 2903 8269 6581 1709 7477 7841 1986 2623 2537 2201 6280 6486 3159 7303 4186
 2953 7602 6100 2990 4920 2771 5479 5050 1786 5649  658 1483 7850 7030 2940 2088  669 3705  340 3711 8322 5021 8504 7933  974 5704 1835 8137 3782 6096 6852 9175 3852  708 7881 2464 3664 5182 5477 7385  375 2379 5770 9255 6778    6 8833 6561  993 6736 2592 3661 1431 6633 3051 8513 8611   34  502 6413 8946 5215 4525 4038 1793 7096 2624 2006 3361 2689 7886  494 8763 7668 6883  685 1497 3981 5643 6656 3378 7674 7613  230 9229 7266 1727 5614 1460 1907 6576 8229 5776 8016 2402 6731 6259
 8921 4467 4378  268   73 1365 9201 5109 2599 7333 3034  367 1326 1732  621 5094 4813 7456 5472 6438 1274 6320 3370 1896 3295 5975 3061 7511 7927 8524 6738 1572 7061 8900 5507  919 6176  552 1934  831 6628 2347 3123 2541 1810 5232 6051 1606 2310 1842 8420 8302 9113 7931 3555 5024 6191  673 7628 5855 3974 3929 3171 3707 7833 8043 7845 7387 5892 2794 8544 3321 5550 5312 7701 9091 7278 2258 5542 4907 4059 8083 5171 8992 3350 6214 4488 1373 1280  926 6957 2589 1349  872 7191 8226 5594
 8716 5450 4286 1023 7909 2539 2151 1416 7514 5581  932 2765 6317 2783 3190 5789 4630 2504 3149 4570 2851 5395  244 8441 5265 8904 4044 7610  733 3839 6775   41   14 6849 8091 6600 4576 1202 2704  444 5258 5959 8167 1200 5389 7916 2661 9285 6960 9280 7535 6987 4697 5490 4804 7085 6055 7453 4633  982 8860 5531 2876 7822  275 8157 7882 8518 2830 2031 8263 6988 2996 5562 5081 2924  468 3207 1063 4203 2437  591 2355 8959 5062 5331 5786  307 3137 3800 7306 2163 6495 4449 7786 8491  761
 3195 3035 3634 1628 4359 5661 6026 6345 4616 4456 1892 2221 2403 6432 8417  983 7001 1564   51 7244 4166  813 3549 2515 8412 1617  210  851 5613  626 6804 8211 2729 4769 5574  592 4309 8070 7086 8756 3233 7381 3778 2198 5750 2195 8079 8355 6958 4761 6080  807 6594 1246 3175 2919 4789 7925 6174 4692 6816 8675 5900 9263 1266 2076  952 6720 6756 7698 4433 6590 3176 1509  441 5762 8631 1605 3507 2916 9012 6245 7808 7429 3572 6854 5999 9224 1995 2251 2763 2759 2748 7555 7390 5309 9256
 8809 9294 8580 1470  116 1568 5082 3219  409 6680  430 9241 4714 2790 1902 7070 1940 2648 7386 1250 5228 7155 1726 3048 3128 8249 3941 9339 3858   32 4204 3923 5953 3354 5150 1808 7738 1190 5803 8088  370  416 7176 1710 8555 7090 4953 8988 3985 6634 7911 2837 4713 7569 5308 3256 7204 8186 2942 8405 8203 3796 4083 7757 7634 5983 5973 6639 7372 2012 9051 6845 1467 1800 9099 2651 5439 1451 4755 1084 4284 5589 2849  528 6645 6212  192  328 1679 7988 8442 4047 8479  197  198 2388 7525
 4380  148 2505 4816  439 2361 2424 5993 5966  594  324 9320 8875 3033 4435 8796 9179 6510 8712 5651 6503  873 4096  705 9100  614 8085 6240 7956 4560 8723 4448  741  579 7185 6952 8127 5897 8655 1040 2044 5749 9153 5278 5015  574  445  397 2126 6065 3305 9243 9000 4274 6070 9358 6366 6612 6292  980 1205 5168 4718 1874 1457 1573 3519 1621 1738 4153 7230 3535 2936 9187 6903 7620 4399 1790 5387 5712 7224 2910 6971 7336   88 5870 5765 8032 1070 3691 7347 6451   91 1046 8695 4579 3608
 1530 5067 6642 2980 5141 3631 7153  954 2508 2188  142 1919 9166 6287 2256 7966 9213 8012 5691 7448 4954 9173 2415 8962 1329 8468 4519 3330 2257 4490 4752 6373 2817  321 3157 8166 4030 3685 7454 6943 5246 3870 3583 8841 1699 5174 4587 4382  723 8403 7835 4812 8129  394 1807 5452 5406 7586  929 2535 4948 2962 7573 1159 9161 7315 8108 4923 4337  838 5824  806 5718 5717 7578 7617 7149 2197 4255 9103 5701 5105 4644  901 6463 3692 8120 1967 1994 7541 6153 1559  671 1694 1682 2146 4182
 7676 1944  546 4863 6790 7404 4344 9081 2305  804 7406  554 4358 6810 3222 5065 6796 6920 1629 8304 3180 8466 3712  601 3391 3185 5423 4293 4771  801 7330 1534 5645 7317 1988 1156 2854 7972 2332 3951 1265 8106 2261 5841 2288 4119 6885 4996 1136 9080 7721 6766 3432 3403 2450 6701  796 5919 4276 9145 6228 5287 2315 8030 9327 5143 4641 5311 6589 7435  961 5918 5710 4142 5341 5805 3991 5505 1107 8168 5575 3808 3500 5118 2681 3426 3399 2973 1065 6759 4077 5080 9324 7253 6406 1780 3898
 4832 6293 4110 7403 5132  686 5412 6565 8003 6480 1778 9140 8901 5687  488 7714 2255 1069 2782 1238 8745 7892 2584 9349 7460 8718 8936 6114 3407 5825 2952 7779 1230 1648 1440 1057  580 5836 6137  399 5968  694 8072 4450 1591  415 3743 4376 1302 3907 6404  464 6234 5573 6605 8185  854  231 9040 8791 5036 5927 4330 5607 2569 3115 3825 2122 8634 8638 2724 7513 8019 1405 5386 4405 8212 6640 1270   76 3402 5630 2348 1297 6333 8627 6607 4999 8063 8645 1058 6492  970 8151 1007 1662 4686
 2709 5251 2111 1218 3557 3763  503 4210  465 3752 9117 3818  261 6190 5588 6045 1220 6250 6620 8536 2700 8478 9169  777 4595 2864  647 9141 4129 9301 3371 8080 2742 3319 3316 2013 6980 1908 8232 6619 7416 6520 2564 5794 2307 1312 9216 2850 1429 3491 4462  972 5898 8280  126 7818  493 7264 2890 5879 2720 6699 8027 6054 6156 1588 9137 2245 9290 1517 4329 6472 6851 1105  123 5435 8368 8113 6745 5962 9250 6617 3389 9055 4171 1796 9068 7557 4058 9089 4599 1728 3774 2498 2917  895 2442
  894 4477 8896 1376 8806 2280 2612 8672 1381 1673 6744 7019 8970 8755 8042 3687 8335 8297  466 7811 6719 3134 2444 5743 4170 7008 5296 2112 2825 8431  612 8778 2456 9064 6249 6986  868 7258 6638 4689 1443 7797   81 3045 8816 2762 6995 8359 1309 9348 9149 1211 5593 8529 4394  644 1335 2487 7700 1141 4957 4840  576 5814 3401 1075 5006 6797 1872 4027 4710 6859 7950 8050  955 6307 4622 3416  985 1357 5949 8155 4623 2694 2463 6431 1465 2676  798 9376 5822  535 2556 1485 9276 3166 2528
 1827 4939 6308 4614 1096 6097 5702 2008 4899 6506 8284 7834 3376 8217 2845 4361 8678 3864 9381  642 8910  280 6689 8464 7993 9372 8162 6754  188 3073 2726 4799 3099 3244  355 6014 2109  521 2888 2964 1600 4181 7370 4172 1276 6836 7976 5286 3699 5639 3220 6435 3522 9005 7645 1860 6595 7549 5397  616   40 2104 8498 1001 5559  551 1962 5432 6940 6664 1736 5518 5790 6578 1422 8399 3728 1099 3792 4949 8477 4956   75 7062 4534 4682 6415 4917 9287 4191 4040 3618 2614 4455 7702 3931 3706
 7848 6727 6203 2078 3936  643 4735 5004 3472 4042 5656 8131  366 1514 2522 3383 4940 4419 2923 8760  773 5528 5736 5558 3566 8863 7907 6622 5114 1217 2362 3306  479 1834  809 4019 7207 2804 4062 2967 1151 4981 1308 3374 4552 8310 8685 8214 1490 4085 1894 6694 4738 5795 3422 7832 4069 7502 8009 6990 5218 8239 1303  304 1544 2314 8711 2330 1474 4900 6926 5700 7819 9225 2284 2594 7260 9118  984 7405 2493 7574 7531 7607 9178 7497  115 6648  850 9409 2551 1935 1848 5161 8542 2789 7875
 1010 4562   96 5335 6002 9268 8700 2779  158 6351 8107 5248 2423  863 4531 4135 7038  431 5675 2411 7076 7442 6556 5064 6668 4706 2340 7637 7917 3812 7165 7006 9275 3807 8899 4233 5294 4112 5243 2995 3451 2207 3834 8876 6125 1268 6706  597 2632  263 1216 3251 3798 5835 1788 1615 7318 1168 6661  246 3468 5496 2475 5103 6298 3657 5336 2893 5891 3060 8630 9319 4564  113 8473  699 7198 7928 5483  942 6769 8643 2285 1730 3742 4669 2199 7621 5097 8985 5671 5208 8999 3638 7658 3400 1820
 3688 8834 8064 6716 3727 6543  111 6945 3110 6185 7328 4483 8780  400 2296 3349 8095 5376 4763 8659 5481 8325 6942 5757 5623 6434 3092 8660  225 2055 6698 7428 3596  332 7023 2377 2808 8810 5754 2615 5672  171 2376 2229 5313 4895 2303 9233 8139 5410 7444 1204 5867 6545 1647 5225 1341 4543 3918 6352 4005 4296 7057 1945 1315 3118 5563 1425 7363 4230 4887 2467 3145  620 6489 6032 2540  881 5887 8585 8650 1336  325 3873 5016 8654 6258 2579 2889 1293 8350 2701 8493 3783 7992 4944   85
  565 5753 3065 8078 3843 3819 3582 4974  990 7131 1198 4703 8956 9007 8944 5274  368 2386 1645 1330 7068 9212 5165 6312 2130 6542 2514 2947 5798 8401 8635 5745 3822 6414  600 8511 7374 6464 4352 3830 4722 3695 7088 4909 5449 7226  949 2717 6808 6199  540 4905   86 2706 6685 2277 7334 7487 2943 8966 6681 8994 1853  700 2753 5484 3697 3441 2452 4527  357 1619 6860 7472 6669 1642 3805  957 8105 3236 1073 2286 2692 8668 9231 6063 1407 5289 5985  495 6001 6202 6290 5905 9082 1294 5980
 1295 9340 2500 2730 3598 5235 9384 5155 8288 9121 8981 6169 5184 4760 7554 2885 3433 8911 6194 7407 3390 1049  492 7021 7121 6288 4618 6429 2418 4481 3590  749 7509 2954 9373 6582 5111 1395 3100  134 1626 1419 2543 5663 8028 7654 1859 5149 1290 8952 4336 7873 8918 1616 7476 3063 3553 8154 6944 6624  604 4515 5098 7710 8389 7034 8843 3585 4745 5456 5214  790 6737 7087 4615  212 1508 4977 2323 4078 4064 8055  165 3927 1286  635 5424 4699  153 1169 4767  316 4659 1092 4856 8369 4561
 9029 6175 2225 5516  883 9369 2911  496 1803 4429 7696 7411 3318 5837 6947 4772 7686 5869 5147 3177  338 6749 1828 1053  726 2293 6724 8754 1239 1320 3963 4841 8699 7997 1618 2613 8299 8386 4310 1928 7426 6362 7238 6522 3212 4811 2335 4318 9265 5365 6018 2273 5838 6981  122 7849 5003 7248 2029 2329 2531 5291 7391 3643 6046 7042 8617 5560 4065 5547 6761 2218 2658 5970  526 1931 1035 2914 8614 4640 7301  772 8520 6039 9333 6485 1133 4676 3456  152  448 5673 2300 7240  176 6567 6196
 6444 1433 8318   67 1533 4211 3167  662  391 4783 6531 7018 5023 7300 2309  329 4189 3452 7017 1683 6147 6309 7219 6170 8924 8766 6360 7173 7307 3082 6767  608 7421 3837 8418 9394 1413 6161 3454   36 5379 8612 1812 7756 3784 4185 1706 4193 7901 5520 3527 4597 8530  211 6445 3293 5238 7344 7939 4705 4786 3338 9037 1081 5368 2675 5961 5445 6289 3654  668 4774  925 2082 5204 8715 3245  348 6653 4139 3442 6454 5646 5415 8172   59 4667 8525 2253 1071 2746 5552 5418 4245 8545 1630 4655
 2249 3987 2664 8190 2398 1094 2269   53 8836  843 6150 4998 8010 1033 6044 8366 4317 5210 1589  764 8604 4149 8277 6358 5565 7269 7562 1196 2242 4765 4726 7280 8639 4257 5934 2364 7262 6000 4423 1278 8447 3832 8380 3556 5960 4247 8993 7498 7720 9300 5315 3156 8871 2621 2988 2454   68 6088 2185 1593 2992 4444  659 2215 4876 4163 7194 3827 6173 6891 5549 1078 9194  143 5166 2702 6084 3544 4958 1696  555 1147 7365  605 1455 4601 2000 8153 7515 8658 5113 3423 4398 7926 3098 8922 7417
 1417 4081 4611 3947 5489 2670 5829  953 6999 2652 3521 7270 3417 8667 6636 6123 5211 3280 6572  266  293 2027 7883 7039 2374 1140 3437 9001 2721 2972 1984 4438 9126 7766  214 2186 8121 7335 2491 8830 3087 4410 1337 8021 2931 6518 7135 6411  497 5045 3377  189  936 5330 6154 1114 3628 9308 8216 7782  470 6383 8145 1719 8148 7150 2757 6552 5175 8351 7142 8515 1389 9293 5059 8268 7734 8938  380 8313 1752 1298 1441 7579  336 7356 2101 3919 5979 5486 3482 8097 4797  815 2641 4226 2784
 5800 4021 4677 8058 3693 3001 6346 8982 8803  867 7221  950  157 4397 2644 1914 2292 1288 6616 3257 7449 8812 6283 3847 3489 1338 1473 9374 5427 7960 6457 8218 9375 2266 7753 1360 7003   48 2301 4364 8410 5475 6090  739 2558 2525 8807  184  877 1915 2259 2268 5413 6765 8336 7522 7823 3339 9015  297  272   65 5152 3564 2375 3896 1634 6678 2365 9198 4902 6823 8421 3675 4822 8746 4768 7312  714 4187 3414 6597 3022 8370 6231 1052 6412 2483 5842 7830 6204 1620 6596 6938 7793 1837 4377
 7787 1906 1653 9189 3640 8591 7175 6599 2349 5148 9202  351 2123 3017 7518 8599 2304 9147 3645 8319  205 2476 4221 8329 3147 2965 4090 1961 6603    4 1353 9334 8774 5816 1225 5267 8713  480 6949 7382 8842 3637 5156 2878  350 1101 8341 6604 2703 3945 2344 3049 6402 3229 5976 5186 2189 2956 2359 6785 5660 7973  907 1213  511 8509 4252 6474 6421 5176 4067 7735 3112 2115 3872 1402 6930 8855 8342 1756 3480 1701 7673   78   70 7846 7114 5843 4339 6887 7980 7868 2787 2913 6022 4860 2054
 5374 9329 2440 2250 2631 6564 3269 1735 8758 7891  472 5554 1779 7837  398 4613 2058 9292  577 5811 1675 5553 7482 5998 4596  140 8265 4924 3884 1825 7010 6422  693 8598 4624 2770 1342 5301 6071 9133 8022 4254 6357 4087 6574 1173 3135 7399 8317 6728 4324  702 1223 2792 6884  587 6748 4387 7274 6812 5847 1875  529 8169 3740 4416 2147  481 9306 5216  766 4500 2646 6546 9016 4912 6755 5952 2984  613 4983 7824 3127 8878 8018 3921 2627 8404 1158 6242 5543 6132 4853 2066 3038 9072 1366
 6029 4461 4235 3213 8533 4833  653 1553 8906 9014 3079  964 9242  337 3292 4803  449 5122 7829 8289 3823 4388 6159 7206 7671 1652 2480 2899 1784  976 5965  259 8360 3165 1909 1446 6966 7322 7044 4541 8890 5624 9086 5854 1775 2872   13 6303 7798  578 7437 4022  296 3924 2074 4089 7503  585 9331  756 6805 5933 4698 4242 5172 3767 4178 5076 9274 8721 2092 8202 1542 8628 8429 7242 3335 2920 4007 3464 2758 3514 8506 2587 8260 8884 3671 3094 9003  971 1806  455 7380 4550  127 5964 7467
 7499 8794 4746 3234  247 3651 7897 3342 3776 8077 6768 9152 7847 3450 7936 6936 2406 6087 8372 2497 5428 2939 5926 7257 5907 6384 1387 3387  346 5756 4647 1700 4621 8354 1864 7215 6416 9165 8972  962 9309 8927 4239 7132  361 8443  384 4493 8428 6461 5201 2036 1949 3559 7627  598 2858 2237 4741 1583 1126 4143 1004 2025 2824 3758 4117 3481 2441 3881 9020 3735 6481 1392 4962 8889 2881 7002 9270 7540 5135 2205  852 1999 1880 7345 2356 5519 8561 1166 7831 2426 3894 8925  746  516 3144
 1816 6311 3036 1595 8084 3058 9310  100 9259 8486 7128 5279  200 4537 4554 1885 3853 8817 3551 2170 4997  290 9092 1686 8071 3962  239 3950 6302 9025 5046  154 8253 6587 4778 7561 4934  735 1459 2673 6917 7393 3116 6059  690 2846 5688 2806 4584 1607  427 8559 8691 8811 7605 2128 9206 8692 8387 8849  520 7055 5384 9383 3984 1188 2495  695 1400  253 5120 6688 4314 2802 1829 4340 1703 6329 1093 8874 1428  660 2597 2216 3408 2722 8880 6822 4884 7508 5399 3346 8007 7861 8285 4250 6779
  795 8974 6417 8535 2439 5787 1841 5318 6099 7504 1746 1499 7304 6235 1356 9057 7067 4463 4414 4412 6251 5269 5876 1861 3811 6295 3279 1640 6895  191 3756 4749 8933 2718  823 8540 2175 5747 2882 6907 1029 4712 6337 1858 4716 3351 3841  876 8724 6064 4351 2042 6674   55 6524 7294 3018 1453 2754 5771 3367 2422 4928  768 3612 8945 2193 1751 8456 8882 6326 6555 2265 2026 7902 3108 1947 8607 1364 2003  124 9296 3871 5283 6953 5035 8737 3545 6708 8626 8749 3322 5193 3353 6902 5732 6225
 8184 7412 3284 5252 5686 1685 5955 8069 1641 3023 2389 2636 7529 9054 8165 2819  269 4217 1155 1206 8051 7402 6566  550 1228 8393 7967 5527 8664 9143 6739 2019 5446  478 8206 5000 3909 4935 4036 8283 8701 7049 4751 8652 4502 1705 5804 5060 4969   93 3368 4437 4814 4842 2383 8041 8469 2470 5915 8000 8255 1551 1916 5037 8300 5523 3467 1024 7337 3609  168 5881 2161 3602 1176 7496 8381 8384 7905 3737  467  697  544 9158 2267 7691 4125 1980 9363  234 4670 1098 4282 1745  277 6316  364
 4180 8174 1106 7163 1996 7899 3526 5256 8744 2970 1148 6213   37 4349 5674 3429 2320 2282 5817 5017 6325 6667 5276 2226 1380 4029 4222 1569 7761 2150 2272 3509 2278 6103 8888 1602 2907 6353 2048 5371  547 7050 6832 1983 3264 3911 4302 5722 7371  975 7568 3810 4120 4866 4663 6901 9336 7431 5922 8006  944 3189 9236 9343  215 8459 3096 5178 3053 4504  378  866 9326 8983 6721 2739 8290 4911 2183 4013 7762 4039 4248 3946 7664 8395  822 2045 9164 9282 4009 5083 5433 4350 4168 1546 3986
 8633 3196 7948 8061 5696 6443 4859 5683 1503 4496 1627 6426 7138 4501  560 1305 6263 2227 1478 2093 4023 5925 1584 9162 7475 8661  888 1590 3890 2231 7122 3122  930 1314 1978 7725 5031 2302 4559 4331 5873 4506 7159 7727 2586  282 6791 3906 1882 2395 6950 5740 4921 6121 1036  758 2200  447 7687  450 7362 2474 3799 8132 2461 8761 3804 4219 5963 1702 4631 2028 8808 7594 8770  960 9011 8594 8595 5033 6342 3772 4363 3131 1725  853 8815 7140 8323 4787 5042 6514 4908 6870 7157 8247 2299
 5185 2120 5069  421 6928 6140 5991 2601 1643 3240 4148 5281 4167 2041 6010 4581 6787 4602  103 5124 3181 2887 7234 8048 2550 6979 5346 6315 8353 6872 1535 4220 9036 6550 6672 9367 1650 4747 1396  147 2063 3677 1505 4466 1074 1234 9404 3532 1539 5020 4743 4001 4179 5828 1878 9398  978 1777 5823 3470 8282 6921 8813 2158 6482  292 8087 6530 5886 5758 6143 2462 5293 8140 7346 9085 2793 4590 6553 2113 6072 2536 3457 1832 1415 4566 5650 8609 6215 4642  865 3632 7929 9191 1910 4425 8856
 7249 3488 5748 8440 1108 2142 8036 4843 4227 1528 4780 5636 8912 4696 3026 5119 8719 4052 5627 6569 9088 7011 3447 9129 7053  438 4469 2570 5831 4370 8656   23   80 3178 2326 8582 5848 6267 5361 3718 5400 4894 1870 1795 2938 4758 9227 6163 8829 4144 8489 6977  656 3874  991 7451 8980 5334 4426 7058 3717 6994 6025 4470 5465 5012   95 2484 3476  183  167 7582 5101 2892 1992  595 1492 8142 7069 8309 5089 6602  149 2094 1549 7167  285 4580 7352 3904 5112 1256 1656 3510 8017 6367 4790
 5473 7657 8100 5678 5199 3421 5906 6476 2106 4207  139 3606 4530 7271 8847 8565 4913   99  927 8123 9199 2618 6507 3080 1131 5648 8425 3655 7202 8964 7913  508 4995 8198 3360 2609 1511 3554 4988 3296 1844 7136 8136 6183 8494 7821 2252  442  281 6053 4070 3988 8308 1809 8173 3615 9322 6910 1888 2617 8840 8665 6734  713 4123  309  532 3887 6024 2629 4127 1550 5420 5326 4878 9130 3511 1181 7192 4174 2955 9184 6850 2023 5827 5381 4338 5652 5880 8352  310 1183  988 2421 2502 1448 4200
 4088 5832 7998 4422 6238 5163 2369  347  880 5670 7273 4355 8330 1558 3610 4373 1030   83 9395 8616 4145 2490 4883 6490 7749 2563 2408 8795  322 8451 2562 1404  553  710 3817 5144 3690 5295 6365 1936 1954 5100  424  299 6389 5468 2002 7376 7383 7123 4809 5284  108 1596  624 4967 3369 8861 6876 8510 6641 3448 3882 2554 3732 3573 8787 6517  959 5159 1840 6035  769  507 8547 3698 7644  437 8968 8037 4919 8426  837 2371 8894 1924 7180 4756 7667 7156 5460 7463 8338 8475 9013 2826 9022
  373 3709 3440 2786 3686 6509 4978 3027 2482 1491 5729 7600   28 8312 9314  912 5888 3959 7920 6715 7158 4103 8349 5566  738 1753 7275 5619 4107 1866 1951 5875 3912 5179 7007 6425 7012 6133 6491 5471 3286 5093 3857 8852 5063 9135 1368 1946 7564 4061 7552 8644 1741 8233 5086 1111 1333 5611  584 3205 2099 2228 2405 4407 8839 8320 2322 7746  419  826 2517 9303  663 7458 8221 4320 5713 5995 2334 7208 6377 6540 8887 9071 2291  911 1971 3381  631 6430 7618 3562 6122 2578 4509  590 7400
 1523 2977 4499 2884 1636 2451  313  221 2734 6115 1021 7020  649 2446 7162 1554 5826  530 4829 3242 8378 3635 7392 5608  393 8821 5018 3362 2894 6498 2134 5319 4121 3586 7724 3483 7220 1646 6881 8858 4401 2090 4845 7534 7777 3013 7245 6468 3955 2017 6164 7239 1420 2167 6390 2583 4869 9321 7539 4261 6732 2680  254 6837  533 5735 8053 7364  785 1918 6226 6399 7493 7683 5106 4661 4074 8679 6322 4507 3129 9160 9093 7520 2393  286 1536 4555 3542 8663 3478 4054 8462 5603 5347 4390 9232
 7293 1990 6111 5321 4508 4270 7279 5377  742 1060 8099 3992 3193 6273 7009 5478 1486 5779 7940 4910 5480  264 6646  169 4535  319 2108 3412 7205 1279 6177 5809  945 3659 9246 7183 8406 7396 1185 7457 7817 1313  567 1555 5924 8193 6494 7229 2246 1442 2182 6894 5857 8957 4914 9159  379 7089 1331 6162 4839 4169 3255 1083 1750 2799 8601 7947 4118 3739 3652 8610 7160 7670 2219 5441 3221 1066  712 4520 2034 8054 2677 2803 7792 1067 6974 9079 4445 9039 6710 7693 3247 2604 3679   49 9174
 8339 4709 7074 8067 5548 5323 5054 5778 6815 3357 6652 2642 7828 3224 6313 3868 6690 2745 6743 8333  981 2243 1068  265 5051 4018 5327 2530 5598 7896 8673 7439 5801 7556 1047  722 8092 3937 6499 5280 2576 1100 5074 5931 1260 5162 9210 5333 5180  846 3215  737 8191 4375 9228 2232  490 6332  933 5407 4577 4665 2600 2561 1804 8864 9304 3851 7955 7455  146 3375 5815 4792 5457  734  711 7031  736 2333 2030 6992 9019 1697 2590  456 6588 3821 4882 3501 3503 6541 7592 3972 6020 8619 5859
 7816 7298 1275 6695 4658 1661 6257 5034  599 4901 3506 8714 2172 4223 4476 2985  452  330 2557 8029 6846 7930 3120 5328 5369  190 6780  818 7764 8560 5862 1794 2697 2671 1721 8128 2719 8915  771 6659  844 4740 3883 4440 5154 8827 3272 3479 6819  298 1095 5820 5821 9346 8449 1115  987 7650   61 3580 6166 7941 6448 8697 5404 9066 3054  861 5846 8023 3044 2136 9038 5029 5866 5356 3228 5698 8844 3607 1997 2427 4482 6282 7124 5066 4188 5665 9176 1086  652 6243 5746 7268 3953 5504 2214
 6197 3623 7550 5662 1232 7295 3820 4898 3000 8033 1187 4232 8722 8204 5226 4625 4156 8967 4548 3646 5742 1525 2987 6835 2154 5738 6906 5414 4327 3290 7949 5426 7900 5085 1154  489 2958 5840 8161 2596 8750 3260 4947 6799  101 2438 4413 6925 5072 5974 4557 9101 3891 2519 1316 1532 2381 1814 2606 5194 1776 5343 5894 7369 5669 3689 6124 5164 7533  655 5188 4770 5760 6771 2780 2574 1477 4134 7726 8471 5096 1003  918 3365 2926 5501 5984 4436 6049 3474 2325 8788 6682 1817 3729 6306 8230
 1761 3388 8777 5482 7763 6382 5908  721 8374  836 6075 8575  345 6493 8653  569 7113 4334 1498 7464 3028 6216 7587 5641 5320 9095 1707 2489 8738 9196 3993 1985 3031  842 8209 4945 5244 4299 5577 4275 7178  797 5469 6691 8680 4950 3059  136 2014  162 4762 9357 4708 2213  270 6692 7305 2685  879 4513 5699 4342 2157 7699 6626 6074 3169 6630 2682 5635 5992 2591 1393 2809 2478 4986  433 3600 3833 7488 6437 9098 3733 7154 6718  871 5183 1072 9157 6811 5642  499 2863 9119 4418 5247 1599
 5458 1343 9392 6462 3495 4404 8969 8467 3409 5088 9226 6538 5685 1762  729 2510 3415 6536 1869 8163 4158 1852 4014 1432 8115 3502 4532 3382 4443 8177 8765 1905 4731 5127 8388 7082 4544 8222  654  317 8026 6534 8593  404 8867 6696 7591 2796 4553 3301 4575 6403 7098 6874 1226 6334 4241 4563 8090 4717  906 7151 3801 1891 1087 8538 7521  128 7103 4294  288 1414 2072  257 1118 8965 7081 4323 3050 5644 4165  751 2373 3273 8094 7486 4729 8445 5677 3420  109 4424 1334 1667 8657  150 7255
 1638 1050 3932 2331 5572 2443 8735 5529 2390 4851 5595 1054 2107 5684 8930 3334 8928 8192 1146 2116 7355 8057 7536 1774 7639 1911 2032 9035 6135 2070 3473 4408 5068 8709 4592 5950 1608 1379 4152  174 7758  385 3217 7146 6829 2509 4937 6951 6007 3676 8197 5314 8564 3625 2752   39 3146 8256 4987 6274 4742 1452 3616 6148 8496 8138 5640 4041 2896 2711 7251 5011 4678 7707 4979 4034 3040 4442 8954 2710 9380 7943 4192 1639 2298 7805 1082 6643 5782 6391 8463 1651 7965   30 1348 1254 2650
 3285 1354 2547 6623 3446 1560 5444 5714 6919 4218 2178 5007 2897 5032 8156  354 8434 2281 7679 5946 7282 7104 1782 3336 4660 5759 3084 9083 5920  106 7197 3151 4292 5209 6632  794 6911 1797 7296 4733 4794  728 3867  582 6102 7813 6807 4471 7164 4802 4313  561 4303 4474 5680  889  829 4671 6195 9193 6651 3487 4162 6504 6857 1512 5909 8886 5617 5337 9347 1585 3172 9214 3730 7184 2593 6281 7640 3859  903 6449  937 1224 7186 7222   63 2433 5008 1018   82 7619 3395 8950 8474 4164 8291
 9362 5383 3998 8356  717 6042 8862 4015 3828   29 3136 3184 8973 6376 6853 7974 7327 7952 4495 4719 2091 4307 4409 8648 2607 8704 5380 3667 3405 2598 2898 5695 8301 3287 6650 6410 6525 4290  715 7622 4612 8207 5792 3563 5526 3771 6279 1717 5634 1773 7978 4053 5605 6922 3716 8971 8786  864 2206 7924  857  645 5725 5302 2353 2772 5941 4636 4305 2971 4228 4194  387 7036  782 4122 2982 3294 7377 1787 1011 7659 7427 1818 6683 5539 5930 5913  401 1438 6598  471 8937 5370 3548  833 1424
 4993  774 3449 3161 6635 2588  295 8710 9190 6562 4691 6592 3967 1798 5253 7681 8940 5851 7942 1371 3188 8929 4130 1665 4870 2735 6687   92 4132 4420  588 6031 1199  389 2308 5263 5711  791 3132 6841  130 6446 3394 2479 5340 8089  670 7129 5142 8623 4109 5219 5629 5911 4124 9257 1769 3008 4848 8995 9299 4539 2847 6764 8453 5363 8235 1240 1421  326 6993 5777 1757 6570 1897 5890 3787 4542  318 6679 5416 3961 9105 3343 8227 5895 8960 2121 7780 2501 4285 5048 4079 6584 2118 6456 3954
 2075 1245 6973 1165 2131 6862 1676 4545 7802 2184 2880 8893 9351 9110 7545 6405 5723 3663   38 7348 3765 2766 3490 2966 4666 4505  994 1167 8963 5157 6914 4094 4028 7615 4367  459 6670 5654  411 7635  500 4547 2097 6527 3311 8943 4522 2100 6726 2466 6266 9359 3829  623 2696  650 6261 4693 7231 3020 8579 8134  951 7277 6763 7256 1937 3434 2067  847 5769 1714 6291 8397 4195 8961 7663 5366 8584 5978 3347 9177 4032  525 1017 3484 2532 3345 5703 5153 5850 6381 5610 5130 1952 8488 4229
 6069 8219 7856 1979 9094 4936 6676 2744 2610 3141 8303 8736 5332 7210  287 2124 3989 6098 2756 4472 2387 7349  943 6371 8688 7572 3270 4964 4989 3466 9345 1229 5196 3540 1524 1406  428 2001 1352 2959 4574 3404 6034 1833  677 6783 1219  249  209 6149 2056 2571 6081 2368 8548 4757 2836 1012 1704 6354 8602 4383 6016 7530 5606 9291 5570 9400 9262 3755 8038 8740 4556 7996 5411 8835 8482 8483 2166 4991 4721 1032 2526 3626 1123 1215 8117 3359 1152 1261 4458  730 8883 6889 1412 8424 9316
 2414 9360 4893 6321  173 6048 8164 4316 7795 4201 8914 5599 5146  808  548 6179 4431 3934 2050 4006    1 7071 3003 1252 7324 4046  564 2843 8866 2797 7045  799 8990 8853 7616 3920 5107 2654 8448 7415  802 9328 4486 4732 4885 5329 4608 6061 8497 6997 7357 8686 4072 5431    7 8621  760 3276 6488 5893 9288 4173 3277 6244 4533 7548  744 1561  344 2262 6455 7736 8532 4366  501  522 5430 5325 4891 7212 3568 6008 2767 3588 3715 5956   27 2908 3855 4111 5774 2575 4234 3042 3304 6637 3142
 3392 6021 1758 7410 3029  107 1836 7994 2404 8571 8574 7547 6187 1720 3252 7598 5532 3928 2776 5720 4681 4861 3673 9104  543 1461 6134 4356 3809 4980 5338 8640 2869  155 8432 3250 2781 5375 3459 6356 2922 2140 6937 2695 7022 7169 1579 1015 7077 2062 4321  832 6840  223 2015 6109 7094 5352  538 1614 3072 3418 4008 2203 5022 8013 5990 1399 4091 5544 2156 6017 6557 1654 1748 1899 6904 4084 5373 8480 5266 8690 3978 7688 8110 7713 8534 8687 6526 5863 2891 9102 1598 1767 3497 8732 8942
 3605  303 3274 8375 9018 7227 3766  196 2764 8832 8618 3914 6019 7546 4675 1089 9107 6560 3104 8868 5697 6751 4150 1941 9142  537 3939 6436  706 1367  787 5628 5306 4439 1754 7869  260  476 3463 5298 4113 8059 5583 4707   71 8135  362 7459 8622  202 3910  360 2581 2741 8293 6500 8563 1950 8392 7872 1791 6918 6686 2384 2352 6015 3860 4700 1186  408 7563 3267 7473 7519 5939 8111 8189 4300 4806 1193 3587 9272 8240 3824 4266 3214 7776 1080 4454 5299 3043 3885 6828 6388  172 5355 3761
 2053 8002 5392 1233 6813 3666 5856 7739 6297 3547 3848 4151   19 1020 6484 5989 4607 1251 8015 4491 2838 5128 7918 3398 3107 1666 1913 6272 1043 8149 6409 7432 1282 7890 3627 4020 8116 3271  405 1221 3760 9278 5525 6984 2979 8517 6364 3653 1768 5442 9215 7379 2102 6508 4231  999 7480 5305 5351 3726 6900  996 4503 1502 7265 1468  862 5474 5556 5078 8527 8248 2360 4198 8857 3332 6452 8826  783 2435  887    8 8753 8823 3694 5708 3536 8907 6181  376 7228  720 3678 3895 6091 8869 3265
 3239 5903 6304 7774 7571 4727 4402 4374 7743   50 4051 1770 3046 2875 1022  898 8939 1059  341 6913 2295 5839  968 3192 3865 6621 7590 7945 5508 9217 1437 4427 1715 7584 1056 5197 1304 5429 2492 5464 3173 7433 9323 3538 5834 8414 1209 5592 2370 2049  484 9302 1540 2807 8742 4558 3170 6842 4521 6964 1543 7043 8976 4852 6050 7623 7723 3908 3150 9008 6735 6817 2407 3603   77 6909 3154 1171 8955 3209 2909 9350 8782 4075 3210 6505 9247 2553 6770 7716 7754 1002 1929 2294  458 2736 6171