 1085  974 4871 3312 2533 6985 8725 7061 4658 7266  374 2831 4491 7119 5555 6917 7403 4009 7848 3417 7469 1246 8318 2656 2850 2786 6672  233 5892 3852 4583 2939 4938 6339 2145 9043 2217 1334 8789   22 6216 7442 5542 6029 4625 8655 6020  879 5234 2664 8957  928 2650 5613 3901 8026 1194 3496 8539 8914 5299 2917 7147 1947 7781 3675  870 6900 1199 3090 2251 8292 3081 8508 6442 4258  394 8821 3381 6560 7242 5812 8908  213 3981 7664 6607 1765 9553 2221 1817 2916 4860  874 5191 6730 5500 8697
 5368 5267 6299 1757 5162 4679 6627 3031 4450 1653 8907 5009  760 4707 7744 2230 7107 8514 3188 4988 7881 3066  917 8460 6953 7626  453 8367 8402 7326 6038 1522  596  866 8232 6860 2383  776 4643 3699 2193 3267 7227 7095 2051 8250 9247 4437 9056 4810 6649 3106  808 4732 5831 3793 9164 2148 1761 1853 2070 9076 7639 5034 5157 4754 8161 3454 6726 7028 3010 6495 1379 5396 5025 8930 6373 5360 4428 3889 3480 9302 4023  369 7860  216 6291 3516 1520 3376 2046 4201 1389 3061 9446 6504 1280 3390
 3463 6711  457 5948 9416 6257 8846 6662  465 5044 1646 1277 1190 9128 6362 1935 7404 8933 1717 5750 3096 3645 2194 7831 9238 4335 7148  816 7185 2307 5711  831 8894 1264 5375  342 2743 4148 9315 6342 1807 1642 1428 6718 5579 1478 2780 5018 7665 2322 9507 2518 9505 8843   35 8689 7188 3168 5950 5833 3301 8533 1467 6777 2759 8656 7305 3660 9406 5324 7949  102   28 6695 4560 6833 6689 1891 6451 7029 7863 1391 2352 4841 1241 1257 7611 4406 1899 5557 6972 4064 4083 3276 8503 3049 3752 4069
 8551  134 5218 4894 1162 1464  190  256 5094 3242 3573 5159 5872 1458 7300 6180 1338 6741 1749 6920 1730 6433 4866 2430  574 9132 3846 3614  100 6471 5167  580 6001 3228 7131 4250 5130 4991  167 5320 7233 7965 6638  707 7109 4325 6785 5609 5624 1787 5455 1722 3948 7815 3077 7629 6716 2399 7758 7767 9197 3917 8473 3256 9030  407  626 6845 6368 9300 5177 3070 4299  983 4961 3254  952 6113 6911 3210 8105 1506 3546 9319 5249 7610 8950 5317 4444 1996 7996 7652 2920 6941 7324 3974 9335 6388
 6525 8929  745 3975 2052 2730 5728 7722 1167 5856 9560  458 6954 3790 8547 2979 4512 5871 4096 6775 8006 5695 7246 9258 4581 5696 1106 6077 1900  856 1936 9104  245 9115 6417  241 2505 3602 3737 8625 2098 6674 5161 7079 8844 9209 5359 6116 3547 3224 1763 5747 5645 6264 5308 5062 8720 5659 3786 2860 2542 6401  445 1716 6474 2023 3199 9142 2661 1225 2718 8784 5413 4331 3361 7170 1836 2164 4509 2280 9220 7379 4237 9509 8247 1447 2345 5109 6341 4607 5769 7212 1638 1988  499 4445 7771 1444
 4011 2514 5938  202 2471 6143 3016 1352 1268 6991  265 8651 6952 4828 7161 8084 1933 1869 5784 4504 7859 2734 1183 4314 5650 6223 5367 8416   52 7280 1479 8696 1934 3144 3933 4249 7885 5497 2269 7804 9195 2592 5241  323 7647 1826 2489 2948 8173 8763 2704 8855 8822 5311 2792 7249  447 7102 3840 6976 2837 4718 8177 2929   69 6728 4549 4285 4631 2102 2560 9099 7668 4181 5458 3274 3467 6502 7787 7187  962 1511 6225 6094 5101 1664 9213 4499 9390 2401  508 4753 7496 9100 7155 2249 3959 6957
 5845 8064 3662 4778  411 8117 9535 5800 3878 1252 9430  893 8346 3759 5707 2076  584 8852 1335 6185  110 1472 3379 3872 6597 8648 4463 3461 5425 2146 1170 9120 2762 9513 2459 8433 5283 8712 7954 8961 4168 1006  695 2541 8936 6796 5225 7569 4960 1074 3054 2732 6288 9112 2753 3610 1673 8363 7544 4525 3469 5582 2140 2236 1977  986 4363 1738 4393  414 4041  321 4078 6240 6353 8531 6170 7789 8831 6544 1621 5363 2229 9177 2006 6097 5537 2895 3180 4217 9308 5610 4848 5736 3186 9113 1200 8053
 4476 3220  372 3024 4542 3668 6582 4068 9305 3599 2475  843 4884 9231 1314 4608 8804 8718 5328 4376 3340  177 5076 4089 7443 5197  576 7549 9280 1939 6125 6351 7850 6612 1243 1962 6948 7621 2120 5411 1330 9042 7797 5532 2974 7756 4497 3189 4214  129 6697 1871 3655   18 8596 2845 1329 8031 6682 4619 3556 6082 3912 7160 1893 7490 4539 1968 8365 2041  852 5907 2367 8381 8772 3132 7211 6979  143 6977 2176 6311 5837 9246 7972 9291 8563  925  317 2260 9110 6936 4872 6387 4402 3246  914 3004
  217  523 3646 1927 2472 3825 4594 8310 3517 3285  105 6922 4915  438 5053 6960 3041  427 2448 5658 1956 8803 4588 5823 6239 7018 4947 5403 9092 9434 4087 2064 7340 5676 8418 1435 9234  196 2341 2375 7201 4317 4374 1526 2814 5849 5351 6688   65 6588 8239  984 3129 8046 8797 6445 3883 5825 1259 3919 4001 6121 6867 8970  697 7728 7713 5519 4970 8175 5406 8297 7753 8258 7381 5986 3577 2486 6232   13 8407 7390   83 2737 1059 6099 7537 6995 5918 1822 4898 7448 5412   92 5325 3514 3069 6639
 8578 2079 5318 6127 5114 9537 7676 5718 5799 1952 3318 4129 8865 3414 1112 8282 5404 6890 7474   85 5067 8707 3811 7870 2725 6453 3441 7391 2502 3962 7422 6102 5618   60  106 8711 1791  378 8486 6492 7516 8241 1050 7231 2834 3257  460 5643 6157  215 2180  424 1096 1240 5365 7520 1210 1418 6546 6668 2031 1652 8040 4159 4094 8016  644 9311  379 6340 2466 9472 4183 2933 9317 8769 7693 1668 8620 3545 7582 5627 6211 9119 1292 6946 1350 4609 5235 4006  637 3462 3522 8771 4134 8511 3060 3002
 5911 7088 4684 1211 8253 3183 1141 6248 4908  130 4967 8912  454 7557 7533 2794 9501 7799 2616 7346 5705 4304 3847 6846 6241 2395 2320 6295 7631 8130 7587 6416 3033 6563 9575 7190 1202 7671 8842 1887 5914 2413 1345  352 3104 4388 9355  239 1237 6221 5508 1828 7700 6715 8263 5668  891 3710 7163 1650 2885 1907 6725 7301 6087 1659 2909 2898 2214 8315 3725 5817 7111 2637 2785 4507 1047 8969 8327 8887 9348 3479 1397  264 2896 9327 8007 8083 1897 6919  699 3683 4580 5524 5798   36 2318   98
 3541 2959 1798 4638 1046 1767 8862 9240 2822 7216 7612 7649 6114 3014 8641 5615  779 2177 5811 1372 2449 8699 9265 1014 3703 8268 2530 6884 3483 3761 4044 1641  109 7586 7998  314 2324 8695 6636 5757 4742 1140  980 7877 4861 8799 2767 1166 8591  585 2731 2157 3681  156 8075 9138 8705 8186  820 4517 2423 1782 9478 8290 8979 2329 5449 4652 2784 2028 9019 6803  556 6838 3734 9374 8743 1142  389 6063 4202 9054 7200 7921 1701 6935 6714 1139 4570 6913 6779 4846 7115 7893 4452 1137   74 3638
 2277 4120 2368 2838 2416 2942 7118 9441 3952  667 3289 2544 3606 6106 9536 3158 4292 2658 7132 2302 4790 3564  634 4839 3970  140 8873 7872 9396 3213 6235  230 3677 6818 3964 8975  146  180  303 8801 8201 8052 9562 9324 7769 9541 2509 3326 5374 3848 7528 9290 1024 7609  997 4689 3845  888 2695  322 9354 3311  625 7075 8654 1387 3216 5356  181 8934 6061 9356  996 3515 7058 6111 5855 9322 8700 5932 1842 9382 2159 8928 9364 1229 2758  595 4614 5279 3123 4837 1906 7158 3857 2531 8793 5516
 9278 8854 3112 8903 6482 1310 9053  324 3588 9165 1285  636  114 2960 7703 3432 1469 8814 5804 9528 1400 2603  474 7777 2132 1404 3389  238 5282 8990 3951 1656 1076 6807 3440 8959 7992 8438 1411 2559 7765  443 9082 4115 3831  249 3991 2003 1684 4195 5577  108 6837 8515 8603 3386 8668 8674 8744 5253 3679 6512  467 5460 1733 4283 2332 1634 5841 3046  141 6231 5131 8100 4028  611 8166 9232 5732 1797 1940 5693 4885 8932 6690 3770 6472 6184 5185 4427 9403 1081 7104 3892 7529 9447 7162 3178
 8027 3271 7169 3887 5047 4756 2856 7342 2309 6274 4651 2996 2337 8032 9067 7077 8030 1829  332 6045 5008 1811 3456 2583 2419 5764 5700 3051 3196 5186 7204 4767  182 4216  253 3197 5595  911 6792 4782 1773 4913  441 3832 8723 5189 1346 7896 7883 6438 6820 6836 9421 7683 1633 2184 8223 6746  892  201 8033 4073  950 1721 3880 4166 8036 5946 6710  761 5175 9464 2348 5949 7971 8288 6201 3528 6376 5305 8673 7752  722   34 4521 5805 6085 8022 6984 5731 6507 3980  522 6773 1219 5774 4391 5789
 2500 5332 8607 3568 4179  237 5935  472 4439 8858 2971  786 3406 4190 2946 5334  935 3156 5388 1685 9269  336 7010  142 5108 3218 8602 5969 6930 8049   76 8706  392 5479 2039 8313 5242 6331 3215 8730 8467  903 3511 1438 6745 8919  800 5816 4327 7524 2871 5339 3365 9029 9381 8832 9602 9103 6642 4097 8540 3404 9442  834 5468  900 1508 7918 7272 4598  889  244 6361 5435 1409 7438 5547  841 1021 9263  729 2349 5258 5647 8090 5306 7466 5507 5060 2410 4888 5099 3370  631 7731 4649 7894 5438
 9219 8605 9200 5254 2532 3030 2782 4746 3029 5237 2119 8735 1894 3862  844 5851 3707 1336 7023 1876 6096 3881 4080 2697 5683 9556 7687 6075 4677  553 6851 8757 5689 5883 6842 7865 2653 3804 7099  195 6191 6959 5760 6945 4743 4714 2114 8993 5887 8337 1698 1315  603  991 7208 2278 6484  855 1138 3458 7861 7150 3453 9511 1256 6962 4058 3695 4143 1709 6293 7123 6698 2858 8490 5445 1115 4604 7311 1928 6934 3918 3413  391 9162 6832 7277 6648 7948 5815 1185 1152 1055  689 4987 5327 5901 6173
 9012 3682 6330 3076 5819 4475 7026 6365 3283 5219  933 2186 4107 1729 2034  546  568 7090 4130 8298 3138 6434 4215  824 3636 5331 2554 4315 8429   15 4700 8114 2115 2300 6412 9565  571 2075 6713 2989 7003 5649 1340 9587  521 2378 4864 9487 7128 5452 1675 6750 3631 3148 5190 5543 6034 9321 9027  704 9078 7845 3764 9243 3899 3642 2707 5261 6069 4339 6348  402 8741 4462 7525 1110 5080 4131 5592 5061 8372 4436 7097 7857 6006 5203 5781 5250 3879 5716 5366 5923 4420 4419 1426 3245 6183  982
 2988 4876 9018 9389 8532 6384 2986 7060 6956 4192 8593  559 9168 7065 4935 2538 6834 4550 4262 1676 3939 2107 8658 5709 1849 2301 6973  696 4362 8387 1233 7844 5587 6523 2686 2388 2203 2354 1375 3422 5654 6356 5690 4709 1687 7679 2258 4205 1061  302 5436 8431 3989  386 8447 6355 5634 2596 6988 2373 1198  534 9400 9387 6731 9407 1347 4529 7258 8685 5199 8001 8010 5163 4797 3006 6967 8554 7614 3669 7498 6491 8534 1964 1914 1348 7464 4112 1171 9326 1250 8710 1073 4620    2   84  566 1669
 5426 6772 6297 5712 7648  510 5536 1485 1993 9370 1083 2995 4693 3839 5626 4358 3219  430 4807  293 1737 3961 7411 6192 2826 9267 9035 7695 9158 8184 4396 2462  798 8483 2024 8586 8768  191 3705 7834 8941  894 1323 2774 7471 2250 7929 3502 3280 4532 3947 4712 3694 7387 3805 2833 3750 5852 3680 8592 8314 9543 6010 2484 4310  919 3177 3942 2494 1741 8280   54 3407 4719 4104 6982 7416 2197 5927 8813 9481 2436 8687 6012 3992 2663 1856 3995 3700 2061 3748 6899  117 6155 7165 8829 5667 6396
 4432  294  956 2775 8376 1151 8359  840 8293  194 4479 9090 8278 8796 3818 8281 6942 2684 9360 6700 6939 3787 4321  418 7601 4138 6812 9293 6961 1367 9568 7906 1793  406 8259 4423 2382 7066  909 3902 2063 1632 9126 9361 7192 1131 2924 3503 5302 2750 5552 7149 3774 6506 2166  720 5881 8635 5354 9546 8299 1587 5122 5807 9307  623  333 4516 1672 8594  347 9190 6679 5105 2610 7873 1282 4165 6064 6557 8940 4755 2772 1768 7926  953 2105 1971 7193 6303  598 6448 1223 3755 1703  527 6889 6468
 8308 2501   89 1590 1328 8427 4303 1424 5611 8406 1872 6212 8770 8983 8918 7078 9066 1881 6057 1109 8119 7719 6996  673 1468 5955  476 7110 7541 5172 4060 2160 3167 3692 3472 2366 7322 7424 8526 1371 8965 5957 2344 7297 7059  741  705 7417 2720 9192 8289 6370 3717 1365 4054 9465 7076 7930 5665 1566 8134 2147 5370  456 7963 7709 3565 5832 3433 7274 5636 1449 2445 3593 8400  340  541 1921  624 2134 3150 6500 1980 5386 2842 3288 1445 7270 5215 5319 2414 7615 7399 2931 1946 7824 4965 9574
 6950 6575 4547 4395 6378 5521  281 7993 8678 4823 4635 8104 1555 6764 8378 9567  725 2660 1592 8905 4932 7864 9451 5993 8176 8663 5631 2849 5546 2405 1242 8024 2068 9000  633 6569 5096 7320 3994  590 5274 1723 1981 3300 3399 7041 7235  854 5048 5442 6002 1662 6338 3486 1406 9172 5596 3253 4081 3714 8413 4014 1275 7628 7903 6549  788  787 5485 8450 1174 4654 8637 4768 1030 6124  880 9600 7898  672 2943 8199 9289 3343 2453 9425  166 7774 1283  218 2172 5673 5039 4043 2298 1917 1841 4761
 3282 8043 8070 4851 3036  754 8805  121 1548 2590 3085 9230 8357 1525  993  452 2625  659 6858 5182 7040 8271 6310 1539  251 3068 2807 9347 2346 3286 2555 6978 3890  863 7672 5958 8848 1833 9141 7589 6071 6279 1877 4379 6646 6887 6701 5898 1865 1908 4355 1100 5598 8198 3796 8753 8203 1824  812 3860 9411 8606 9359 7750 7780 9342 5734 1222  415 3217  766  612 8425 8275 5289 1385 6624 2641 3834 4413 6573 3250 9107  383 6262 4007  642 2032 5873 8638 5115 3056 4640 6470 8148 8126 7760  795
 8417 5231 4059 5471 8542 5259 2396  138 1825 8414 5882 2271 6040 1392 5793 5840 4568 5959 3783 7897 8385 1070 7431 6457 8475 7087 1029 8101 6109 8984 3382 2528 1116 7800  944 2316 4505 3115 4964 2169 3674 6462 7228 1957 2904 3965 2426 6122 8811 5204  691 6843 8800 2474 6774 8188 5761 5928 4226 7252 9349 1420 8038 5266 7766 2072  970 1154 7776 4858 5813 4832 3572 6203 2594 9547 8527 8054 1680  278 6550   37 6801 2323 9221 3641   21 3884 6654 3334 2687 2123  654 8691  470 6865 4108 1978
 8752 8045 8767 7595 4490 5838 4220 7600 4611  577 4070 7260 2340 1461  692  963 2765 3205 9523 5387 8999 8538 6628 1742 3571  655 4151 3633 4169 5943 4415 7563 6469 8312 4186 7790 9248 2496 6489 2218  910 1325 4375 7218 6405 2008 5919  426  658 8238 7292 8048 1563  597 7418 2104 6346 4914 3443 6025 4510 2877 5248 5251 4458 4862 4227 1473 9529 1489  630 2893 6872 5281 5639 9199 9281 1885 2196 6251 5652 5680 3277 5399 2602  753 5193 3377 3935 2342 6566  335 7253 7743 6518 8684 6964 3713
  573 3876 1704 7349 5675 9469 5065 2818 3400 9592 1182  515 5420  886 1941 5616 8980 5000 2739 5669 7940 2723 7487 7593 8456  750 1111 3600 9314 4042 1176 4660 9328 3309 5975 1066 8834 6823 4603 6782 6319 2618 7889 1649 2706 1300 3560 9020 8484 9373 5601 8227 2211 6137 4929 5470 7636 2434 3330  629 6263 2404  288 5884  817 7423 7196 8383 7352 7886 7142 1403 4265 1569 1507 2752 5467 1319  827 7822 2239 4212 5827 6016 1857 5482 6375 6278 6527 5988 6590 1091 2082 6454 4348 7241 9021 2485
 4785  311 9275  789  838 7171 7543 2754 7393 8457 5113 3418 5256 9303 5490 4602 4727  770 2614 4617 8774 6357 1169 1992 7892 9426 1549 7738 2727 4029 2067 1861 2200 8937 6568 1422 3152 8646 3856 5945 2552  478 1124  738 9404 2490 3383 1918  187 7054 7248 8875 9237 8688 9193 2980 7113 4290 4957 5956 8994 4569 2918  558 3174 4324 8881 4812 1496 5619 3540 3298 4626 2553 5818  512 1916 7680  921 3657 8251 6256 1009 6908 9325 6870 4956  351 9075 7363 8610  897 8628 3946  987 4110 5685 8154
 3211 3911 9159 5937 7317 2549 7452 5686 9174 8471 5022 2171 1417 3953 3485 4993 9271 6567 5126 1008 6780 6478 5245   25 9595  640 3766 7350  250 2438 5970 6490 3613 7189 3690   16 9108 7463 7606 2273 9578 6684 1179 8942 2923 2457 6933 8925 1341 3261  670 1779 7407 5962 1121 2801 6207 1033 9604 4833  413 7979  469 4109 3357 8966 3873 2047 3151  549 7934 1654 1913 4511 2071 9385 9343 3519  961 2848 2529 6296 2907 2233 9214 7891 3477 8021 7093 3603 8395 8371 1493 3321 7067 6757 4311 3109
 8179 5651 6270 5416 7725 6650 4050 7375 7446 3140  186 3671 8405  197 1038 1591  936 2903 3173 2722 4738 4360 5900  343 7633 6159 5864 6253 5513 8422 1356 3493 6115 8462 3941  353 3973 9570 7481 2427 7707 7619 9059 3724 2589 4155 4455 7426 1976 1007 1132 5972 6848 8520 2671 5572 4546 7152 6271 1343 2231 7101 4998 7034 7457 4100 6914 2648 5045  192 3182 1119  312 5656 3184 1519 7726 5058 6323 3349 7742 8555 4370 3202 6019 8234 9031 4065 7357 1537 4144 5484 7908  545 8057 4269 2188 3966
 2403 5344 2902 6381   58 2624  169 6421 7042  500 3195 6199 4682 8522 6158 2333 2402 8240 8893 4272 1974  364 1858 6813 5603 5982 6194 7907 8577 8738 6219 5877 5523 7459 3510 9261 5155 4980 6691 9212 6558 4040 7901 6139  269  674 6808  349 2579 7645 6431 7181 1617 6144 6657 2167 1758 4241 5038 5612 7360 2740  851 1060 8631 9550 8812  525 7461 3341 7935 6810 7910 6318  649 3395 3043 2012 3868 9282  964 5214  258 2109 1263 4234  377 5661 7847  405 9593 1002 3204 5168 1517 6520 8632 8679
 3437 4776 8574 3722 3000 8944 2874 1715 8480 3520 9032 4336 1423  850 7312 5822  501 9245 2161 4912 1690 8499 2880 6379 4466 8570 6168 6547 7721  656 4528 1157 1607   62 5285 9152 7715 9161 4999 5029 7451 9095 2668 8849 1509 3103 3849 1260 1355 2237 4793 9388  164 7001 4361 1786  153 7210 5994 1570 1528 9081  425 1752 9155 7215 8911 6752 7968 6473 5869 3455 9589  763 3345 8167 3616 5200 2886 3963 1720 8892 6227  200 1568 6747 1373 7594 2852 1596 8377 2190 7573 8316 5441 5005 6276 1882
 8088 6414 4409 2938 3815 7608 6458 8143  823  548 9603 8209 7763 1961 6766 9581 7068 8867 4545 2634 7334 3229 4088 8094  765 4751 8519 2019 2092 1446 6729 1820 5678 3820  226 3685 1254 9345 4305 7183 8576  635 2062 1005 5298 9253 8580 1262 4713 4883 2097 1835 9224 1890 6307 7843 2163 4263 7367 3428  174 2232 3087 1802 6160 6499  205 5064 2951 8615 3227 6321 3789 2418 6577 4221 7562 1843 6055 1999 2299 1624 4656 6831 7651 6854 7534 3943 7203 7245 1558 9123 5078 3877 4057 3865 3018 8121
 4577 1084 5364 7134 4063 4616 9013 4352 4933 1572 5635 1943 4101 9601 3355 3266 5583 2257 5540 3368 2095 7924 8320 6162 1026 9470 6875 2724 2037 4791 5143 4801 9339 2358 1168 8595 8390 5437 6740 1895  712 5210 9439 7613 1483 7812 9084 9298  519 4802 1612   57 2944 5721 7957 4633 7384 2604 1948 3447 4615  270 4426 8098 4687 1049 4359  643  498 6108 8168 3482 6589 3481 2890 3673 5895 5494 6081 9083 6524 3082 3791 7222  733 7813 4274 4725 8709 7938 1326 1794 4307 8517 8567 6602 2608 1598
 5597 1982 4441 6030 7871 1813   46 3810 5208 7500 7070 1393 8000 5156 4749 5506 8680 4356 6862 9225 3113 5703 6039 1361 7096 5498 2598  913 4599 2482 8091  860 7476 7062 5570 6360 7038 8329  422 5247 3666 2087 6344 3239 5223 5698 8087 1831 6531 9585 8571 2597 1567 3658 2384  390  579 8291 1986 1227 4199 3412 2629 6535  214 8729 8093 2710 7620 5032 5355 3079 8245 4842 2455 7433 2586 6517 8528 1251 7917 4783 3489  648 8086 4653 3716  971 1862 1339 7400 6305 9007  111 8455 9088 2129 6529
 4931 1217 5888 8441 2360  794 5393  306  350 9060 7398 4347 1108 3551 5326 9452 1837 6572 9098 6659 4940 9087 4004 7989 3780 6118 1043 4191 3998 3047  257 4624  853 5284 4971 6426 6377 3611 5561 6217 3586 8516 6410 9135 9129 6220 4565 6267 2797 4297 4158 2670 3955  485 4994 1661 6386  150 7962 3007 6724  151 6966 4668 1904 1320 7811 4822    5  809 9094 6871 6103 1543 7081 3153  155 1751 8644 9312 7931  578 9408 2819 1788 7734 1384 4486 8424 7153 7513 9048 8443 1495 1886 4404 5850 8598
 8324 3375 8535 5006  898 2452 5931 1534 9524 6456 3307 4482 3779 3108 6537 9597 1184 8703 6104 1696 7682 4799 8860 6530 2841  254 8035 8589 5836 3706 8778 8230 5166 5146 8650 2595 9014 3080 3826 1518  462 9150 7285 8170 8446 8734 4316  504 5979 1785 2905 1503 4650 2591 5925 5527 9071  132  652 1287 4829    8 3425 5019 1774 8276 4470 5550 6051 6000 4729 9292 1412 3968 1533 1648 9065  613 5606 8791 7217 1312 3976 1150 6585 7139   48 6027 6969 6763 9420 4026 3595 1452  152 5682  972 3360
 9588 1123 2435 3886 8285  420 7866 6429  790 1513 6540 3212 8568 4318 9552 8664 5088 4024 7492 4071 1415 8909 6385 5383 4996  995 8445  365 2863 7959 8737 7964 9189 2106 4038 8616 6402 1574  297 5528 7658 5512 4648 7194 1658 4495 2083 8197 6738 1780 2149 1025 2308 2601 7261 2513 1465 3059 1419 4501  492 8640 7020 3172 4180  780 2708 9077 3385 6424 7220 7690 2883 6897 7495 1922 9239 6681 8864 5518 3524  275 5381 6247 4995 3387 6759 3500  676 7156  344 1854 9414 4903 3038 2992 8561 3058
 8221 4923 4519 9599 1451 1136 2955 5141 5216 6516 2847 8014 1762 7333 6210 8466 8399 9491 4591 5015 8972 1476 2628 1274 6927 9125 7851 7862 8205  148 5544 1144 9097 4518 2621  408 6444 4721 6032 5780 1969 4735 3569 2582   44 8454 7952 5857  589  594 4366 9178 1322 3910 3993 7840 3488 8266 2823 6819 2130  565 9086 6692 1924 1086 7021 2809 6990 6993 7015 5715 8089 3747 2108 3117 5517 9386 8760 8798  189 2700 1888 4230 4259 2245 1565 4574 1209 3042  896 7829 7383 1022 5373 7444 3320 2997
 1272 1938 5421 4621 3776 4119 8323 1972 5893 3743 9274 7983 7740 8998 7159 1107 8653 6526 6902 8066 8123 4881 4228 1380 9215 4886 2144 1989 2491   14 3495 2756 6334 1149 9006 8138 3244   72 3934 8552 4669 8028  622 2178 1311  137 6736 3649 5440 7440 7795 6246 9530  246  829  300 1232 3157 2612 4293 4634 1486 1898 3278  370 6284 7820 4176 6316 7136 1769 2043 2359 7339 4061 9393 8193 5745 4552 5839 5475 5165 6665 9486 6551 1434 8828 1559 8773 4919 5495 5026 3359 1754 6208 5894 5702 7694
 9295 1004 4724 6450 1979 7478 2712 4431 6652 2029 5110 9526 5782 7263 2387 4438 5389 3558 7473 4540 5395  615 1221 8163 8369 7351 4582 1401 5089 3206 3505 4072 5142  887 8432  220 7916 3451 7011 1674  115 2878 6017 8564 7044 2392 7486 9127 5480 2787  509 6181 3475 4745  399 9440 9179 1725 9584 3323 4443 7012 6505 9333  450 1067 8761  419 3888 4027 8530 9433 5997 5648 5909  727 1416 5135 4836 9276 2991 1153 3983 2042 7751 1799 8194 2556 7662 2353   73  533 5722 7617 6986 4859 3990 7197
 1677  821 7564 4917  345 3938 7643 9363 5056 8340 3630 5291 3136 8558 8214 9202 9500 2310 7369 5055  621 4909   31 3207 3409 6762 4688 1130 7281 5786 3476  609 7641 1231  289 9340 5905  698 7039 8139 2998 6522 1349 7995 7114 3238 4698 9140 4769 2940 7027  600 8004 5307 6721 2854 9525  682  292 7553 5469 3987 4033 5052 8181 6488 7213 8952 7112  569 3235   87 4503 8982  544 7801 2698 8764 2185 9187 9226  268 5296 7925 5263 5342  334 1239 4758 3799  814 4019 4320  495 2313 9173 1238 6333
 2925 3473 4365  158 3554 6308 5176 7371  757 4184 8715 8351 9264 3328 3269 9510 3154 5217 1463 2066 8401 7037 3035 4091 4045 8078 8787 2441 4084 2279  830 3052 3701 9163 3401   91 6754 5553  507 7990 5350 2044 7747 9061 9415 5720 1594 9375 4342 2111 3135 4371  825 3772 7356 6126 3504 3850 9566 7254  632 5915 5066 6175 6329 1705 4298  355  235 7510 7141 2487 6486 3122 7033 1148 8338 2702 2821 2290 2793 6853 7659 6660 3028 5090 6651 8451 3585 2270 9144 7618 6408 5361 3315 3624 1873 6028
 1082 7519 2165 9538 3508 2374 3384 9241 2675  176 5293 8374 7634 6172 4052 1702 8987 3926 9130 8469 7278 5353  721 8442 7338 3130 2851 2133 5574 5269 3093 1407 5756 5973  728 3162 2680 9023 7288 5646  954 1937 9299 8128 6614 8132 2010 2520 3988 1491 3027 7559 6703 6896 5713 4013 5797 4974 3026 8666 4407 7502 2600 3243 2755 7291  428  890 3697 8228 7570 5605 1966 6564 9171 1301  882 2094 7157 1032 2627 5697 4204  320 7225 4865 4731 7269 6587 6435 4879 2839 8196 2084 8953 1064 5292 3302
 5792 8041 4157   56  113 5741 2069 2086 2679 6733 4354 1235 3652 8464 4333 2040 9493 6622 2875 4197 5867 4302 8360 6536  934  948 4116 2919 4811 9519 3072 4242 5674 5581  960 7337 2829  764  751 7696 1040 6926 8795 5072 6190 5770 3626 5336 9297 5604 9045 1044 9576   55 8840 2009 1542 1806 8255 9480  828 4464 7521 2317 8474 1145 3830 6249  946 5908 4601 5510 4372 8492 1382 7365 7982 1718 7449 6578  168 1700 4386 4852 8901 5459 5461 9085 5323 4471 2241 7663  421 6389 9058 8529 6739 1410
  976 9467 5014 3353 5564 7817 4451 3226 8157 7712 4031 8917  931 8512 3591 3584 9236 3644 4235 5086 5036 7175 2155 7359 3233 3664 7290 7792 2407   67 8601 9590 6460 9050  416 7484   20 3171 2153 3324 6940 2139 7808 5549 7133 8748 1027 6292 7616  927 1800 2363 3460 8152 1512 5382 8545 2398 7542 7839  159 3647 6999 5349 7236 1118 7784 8055  497 2335  951  367 6866 9344 7833 4278  225 4389 2432 8560 4930 1691 1740  858 4937  813 9089 4341 2867 4639 4901 8472 8180 6720  432 5124 2806 2558
 1801 5725 3731 2965 9453 7583 5054 5534 1281 4968 1580 7105 6641 8818 5415 3394 1911 5672 1663 4844 5063 6350 4600 8627 6080 7536 1578 1321  587  730 8164 3800 6951 5961 2958 3929 6167  145 2779 4922 3923 5329 9181 9569 1015 4664 6670 5854 6891 8085 8172 7166 6481 3536 7005 4895  799 7855 9136 8619 8355 2574 7074  384 2892 8412  975 2195 3363 8502 1414 1516 7191 5515 5444 6054 4945 1679 1859 8971  473 4472 3265 4410 2327 2262 4951 5338 1114 9002 3308 1784 7406 7579 9228  475 1808 3898
 1562 5791 5037 5144 7293 6093 8279 4287 4558 4920 7435 6153 1363  404 4578 7880 1694 2716   49 7315  488 7884 5127 1905 9109  756 3284 8896 5376   90 5803 5758 9477 6873 1670 1805  119 2112 6452 2394 7724 1051 8097  562 5681 5671 6074 5276 1529 6095 9542 7328 7219 7980 3509 4636 6879 3738 8025 1626 4231 7854 9418 7341 4983 5073 7458 8394 7089 2844 3689 3336  161   47 5295 4122 6591 4377 2128  759 6541 4392 6021 2805 7063 1036 2411 4857 6128 5012 5153 5262 8690 4484 2162 9069 6601 1597
 4456 3268 6992 3589    3  709 6868 3618 7008 6423 5362 7202 6949 9323 2192  477 7308 2565 8477 6432 6821 1143 8524 5385 3794  617 8495 7577  147 2225 8732 4351 8575 6669 9435 5275 3533  539 6394 7757  382 2857  387 7785 6086  128 4870 3531 2049 3297 8559 2328 4421 9466 4856  650 2605 4337 8342 9188 3303 5233 4593 2497 4330  918 1766 1796 3371  901 3555 8419 4457 8581 4454 9131 4422 1965 6923 3423 1984 3190 9582 7373 5187 1834 4655 7425 2937  439 8947 6864 6166 1611 7303 7737 4666 7374
 4270 4248 3640 4685 9055 6929 6037 8659 4892 1689 1450 6677 4193 2701 2537 2516 9483 5991 1595 1291 2224 2976  368 6548 5965 3861 2343 5007 6722 3474  461 8061 7879 2982 3688 2548  446 2142 2950 9284 6024 5589 6050 3907 9492 7689    7 1327 7174 8611 9180 7223 2636 3720 6788 2336 6014 8505 6562  797 3667 9532 6138  466 2282 9268 9521 4849 8115  482 1814 7421 9540 5188 3619 4260 7016 2319 4541 7013 7624 6437 5897 6664  543 3450  646 1477 2240 5630 5418 6678 1294 2570 8103  398 8682 7745
  647 7717 2213 9102 2246 7708 5111 8341 1413 4808  791 3346   33  818 3967 4301  301 2422 7412 7368  570  263  582 4628  444 4473 8146 7984 2059 1821 3281 6133 6687 2380 4618    4 3512  958 1147 6202 3543 6545 7869 9040 2798 6204 2578 9428 6332 5272 7470  185  810 1792 8830 9121 2444 7298 6149 6804 6466 7650 7698 9216 2891 4468 2802 5265 3542 9251 4146 7951 8017 9468 9182 5809 8923 1959 7345 7284 3625 7198  550  212 8319 7395 5977 3581 6901  531 4948 7937 5910 9080 1501 3922 4173 3083
 8018 9260 5535 5180 2967 3897 9207 6498 8882   82 3827 1205 1484 3768  677  713 3194  329 3352 6062 6218 4465 4106 2576 5699 1832 1510 5132 5224 1427 7051 6874 3575 1896 4979 2994 5751 8553 2824 8604 7262 1399 2897 4175 8988 1042  645 4800 1994 7289 5738 8207 8034 4986 3445 1925 6301 8815 3037 9283 8645 3236 1127 9457 6528 7739 6515 1057 7179 9490 1177 8780 1207  455  518 2305 2803 5439 6561 8758 3155 1481 6285 4875 9288 8349 3729 5719 5222 4730  313 7922 4162 7467  542 8482 8621 5638
 7493 7313 1441  319 5844 2286 8009 6553 9279 6705 9039 1504 8991  123  154 3252 2733 1866 3415 7546 1462 8353 8833 4172 5100 4819 7259 4332 4103 6179 2666 1216 8819 7688 6447 8481   96 7632 8671 2526 1923 7460 2011 1960  337 1087 9454  357 6883  601 1016 5960 4592 2649 4280 4918 8825 9337 3894 4291 7904 6237 1063 3342 8339 6749 4251 6894 4838 4123 4946 1748 8325 5514 5501 3550 1660 8504  907 7009 9025  331 1178 6565 5260 9185 7818 2205 4416 7462 1601 2804 6980 1950 1255 6364 6422 3866
 5504 4853 4417 2503 4000 6164 4692 8949 7432 2369 6758 6968  403 3017 8111  981 1206 6778 3160 6944  768 3822 4575 5300 2125 7453 2607 2331 7729 8284  287 5560  206 4985 5820 5232 8493 1273 2499 7377 6768 6026 8759 3101  871  608 3164 5896 5726 4897 1627  234 6129 2795 6392 9072 7956 8060 4774 1880 2461 1688 5220 2168 6663 9551 8348 1224 8364 5934 1068 8861 4531  480 1354 2293 7806 5454 2631 9573 6371 8809 5091 6937 8902 4273  861 7127  966 4139 5620 7072 9151 8537 5313   81    1 9052
 6324 4590 1175 9514 8392 2431 8256 9024 2622 5428 5599 8521 7047 1456  767 5346 8541 8874 1474   24 5068 4164 1297 9545 1527 6480 1750 8924 5221 9122 5916 2026  104 5057 3223 9117 6791 7086 2170 9249 7895 7966 1524 2151 9549 5160 1455 9068 2212 7372  873  772 5432 3648 2035 3380 2900  107 2085 5940 6315 6261 8544 7019 8634  299 8389 1523 6272 5483 1588  229 5759  179 1645 6580 1987  479 6398 1218 1188 1874 3687 6596 4936 6630 8766 9586 1912 7511 6280 6154  628 6156 7555 7257 6483 1879
 6145 6932 2181 3484 5607 5151 8916 3234 5939 4816  618 6876 3317 8062 5704  222 5795 3203 8396 7055 7588  144 5737 4958 3930 7574 4672 8643 2393 9273 6675  490 1622 3457 8747 2256 5879 4256 1069 4905  236 9015 7229 3996 9482 4502 4062 3313  715 6441 1204 2255 3088 3444 5207  606 4661 2692 7327  883 3192 6309 2859 3529 5951 3416 8118 4492 8765 3982 9004    9 2030 4586 4880 4587 3241 3316 2901 9334 2676 3131 7667 6827 3248 4238 6543 3408 3582 7214 8137 1945 5123 3594 9005 9118 8204 6205
 6909 4367 5662 3874 4527 1267 5345 3296 9285 8978 5860 6925 8727 2206 8857 5978 4077 8612  926 8510 6581 2564 5826 6047  135 1490 7532 7661 8178 5637 8719 4353 1973 8217 3745 6193 3494 7981   99 3411 1576 1293 7986 2210 6707 7786 5913 6693 1846 6171 3369 1544 7754 9353 5027 4182 6797  803 5192 3686 7048 2652 2966 4048 1764 5213 5621 4670 2694 7517 6885 7670 7050 7353 6615 6233 6004 6395 6196  210 2882 8665 4255 3684 1643 2760 8629  912 1557 3913 2932 2557  969 2657  242 2963 1635 3074
 6743 3903 9330 8935 8213 4537 2510 6313 3388 6880 7716 4174 8386 3527 5154  308 1655 3107 6446 3111 7849 4246 5041 9186 8543 6459 6653 8701 6571 8160 3057 2055 7497 4203 6163 6647 7445 6839 2058 3118 4053 8518 5904 4826 4757  746 2281 4309  619 8649 4868 1608 4277 7255 6007  943 5768 1192  714 4794 1734 2274 2018  567 2207 6584 4855 7835 7732 8945  737 6132 9554 7082 3055 1735 3960 6835  537  793  524 4334 1487 4323 8244 3945 8463  393 3185 3426 4236 6268 4773 5379 5628 4891 3094 5966
  526 8810 3629 5082 4066 3419 1995 3073 6493 8904 6928 1405 2876 5529 6633 6781 4520 1868 2843 3358 2088 8733 6907 1215 6826  581 4781  328 6059 4114  724 9106 6372 1497 9169 2623 2379 9191 7414 8995  967  338 5924 6840 1575 8550 5744 3294 9548 4667  211 2978 2424 4675 9198 5858 8187 6023  112  929 5309 4140 4243 5158 2889 2915 4926 5149 2572 4105 8895 4425 3452 4723 3020 4378 7838 5330 1929 2644 6467 7913 4595 6611 8135 9520 7936 9154 6501 6314 5392  305  204 6404 6521 1249 9352 4150
  564  990 7232 1818 6269 8786 4596 5920 5486 3798 4955 5278 6735 9410 3627 3198 5031 5565 9413 5474 8216 5419 7100 8921 4555 9394 4264 2812 3622 9423 7053 2640 2861 5257 8262 7604 8910 2017 8731 7623 2973 6345 8636  837  661 1582 6817 4405 4686  938 6135  864 3398 4733 5952 5102  341 2870 3814 5664 7874 8536 9255 7685  932 1755 1457  540 6793 7701 1932 1248 2647 2272 2458 1396 7209 3821 8742 2761 5531 6824 6829 3601 1926 5733 6260 2941 5622 1159 6197 5103 2297 3984 4854 5608 2454 1126
 3169 2417 2800 2953 6098 8352  783 6382 1728 5890 7677 9572 5548 9170 1719 1909 7455 6142 2216 1514 3471 8233  773 4629 4982 9301 4835 1436  739 6312 7238 7488 1770 1759 7276 5134 7512 6905 9397 4188 9555 1610 1125 9558 7295 1682 1053 7084 2090 5181 4820 5457 3497  330  442 6877 3348 5629 8403 7172   61 9294 2993 7137 3785 7625 4809 7186 6347 9074 8523 4185  749 7224 8382 1665 5429 8624 5586 7180 5714 3900   79 9395 7472 2253 1270  968 3579  743 4474 4384 2703 1776 6266 1545 7568 1618
 5035 7819 2110 4703 5427 3518 7598 4187 3596 6461  232 6888 5971  529 3459 3539 1430  710 4941 7030 1686   66 5828 8847 1538  528 1630 4329 5140 7978 3605 9444 4368 4952 3102 7810 1390 9405 4784 8044 5303 7988 4132 3802 8169 2284 2287 9009 3570 8826 9153 5886 1093 9409 1732 3557 7279 7401  675 7475 7239 7530 1078 6393 4564 4141 4543 2536 9533 2521 8827 2714 4194  506 9398 8968 6748 4049 3972 1726   88 3362 6282 4177 1505 8073 4240 7503 2645 8922 8876  360 6702 5684 1747  536  638 9438
 8183 5106 9051 1488 4289 3608 5227   40 4850 7264  784  614 5016 5011 5771 8992 6238 8782 9063 4665 1408  410 9479 3732 2551 4691 3885 4459 5348 5390 2746 8356 1985 7483 1088 4579 1498 9450 1577 5753 1158 5481 7961 2872 2788   10 6637 6604 3906 1080 9034 3351 7727 1678 2420 4276 1499 7794 5708 4942 7057 9358 9508 2810 8011 2930 5701 7205 4878 4747 8458 8556 4326 6994 3806 1958  592 6078 1756 4777 2191  178 4322 1234 7597  551 3141 9594 7697 4424 5623 5051 7049 5024 3468 9203 2972 4984
 3523  998 9559 5755 6600 6110 5092  101 3232 6419 7635 8884 4442 3927 8838 9485 7017  228 3124 5184 2357 7094  471 8145 7856 5772 1760 3563 4978  671 6632 4135 6631 1386 6046 6552 2362 8343 9557 4771 3513 2456 4268 7955 4694 9367 8956 8404 9338 4500  916 9341  723 4708 8131 2711 1771 7283 5478 1910 5133 8883 2113 1113 5617 7515 3891 5754 2400 5762 5688 2291  826 2523 2238 2312 2566 4739 4222 1212 9336 3663 8415 3763 1197 3091  316 5748 4711 3932 4206 8099 9564 4697  876 3392 6428  755
 7035 1378  346 3110 2835 4818 4530 4079 7304 2421 5875 5559 6931 3039 4817 6009  401 4900 2545 7773 8366 1279 8997  796 8274 3063 7770 3855 6904 4401 5752 5277 7933 5847 4385 3730 7761 3562 8370 5525 7927  339  530 6556 2370 3921 3526 2815 9488 3071 3792 9011 5743 1777 2789 1864 3492 4036 7550 6186 3940 4082 8548 4896 6120 8501  683  538 4086 3429 7975 4210 5148 7669 7251 3858 5976  286 7681 1623 8781 4160 3723 9473 4759   51 2736 4701 9484 8836 4295 4873 2817 2539 7565 2599 6380 2038
 3628 2865 7791 8277 9476 6107 9417 3402 2626 2409 5377 5889 6814 6259 6252 4524 1944 7711 4496 2264 2351 4478 5594 5567 4907 7706 3023  376 5183 6918 6981 4704 6328 4247 5152 1295 4728 2630 2439 7144 2682 5779 4223 2934 4953 2263 4762 8306 3193 8585 2252 5273 2334 1708 7164 5499   30 1589 3034  905 5450 2234 8728  665  162 9137 1095 6970 4825  373 7083 8235 7527 7522 1440 2547 4010 5077 6608 8573  219  231 6895 7762 1278 6092 8248 7944 5863 6290 4218 3958 7580 5980 4030 6719 4343 7987
 7456 8868 5164 4659  842 6105 2450 6366  653  802 5243 7361 1667 1554 6805 4772 7479 3726 5236 5493 8332 8981 3977 8334 3590 3678 2124 7354  396 1381 3867 8211 2619 3333 9008  688  547   64 1736 5787 1772 5730 3936 8095 3708 4939 8856 6857 9456 4840 8428 7499 3084 4869 9257 8212 2674 5655 7702 5028 1318 3525 5201 5119 8335 4233 1560 7782 5150 1745 3165 8973 3249 3739 7052 7437 2096 9149 8330 7846  978 1203 9502 8080 1332  157 4306 3659 6131  805 3592 7507 3396 5706 2183  366 7025 2408
   11 3064 7080 2808 5316 6188  777 7370 4882 6761 4992 1429  593 2463 9531 9517 6656 2913 4990  899  493 4559 8708 2247 1010 7622 4597 2511 2415 3637 8488 2964 1383 8597 4275 1949 7768  719 2201 4513 1056 5239 8264 5859 4075 1637 5687 9402 6436  822 8915 5963 8974 4764  282 9145 6595 9580 7002  560 9445 1997 5903 6756 6041 6912 1695 2961 4411 2825 2617 4117 5533 5196 7122 5790 3904 1546 4890 2757 6079 8677 5107 4893 2481 8219 6910 9455 5050 6882 7816  273 2783 5810 8452 4055 4734 1398
 8222 2054 8096  732 3364 3773 7749 7182 8344 6084 5670 8461 6374 3650 5049 3498 4338 3427  248 3337 6273 3126 2769 7581  703 4647  599 1781 1161 3778 2259 3025 8273 3506 8410 2899 6101 6165 4076 6358 4514 8116  124 2150 3491 8013 1369 3448  188 3709 8948 7336 3116 4535 3598 7802 2709 2873 2198 7539 2330 4056 1298 4387 7841 6367 2543 7226 1368 3765 4814 6406  758 5081 7036 4815 2869 5464 5297 5288 6673 5405 8877 2517 3537 5974 3327 2968  517 8156 8020 8059 8642 7561 8208 7923 8136 8218
 5139 2620 4178 7489 2050 9309 7852 3691 7243 1547  397  774 4449 7912 1778 8900 3378 8788   38 6606 6198 3105 5578 5936 9254 4585 6570  835  252 4924 9037 7911 1172 8149 3201 3305 6477 5917 6806 8859 8190 6337 7772 2667 5341 1317 7842 9156 7657  902 4641 5679 7985 5814 6850   70 9316 7265  977  849 1000 1605  348 4460 8107 5400 8141 3403 6060 1425 4972 2719 2811 7946 8257 3782 5059 2633  708 4498 2771  279 7678 6971  833 2294 6497 8237 6511  884 9357 8092 1195 8824  748  272 4126 2906
 3914 5885 7237 8739 3222 5870 2136 2593 5727  985 8081 1692  535   27 6892 2292  375 1018  261  255 7056  163 6073 4430 2391 9331 9176 4266 2266 8361 5430  680 7878 8384 8294 4099 6592 6177 3944 1870 1165 9378 7596 5829 5371 6058 3758 4284 1261 7319 4025 5417 5880 7415 8698 9320 3339 3045 5981 3424  806 3230 9223 4969 7547 5075 2158 3405 7124 7590 1466 2182 5794 7803 1620 1370 5409 6634 4189  752 2791 8309 6898 2846  240 7640 8507 7876 8802  259 1421 1838 4678 4313 7388 8609 8326 8398
 1603 7554 3835 7275 1816 7347 3329 8920 6855 5694 2045 1244 8494  572  604 7704 6955   53 3757 6655 5001 6644 7759 1850 2014 3114 2325 3449 6214 8236 4469 6496 2091 7505 6915  223 5520 1304 8133 3863 5046 4125 5391 4786 1551 6015 8426 2512 8165 6744  979 6605 8063 8210 1288 5692  310 9401 1432 4779 6863 8897 2828 2562 3099 1344 4792 5801 4154  607 8626 4118 4775 2585 4098 5576 5020 4630 4813 7244 3128 2215 5930 7465 9318 8851 2381 1746 5451 1031 5147 7714 2673 1303 8976 9287 6508 4133
  920 6036  193 4198 5539 2493 3439 9101 5255 3050  711  908 5434 7858 5129  877 2678 1366 7920  988 5137 3844 5472 8476 4702 6816 8147 9133 8694 6289 3521  267 7783 1220 5198 8008 8368 1629 6916 8423  859 1146  207 2766 6286 3559 4556 2065 7902 8437  362 4147 1500  563 2433 6277 9391 9583 3089 8448 1266 4481 2223 8243 2862 1954 1187 5551  283 3576 7960 7730 7294 5776 2428 2103 5569 6088 8439 7022 4245 8182 4977  945 8408 6322 2522 7572 3567 9183 6083 8252 8077 3251 3841 7106 4934 5431
  832 3719  742 1619 3756 4889 3446  664 3048 2580 3075 6134 1364 9116 7436 5246 4037 8215 3438 3231 7793 8657   42 3501 1628 2473 3979 7386 9516 7540 9499 2527 3817 2922 2672 7330 6742 7046 2910  295 8777 6963 1480 7538 1247 3240 8584 1550 2820 7748 8159 6847 9296 3928 3487 3727 7143 4286 6859 1098 7653 7558 1269 8120 3746 1062 7828 8270 3656 6485 1712 5632 6066 4750 6621 9139 2949 2689 1975 9449 2504 4429 3670 6359 4483  775  781 2137 6031 8068 2983 2154 8200 3971 7477 7567 7958 4830
 2970 3604 1812 5118 4022 1253  865 8600 8754 3015 6852 4954 5987  663  433 7348 7145 5456 5954 8807 1214 9047 2506 3812 8885 3092 8491 7655 2887 9096  126 8220 3578 4219 4446 8242 2639 1739 2985 2911 8076 3837 2864 1448 2122 6533 9498 1284 5763 3718 4207 9270 7836 5268 2248 8562 4925 6676 8927 4349 4253 6800 7994 2222 2778  395 6680 8388  503 4003 4613 7024 9561 7091 1990 3597 3621 5739 3279 6206 7380 6363 4662 5944 1970 2728 5194   63 6327 8307  922 4357 5173 4902 1867 4467 3639 2830
 8623 6215  468 3607 7413 6226 3125 7915 6354 8549 6443 7430 1065 8254 8683 6635 8669 6320 8110 2295  436 7309 2747 8336 5286 2868 1875 8142 3325 9134 4261 2935 2853  502 8150 3552 7692 4171 3143 4741 8823 2721 9184  291 5842 7736 2836 4589 8958 3466 4127 6399 3354 3864 8192 1844 1848 3711  266 3809 1017 6244 7575 5866 2693 3803 6594 5244 3698 3816  554 3292  489 4928 1020 4113 2495 6418 5600 2361 5104 7571   59 8113 5083 9026  862  380 1903 7807 1034 8321 4508 4571 6683 8468 6538 1077
 1245 5644 2020 1713 6776 8693  198 3421 3769 5121 3293 8261 6283 1707 1357 5767 9497 4254 2588 2638 8056 3665 8373  701   80 9432   97 2606 1963 2073 1564 2208 8572 6302 1289 3499 4244 6479 1307   43 3833 7973 6893 2078 7014 8393 8195 2443 7504 8692 3561 4904 2265 7599 1133 7321 1583 2204 5069 8886 2745 9233 7997  356 3950 9277 8317 1942 6391 1360 6317 2659 9379 3373 9016 3808 7605 9111 7206   78 4646 4821 8963 3137 6151 4722 1286 5773 2635 6455 7637 2962 5835 8986 2478 2479 8497 8721
 4281 4976 7173 8305 9346 8888 8869 4294  881  170 2525 4975 7178 1454 1706 6147 2984 1556 5117 2080 1265 7914 2914 5252 9217  276 2390 4644 3374 8109 8506 7508 3163 1437  557 4012 4867 9515 5401 4770 4296 9571 7875 4308 1470 8050 3335 7108 1639 2550 3931 4632 7566  744 8003 4674 1377 7256 7627 3634  685 8587 3997 6645 4548 6409  262 1494 5021 1731  702 3464 6400 3127 6174 2016   93 2476 6230 3040 4740 9539 8750 7408 6343 6737 5502 8878 5538 6141 2143 6407 8345 8459 1573 6704 6011  684
 2121 8267 2288 2468 8960 5448 3430  354 1290 3654 1915 7526 4440 5530  260 9038 5070 8069 2799 6463 4020 4092  131  183 2568 5112 1901  994 2152 5352 7523 7888 9377  284 2741 4170 6924 6667 2339  487 9422 4766 6224 8509  949 2060 6542 4824 2926 9208 2365 7509 8265 8686 4949 6306 1236 1388 7485 6825 7271 8202 1631   71 8899 5775 8074 4680 7576 7723 3372 4847 4400 1606 9310 1374 7821 8380 8880 4831 8449 4997  285 4806 7240 6005  782 4018 6623 7302 4554 2613 1884 5964  807  429 5033 9392
 8453 5505 2306 3920 5641 3672 7332 9427 1535 1839 7085 2894 2584 1443 2643 5169 3924 6784 9431 6765  514 9384 8660 3465 8322  496 1342 7043 2717 7900 3704 2235 1616  965 6666 7482 5465 7825 1226  172 2947 1431 6783 1599 3159 7764 2498  915 3736 8889 6771 3916 6119 6658 9306 3003 3871 7402 2735 5422 3869  942 6694 1071 8583 5580 6699 9166 4152 7991 3896 3875 7603 8647 7837 6018  639 1003 4557 6068 2089 6881  463 5120 7168 7450 5968 4288 2314 3807 5496 3170 2219 6439 9429 1955 6150 4874
 6787 8816  815 4717 7970 4382 4567 2488 6146 1475 5545 8681 2356 8835 3653 3225 5568 3393  435 9073 8817  358 9503 4090 5526 8358 1052  895 5778 1054 1744 3615 8162  957 6671 6643 4526 2928 2025 5660 1983 7551 9206 2100 5093 8500 8420 1305 7746 6089 3356 5556 4163  847 1819 6514 3623 3895 3712 7646 2683  247 6938  149  224 8246 7905 9366 4225 7126 9229 5522  388 1614 5921 2289 2773 8702 2429 4224 8430 5942 1553 8794    6  133 6579 6281  839 8440 8185 6229 8726 4715 8158 4279 2116 4627
 3187 8557 2209 1683 8667 8783 6042 5640  778  309 8931 5280  736 4736 4051 2005 5476 5953 9591 4610  660 6176 7967 8300 9033 9362 4681 3530 8513 8478 2540 4566 7389 3435 8229  845 4676 3310 7827 4671 8837 6189 1951 8019 1681 5992 2665 3544 1296 4927 9218 8140 4364 7552 6723  494  885 1775  872 2977 9459 7343 2000 7439 2827 6287 1860 7953 4156 3532 3819  716  940 1699 2268 8286 2326 7287 5999 3410 2467 8588 1830 3161 4637 6236 5891 5357 6213 4551 6921 2338 1552 5205 6076 5174 1193 4136
 9376 6255 6148 8590 1855 4200 1789  657 8890 1271 5511  769 7071 8898 6044 1313 7385 6465  513 4657 2534 3893 4346  616 5602 3436 6539 7809 3350 1852 7501 2053  520 7306  483 5614  939 7331 7006 2936 2156 8151 6022 9259 5843 9475 6593 3176 4383 8751 8652 8617 2118 2227 5996 2244  906 4328  747 7514 1967 2615 4795 7556 3012 4142 9534 6583 2813  361 2371 5492 5433 5985 7814 2440 6476  666 5013  315 3635 3322 8582 5899 1156 4211 3032 4488   17 6265 9399 9436 7007 7310 4726 3273 9124 7899
  693 5933 2999 4394 6789 1714 3295 4209 1697 7882 6169 1930 9365 7518 6598 5642 4563 6427 7638 7823 6390 4145 2385 5380 3538 9194 9383 5238 6228 1028 8153 7720 9266 2611 4645 9412 4161 4789 9577 1302 2057 4208 2036   86   26  127 2715 8435  440 5290 4414 6709 2816 1079 8331 2021 9028  610 8302 6112 6717 4418  947 9205 7364 8023 1299 6222 9146 7405 5710 5941 5423 3754  620 5384 8872 5004 2093 2303 9017 8487 5394 2575 3838 3214 3013 3925  451  532 9489 6013 2447 1602 5206 2888 3741  298
 7788 6352 1230 3100 2713 6052 4239 4921 5653 4015 5333  139 4252 5477 8479 3549 1600 6494 4612 8785 6767 4906  103 7394  491 4095 7660 6795 8779  735 6906 7117 4282 3200 3905 7939 1609  762 4765 2033 6799 4716 1402  243 3434 1584 8714 1337 7684 3237 5834 3870 3347 3147 7409 3632 8871 5398 2642 4448 9244 5424 5195 5071 7578 1189  409 9512 7710 5677 7427  868 4606 6706 6727 6056 5462 1804 6947 6425  122 1991 4229 3146 4683 1863 5865 6841 9227 6958 4267 5691 9496 7138 7675 3908  726 4008
 2796 7267 8943 5322 6349 8005 3366 2669 5095 7480 5777 2696  511 7323 8675 2469 8879 3420 3008 6298 6503  209 3753 2465   32 1041 9079  875 1164 3134 4877 7069 6033 5802 8485  160 4845 2990 5989 7207 2677  668 6755 9437 7491 7826  869 1636 6234  171 8283 4584 5304 3391 5846 2311 6974 5178 7867 4572 1351 4538 2138 5749 5466 6100 8954 3332 8127 9448 8745 5746  290 4137 3751 2464 1657 6117 1613 9579 5128 4435 2081 8806 6053 5473 7125  717 4111 2738 2776 9463 8012 8566 7832  307 1309  277
 8599 7656 8938 6886 1180 2199 1104  173 6856 6997 9443 2535 1306 9046 1471 6613 7506 3829 6559 4046   12 6475 8362 5998 4312 3260 7176 4752 5724 2781  271 5315 8863 3882 8051 1117 6397 9160 8295  184 3259 8756 2304 1889 3612 5397 1460 9522 7376 4196   23 1173 7779 1710 2412 2179  434 4515 2243 4573 6586 2187 6510  464 5633 3306 9196 9563 3290 9461 1532 3749 4487 3299 5314 6195 4534 1540 2832 2372 6250 8618 7419 4663 2742 8037 7428 4167   50 7868 5098 6209 8067 2573 1333 4544 6712 8676
  221 2879 7999  857 4016 1878 1092 7950 7830 7355 8436 8102 5229 5503 3733 4121 1075 4760 7644 3097 4039 7673 6245 8717 8249 1135 3909 5566 7969 2563 2699 8672 6975 8112 6732 6008 5995 6943 2884 3696 1134 5625 5588 1998 2442 5085 3262 7031 6815 6603 5378 6599 7135 6534 4696 8333 1439 5084 4720 9022 3367  199 1120 2685 3179 8749 6369 6989  734 8951 4536 5590 6403 7146 3574 7004 1666 5116 1541  448 1394   29 5983 1331  959 8853 4744 9286 9105 5723 5171 1803 4344 1128 3331 2189  412 6413
 5585 5729 3693 6626 3181 5287 4017 7230 9010 8977 2912 5212 5878 8939 3270 2099 1625  867 6753 2355 5554 5369 8082   39 4403 9596 9250 4232  423 7454 4489 6070 5509 6072 1035 1530  740 1531 7378 3314 2437 1561 4271 4642 3507 2763 9527 2770 7121 2987 7199 6130 1743 6532 4032 7195 6243  417 2726 5489 3715 4605 8546 4710 8231 8946 5830 7919 7941 3263 7584 5040 6464   75 3661  819 3142 5984 4763  484 3062 4576 2952 8498 2790 9057 8155 1196 4494  583 2226 7674 3149 5074 3005 9350 8489 3986
 8071 7942 9471 6609 4705 6430 1920 1823 8260  678 4966 3338 8029 7335 4981 1090 4533 4453 4021  706 4085 5294 9518 6187 2101 1048 5573 2866 6048 6696 7733 6152 1101  662 7798 6629 8065 9222 4748 1579 8354 2655  175  848 5079 1395 1851 2022 5765  681 2242 4706 6760 9070 1094 8269 3431 2460  359 7247 6090 9262 8841 5138 3728 3258 3086 5571 6555   95  385 2228 2013 6849 1228 7116 7887 6554 5666 9462 2571 8704 9211 2141 9494 1013 3044 6903 3842 1845 1840 6123 8755  999 3643 4787 8579 9210
  955 5264 8079 5906 8792 1809 1615 4699 2004 3801 4695 4433 4093 8397 4804 8955 4035 7092 4434 1847 4398 6798 7778 9175 5584 1892 2131 1651 4412 6844 9157 3255 6335 2764 7032 7396 2569 4805 6618 7441 2002 1316  937 3580 9380 7268  792 5874 7316 7130 4827 7545 3854  694 1827 7325 3744 2001 5211 5868 8304 3795  400 4408 5541 1931 3797 8015 8713 4522 2477 8287 6811 3836 8421 6140 4911 6616 1208 2406 8434 3937 6003 1536 4047  771 7976 6790   94 6828  878 3478  516 5410 4788 3767 5796 6822
 7129 2056  924 2855 5848 5717 1521  505 8108 6983  973 7890 2729 1023 3009 1276 2881 8985 8191 3781 8465 5821 1724 9419 8470  274 4962 4798  718 3617 3304 5558 3095 5358 4523 7392 9369 6519 9474   68 8122 2220 3291 4863 7221  930 7064  125 8129 9424 3702 1376 5310 2681 1122 3813 7932 9167 9304 4369 8375 8225 8379 5321 4780 2117 6326 3999  327 1502 7548 7273 2175 2581 3721 7585 7531 4373 4690 4381 8633 5023 7666 6178 1753 7429 7073 1693 8906 8525 3067  605 5824 8106 2127  280  690  381
  575 1453 8347 9001 8622 5209 3853 2777 4399 3120 6770 7592 2261  992  136 2377 5446 4213 5414 5017 7299 9242 3978  591 8790 3001 4959 1105 6794 6610 5010 4319 7943 7307 9201 5042 7358 8226 2397 1953 8171 7420 3583 1058 8661 7630 7167 4034 2515 6734 3954 8301 6987 1001 1019  731 3053 6300 8496 2751 3166 6661 4350 6383  804 8072 7853   77 6200 2956 5657 8967 3275 2908 7686 3735 6869 2285 8736  586 8224 4128  923 5271 1442 5922 2688 4477 9235 9332 1258 2957 1181 3175 5463 3620  118 5740
 7494 9148 7103 3121 9351 7282   19 7120 4973 8845 9064 8569 8964  116  555 8296 3221 6769  304 7909 3397 4124  641 3651 1201 4943 8839 5876 2296 6067 5742 8411 6258 2126  687  486 1358 9329 2376 4506 3133 8409 2654 4944 8039 1902 3824 6091 2027 6861 1581 5947 6411 9458 1039 4397 1585  904 4390 7410 4102 2690  801 5003  459 2749 6708 7397 1353 7602 8058 4963 7691 1163 1815 7045 4623 6617 4834 7977 2470 4485 3019 6049 8002 3022 2275 7535 6440 3566 5136 3587 2651 7151 5402 7184 5202 2276
 2609 1671 5591 8716 6065 8670 5340 4561 6965 8808 8962 1647 9062 3534 3191 8776 8608 3264 2975 4074 3209 1155 4989 1711  989  227 2386 4910 3859 4153 7642 1097  326 3287 2174 6619 4067 6576 4950 5270 9272 6336 5785 5343 6625 2135 8124 2508   41 9114 7607 7591 1011 3957 5491 2492 9252 4380 6640 4340  437 4622 7705 2519 7366 3247  481 5967 3208 9049 7741 7699 5926 4899 4562 6998 1586  700 2567  588 8722 8272 2927 3021 8303 3985 5862 9506 2048 1103 8042 3272 7234 1593 2507  602 6275 8775
 4002 6786 9368 9036 4300 2646 8328 9204 3078 8614 7468 2840 8311  669 8047 1919 4447 1045 5347 1515 6574 5240 4737 4673 8391  679 6294 7286  941 8762 3915 1160 6182 6325 2347 1362  208 5806 9504 6420 2691 6254 5301 5488 7154 9044 3969 6161 8820 2364 4796 5766 8866 7098 1604 3098 5788 3777 4005 4843 5407 2483 3470 9091 6751 2945 3828 2425 8125 2254 1783 1072 3771 3742 6035 2202 5030 8926 3740 1810 2561 3843 7000  431 5443 2768 2981 3949 4257 5312 3553 1324 6043 8913 1795 1482 5990 7447
 3760  686 2350 5783 4916 5902 1129 6802 2074 2705 5487 1727 3548 2015 1037 9371 2446 7177 5853 8174 6513 1640 3490 1012 9003 5663 8989 7805 8206  561 6136 7344 6878 8662 6809 7945  120  165 8189 1644 5408 5228 2173 7250 2389 5735 5562 3319 7296 3784 6685 9147 4803 9460 4887 3065 5002 7654  449 9256 7318 2954 8350 5145 3788 2546 5929 7718 3119  846 8850 2744 1459  363  203 8724 4493 7735 3344 3676  325 6415  651 2748 1790 5861 5447 5179 3775 6620 6304 1359 3823  785 9041 9598 4461 8891
 2321 2921 1492 9495 2969 1883 3139  836 3851 8613 2662 4553 4345 5808 7140  627 3609 9544 8630 8996  371 8444 1191 5230 3762 2632 7329 2577 9313 5575 3145 4480 6509 7362 8740 1213 3011 1186 1102 7974 8565 2524 5593 2267 1099 5335 6242 5043 5170 2283  296  318 2451 7928 1571 6686 8746 9372 5337 5453 8144 2587  552 9093 2007 1308 7314 2077 7560 3956 8870 1089 7775 7796 6449 5097 7434 7755 2480 5226 6487 5125 7947 5372 3442 2315 1433 4149 5563 5912 7382 5087  811 6830 8639 3535   45 9143