 3289 1777 2140  876 9548 4162 3773 6330 9641 6988 6183  798 3706 3183 1534 2134 1163 9255 6844 9189 6512 5665 3255 4083 2074   96 4702 8495 3708 8819 8941 9417 3483 3053  577 1979 1966  305 6911 5327 3568 5083   86 1978 7513 4722 8679 7165 7450  239 3594 1287 7961  677 4533 5852 9541 7928 2020 7113 9762 8438 5477 7334 2418 4145 5219 2895 4685 8103 4602 5347 4673 3527 9290 4885 8075 3798 6149 2988 5885 6820 3797 3549 4392  703 2421 8206 3346 4653  471 8466 1719 9439 6920 8758 6312  486 8176
 2324 1898 6045 5836 9221 8441 1732   69 7737 8067 1779 3674 7432 8633 4718 4054 3278 8326 1655 2610 2344 1844 7294  921  590 6688 7579 2906 1430 2843 7671 1209 4991 1618 7777 7755 8790 9243 8019 2453 4063 5155  613 3227 2460 9366 4637 2262 4163 7339  684 7965 9299 5131  879 2744 3638 7602 8027 8068 2590 6449  444 3971 3622 9136 5669 6432 8608  772 4663 8332 3497 6082 6088  406 8802 9355 3051 4951 4548 3211 3375 4416 4896 1498 1839 3275 7341 4390 5453 5552 9761 8985 8262 2143 8893 5440  185
 6224 4886 8999 4982 5706 7909 9240  871 4250 3699 9463 6032 2776 7963 3829 4530 4609 1958 9433 2227 1404 7973 3946 1780 4094 5004 8976 6359 5516  682 1238 4076 9686 5330 1268 3206 3188 8350  388  411 5853 5888 3575 6117 8946 9260 1533 2824 1831  329 9580 3513  840  641  225 1642 3939 1885 4738 5037 9230  894 9324 9789 4890 7757 5564 3274 2749  544 2779 1925 6779 7098   30 9751 5443  293 9639 7351 4827 6601 2756 9464 7566 5753 5630 5338 7020 9539 5405 8674 7614  914  527 8360 9274 1892 2285
 7373 4778 5717 3630 1281 7139 6215 7680 1339 3574 9398  960 6573 3399 6079 1538  480 8252 3992  809 2097 9649 3891 3433 3031 5409 2110 6216 6068 4381 6201 6955 4207 7822 4670 1480 1151 8264 3022 3078 3807 2926 5924 7050 1466 9374 5860 6918 6133 4971 3875 6710 4337 3698 5916 9525 3389 5663 3608 2916 5241  891 4136 8519  759  821  281 4601 7728 4156 9530 6048 1139 4415  967 5709 9623 9613  316 9565 2592 4804 8871 2354 1767 5194 6940 3258 1548 7410 2685 9396 9305 8473 3347 7969 3715 6951 7155
 7848 5487 7845 9444  814 3326  213 5551 2138 7527 8752 6960 4202 6241 6478 2250  888 9707 3609 5085 2448 3203 1468 4595 9262 1810 7411 7679 6564 2520 7412 9425 7259 4683 8399 7609 2718 3585 9653 7196  988  919 1171 3727  870 6040 3854 3821 4234  907 6445 6812 9476 3589 9532 3468 8324 8634 5775 3869 2598  132 2796 9409 1814  463 2726 4275 6719 5304 8961 8276 3671 3983 9013 3029 1184 6627  334 4153 9556 4807 8287  195 2485  427 2139 3831  688 9054 2252 8975 7067 6660 5385  402 1207 8652 5944
 5842 8656 3130 5832   84 6071 1660 1515 5007  692 9362 1863  137  709 1675 7516 4981 2897  167 4969 4968 5744 3306 5429 6145 8513 3215 5284 8232  825 4987 2170 6863 9633 1222 4086 9411 6153 2624 6698 4603 5502 3205 8187 6043 2466 1402 4151  910 1144 5223 4494  142 8244 9027 7348 1540 2713 7595 1364 8315 9269 3925 7903 6475 8190 8365 7326 1046 6157 4836 2950 4569 8188 5823 2199 3605 9257 2214 1874 7889 4740 9271 3523 8615 4936  752 7932 4882 3756 5822 6011 2261 4115 7236 2298 9251 8477 7370
 4047 5423 6284 4803 3041 3623 2951 4055 8180 7934 5503 5783 4397  422  424 1272  852 1009 8554 6428 6831 9074 9638  219 3417 7771 4069 2166 7828 1164 8917 4312 1747 6971 5316 5315 2302 9127 3370 2717 6767 4229 6158   78 2051 4941 7180 5708 2455 2365 1729 3406 2789 9550 4098 6474 8573 9631 7230 3544 1024 1575 1560 1490 6109 7006 3795 3571 1288 6840 3055 9280 4985 1919 9081 5931 9672 5154 2994 7604   94 9547 3980 7203  820 9395 5236 3308 4931 7712 9424 1695 4943 6361 4019 8669  455 7942 9320
 9131 8178 8783 9067 8981 3339  160 8982 5796 5249 3422  940  498 8161 2599 5182  912 2146  979 5641 2424 2781  134 4127 3296 1641 4823  336 6772 7542  734 5782 9032 5927 7522 4504 6081 1457 7616 1530 7901 5617 3525 2236 8867 6961 4333 6374 2874 2128 5670 8539 5384  949 2941 9137 1900 7943 2707 8910 7021 1877  659 6341 7586 2198 8860 5172 4627 2630 8015 9491 8879 8955 7883 7387 1804 4770  456 9729 5341 5768 2425  433 7365 2913 6192 2890 4387 9088 9038 3859 3858  729 1595  667 6935 8137 2136
 8787 9060  130 8938 1840 7353 4431 2212 7213 3927 2730 6804 6044   38 6661 4606 9090 3195 8598 2376 1189 3234 3349 5776 8853 4102 3388 7200 2830 4643 5850 7292 3501  678  373 6097 4247 6880 8251 6416  289 4114 7876 9094 8181 3327 7520 3817 4914 4828 2076 3677 6720 8903 7590 5243 8302 1585  998 8920 9307 1517 2842 3932  885 7031 7950  833 6234 5041 2664 5027  467 3409 3569 3840 2937 8663 1194 9497 7330 7723 5573 4980 3265 6181  221 2473 3377 6497 2025 8396 8318 6407 3193 1652 9774 2186 2633
 8416 6258 7092 1119  892 8500 6793 9640 4666 2345 5033 7998 5379 4747 3998 3427 9732 5765  548  598 7553 1740 7711 7941 2277  637 3741 9239 3822 1690 6629 5193  780 6177 5556 1709 2977 1246  673 7543 9621 5549 5457   33 4068 3241 4797 3408 4287 8739 3087 6140 8193 2423 9656 9049 1620 8609  679 9709 7483 3263 8680 3534 7655 7175 8451 3584 6379 5166 7041 4511 3843 6294 5331 8886 7015 8214 6400 7352 1473 4058 2216 7256  342   51 1975 7649  942 1285 1232 3928 2129 6917 9768 4714 3135  723 3004
 2200 4347 6769 3459 2058 4843 1217   67 1545 4179 2723 6744 4829 5292 3962 4264 8711 3877 6849 6797 3231 2927 4654 5394 6297 8862 5014 9475 3986 3365 4379 5190 2404 8704 4620 2773 9278 3257 5579 4326 3784 7634 3405 7313 3601 5299 8456  224 4216 1486  513 2576 9197 9644 7159 4368 4903  716  559 2226  432 6008 2705 6681 8854 6689 8036 6430 4964 1917 8896 7007 6694 7034 8339 7325 8665 9537 4142 6668  114 6106 7193 8908 5239 8969 4491 1965  708  644 8033 1270 6612 1049 2007 6672  770 7990 3710
  375 2367 1608 6516 3113 5603 7156 8566 6300 1407 4766 5314 2042 6887 1895 5161 4419 7591 2338 4045 3368 6454 8881  562  856 8386 5188 6528 9441  720 5536 4343 2628  804 1150 7501 7284 6584 3147 1990 4634 7562 5907 4731 1245 7732 3217 9534 8109 8555 2743 4765  970 9606 1519 4977 3060 4008 3364 5288 2524 6139 4486 2107 5114 4999 7210 4640 2106  126 5645 1527 5575 3457 7639 4182 4701 5699 9517 7469 9339 8373 8799  931 8736 5917 8095 5469 4928 5070 3782 2012 7026 4499 6616 4668 1528 6264 7939
 7695 3495 4252 8763 8123 6999  626 8300  264 5179 8487 2164 4425 8025 6607 1415 5077 4884 7132 5563 4824 5075 1936 3474 5964 4251 7344 7975 6187 8610  209 5260 3159 8889 2171 9663 7795 8497 4321 2118 3679 8960 9121 1815 2231 8271 1834 2967 1029 5608 8353 6188  674 8382 3945 6524 3325 2508 4309  113 4614 2372 8616 2905 2155 4794  509 4378 2169 9630 7431  140 2602 8090 2982 5634  987  335 2869  261 4358 1558  990  158 1278 5863 8994 6923 2665 8692 9487 7477 4466 5422 9573 5866 6456 9520 6947
 2156 3338 7576 2059 5914 5892 5965 7343 1529 2112 9559 5642 9688 4301 4458  106 5333 2350 3801 2446   53 4249 6163 5982 4017 2710 9720 5794 6205 6883 9085 5734 6286 7778 4764 7166 1023 7550 7465 5458 1947 6517 2924 3439 2725 6333 6229 8140 4992 2865 8650 1055 2439 7619 1098 3361 9346 7836 8907 5526 8592 4508 1091 1742 7395 3602 9727 4004 2044 9050 6227 8460 6434 2321 7161 1574  880 5523 3008 2887 1286 1115 5169 5947 1374  263 5933 9210 1102 1762 4847 8738 1876 6759 9099  973 5254 7861 2800
  360 5576 5530 8851 6357 5731 8434 6185  306 4259  671 5515 6235 3220 7445 6514 3580 1913 3785 8942 1855 5324 1047 4282 4474  450 7443 9059 9702 3567 2797 5361 1824  430 7525 4841 6504 8748 8720 8412 2315  589 4651 4164 8902 2105  645 5513 8120 6835  765 8032 3382 7657 1186 6776 3429 8450 7593 2115 6042 7359 7898 5408  352 3641 5143 4038 5466 7847 5122 2192 5359 1451 5089 7966 5479 7601 1525 8536  434  966 4005 6993 2746 7914 7101 5720 2588  277 9295 9076  327 5611 6025 3396 5484 8197  532
  756   44 5262 2574 8323  514 5843 7980 3783 2368 3271 1240 8801 8490 9671 2978 7027 7087 4407 1775 2762 9156 5817 4091 3148 2505 9031 1452 8602  945 8788 1447 4523 1142 5618 4382  217 4789 6676 1696 7908 4059 5687 5276 6169 2915 6247 8459 7704 9281 4396 1249 8950 9391 8452 8786 1922 7840 7776 5248 7917 4597  578  378 9734  369 4131 3931 8774 4201  832 5312 4137 6677 7739 1586 1707 8458 2297 9681 4322 6529 8558 1445 8681 7814 7603 6387 7478  218 1513  235 5637  256 1309 4353 4657  854 7618
 7148 2413 1521 7149  302 6230 9001 9696 2329 8859 2532 2594 8814 7463 8713 8568 8597 4272 2123 8465 4075 2282 9170 3465 5046 6687 1218 1060 7247 9576  503 2084 4219 1412 2019 4267 2015 7391  541 6490 5227 7544 8040 5583 6419 5730 2838 1212 3521 9531 9168 2788 9661 2092 9785 4662 6576 9654 1677  318 3151 6682 3870 4611 1108 2648  775 7556 4689  786 6303 8005 4711 9536 1104 1228  750 3787 5715 5383 5061 5437 7010 2983 9782 4805 2336 4352 7442 6848 8589  519 1872 8533 1960 5208 5093  315 5074
 9311 1771 9080  391 6480 3142 6560 4564 3506 3209 2194 7135 6817  956 9667 7808 9719  573 9577 8261 9272 1471 7878 5305 6620 5814 7152 6279 3023 7491 9635 4357 6967 5055 1095 8157 6451 3551  868 9502 9388 2377 2301 3651 5446 4709 1869 8455  755 6393   95 1043 4170 8445   17 4276 2635 7074 7523  453  898 3173 7753 3960 1266 9430  738 1130 4241 1002 1610 6915 4278 3720 2688 7073 2740 4484 8354 5214 7350 8008 4268  171 2591 8520 1122 4215 5115 5163 4007 3273 2211 7110 3984 3940 8734 8306 8705
 2876 2992 4629 6574 8617 2558 1703 3745 8937 4751 3560 9093 8694 7081 6104 5157 8820 8336  119 2185 8647 7283 6335  875 2093 6164 2900 8753 2545 3021  386 7643  864  958 3524 4155 1983 9008 1213 9383 2748 3239 6734 9527 3080 4064 4557 4630 9494 8703 4514   37 7310 7780  726 3449 4998 7826 5952 1137 6522 5040 3517 7309 2188 5280 2222 2359   10 6273 2572 3330 7409 8135 5592 1848 6613 5342 8588 1532 1488 2888  658 8491 5740 8126 6305 1873 4335  655 7430 9145 7529 6421 7759 7846   13 4787 7260
 4104 7599 5158 8037 2322 7518 5624 8482 8785 1365 3379 2612 4433 7572  858  696 7696 6912 3440 6732 2658 1465 2767 9650 6622   14 2006 9118 6036 1820  188 8488 5639 7143 1991 4452 4638 6813 5677   58 8718 5141 1244  895 9386 5788 1623 1472 7958 7240 2675 9404 1474 7722 3107 9342 2426  653 3484 5694 7444 9626 4781 6604 5178 1956 1053 8200 6470 2540 7462 8427  363 9083 3069 6656 9687 1787 7306 7375 4962 7407  651 2319 7150  977 7741 5192 6322 3315 2142 9690 7709 1680  725 7930 6238  588 1381
 8870 6355 4954 4604 3701 6531 5300 8560 7277 3758 9226 8556 1106 5119 6038 5586 3098 8600 5758 5256 3975 2690 4475 8359 5951 1065 1715 5277 9124 8012 4707 3166 8885 4779 5664 1253 4464 2088 2480  954 2815 1600 7689 8706 6396 7205 8683 1746 5748 2852 5367 1396 3058 3161  996 4522 8104 4465 7653 7302  400 7754 5722 2963 6022   24  304 9365 5809 8914 9236 6095 7246 7089 2469 6875 5210  383 4923 5135 2494 6830 2526 9466 7468 2657 2990 5946 1234 9800 5387 2075 2768  934 9781  695 2699   45  666
 3789 2187  484 6712 8228 9091 8618 7852 1093 8697 4237 3993 2270 3908  933 4899 5977 3072 8756  226 4542 7264  368 5983 6606 1910 8804 2827  939 6899 9726 7640 3627 4388 7145 3140 2414 8842 6274 8333 4283 4809 8286 3640 3956 8343 6770 1648 3154   68 6974 6122 4870  124 9714 5170 9028 4567 1896 8054  148 6362 3765   39 8638 6780 1069 3595 2582 9470 7946 4052 6448 1422 6166 1781 4100 2280 3558 2720 1880 6017 8742 9126  683 4956 6766 9791 6724 4334 2946 2021 4889 5113 2692 3747 5189 4030 8463
 3423 6265 8557 3959 5404 5504 5087 2679 3056 4572 6596 9508 6931 9518 3285 6533  340 6479 3519 3045 5448 4520 5265 1629 2183 8757 1079 5735 6980 3488 3516 1786 8810 6194 4246 1326 6370 1583 7882 3650 2176 9061   92 6261 1591 6447 4862 8454 5455 4414 7296 4560 9349 3328  381 4527 8682 7514 1219 3711 4101 4468 7471 2064 3238 7484 2719 1140 9589 6222 1551  702 2627 8915 3425 9468 7524  694 2764 8662 4589 5016  460 3456 3617 7106 1520  147 9331  284 9458 6534 4208 5754 7367 7768 9326 3547 6796
 3176 2613 7509 2959 8229 9187 3532 1705 6843 8538 1124 9790 6665 1073 9108 5778 8746 4413 9394 4850 4299 8204 1302 4406 5415 3099 2854 1890 8864 6371 6087 7307 2283  485 7311  908 1570 1202 4960 7270 3102 2206 4942 7905 5461  817 6154 8411 1136 5393 8010 8021 8824 1494 8249 8447 4822 3867 9216 4772 1511  351 7733 1666 4003 1734 7809 7282 4799 3598 1663 1837 4648 1918 3832 7345 9173  204 9617 4970 3162 7022 3887 7708 9746 1562 8782 4935 4057 4391 7557 1475 1856 3344 5918 2998  421 1976 6141
 5397 7893  489 1180 9481 4227 2033 7118 5846 8664 1293 9692 3820  189 9253 9484 1479 7843 7824 8866 9224 6886 2739 4437 7178 1580 6417 6975 3911 7335 7745 6765 5034 9113 1121 1008 4993 6290 2833 2305 2144 8530 2933 4111 5378 6484 2500 6825 5488  569 4088 9183 6956 1679 5175 2499 2309 4949 3915 6262 3228 1166 2617   56 5590 4184 9227 8173 6054  297 1854 3686 1713 9786 7526 4046 4417  545  718 8944 7077  779 7798 3898 6013 6077 8419 4706  362 2001 9509 2389 2851 7560 4826 1039 2759 8649 6723
 1502 9052 4649 2260 4428 4256 7954 1162 9150 3144 4028 1405 7189  739 1617 8494 2422 3554  863 1699 9242 5110 8440 7358 5835 1357 5702 5297  105 5107 3804 8428  470 2911 5103  593   43 2271 3788 5527 6200 5684 8823 5777  920 9376  138 7919 4932 7122 6858 8074 3705 8620 1606 2966 3320 4405 8364 7018 9503 1265 1738 5830 1879 8057 8484 9270 2949 3293 4078 4920 8637 2175 3934 7121 9169 4029 7962 5550 1743 7454 5602 2481 3073 8485 8548 7190 5755 8065 9116 2116 4123 6111 5064 2416 3767 3626 2736
 3792 2370 5539 7978 4796 1386 3793 7356  890 8732 7683 1332 3420 3047 6161 3480 9377 6735 5357 3475 8534 5682 8948 4924  769 8224 1113 5052 4754 1125 9364 5963  339 6356 8072 9522 2892 5747 1044 4506 4919 5217 2732 3309 9199  447 2486 7336 6987 7053 3610 3717 3200 2575 3600 8928 6678 5094 2273  510 1052 9109 6561 5255 2221   71 6459 3803 5065 8138 9601 3383 3400 3847 5531 6436 8183 5902 4418  869 3085 6651  680 5295  776 9668 4188 4549 8119 7673 6882 3777 8462  827 5834 3684 7109 4176 4961
 9493 2557 8644 2935 8474 2971 2691 4097 5473 2563 8728 1938 2360 3345 6129 7476 1021 8413 2310 6713 1763 6505   46 7608 8803 4531 3411 4369 6309 5967  478 3966 2328 8375 7291  268 2650 5042 6347 8926 7532 5431 9418 8469 4730 9313 6214 4395 4959 4124 4633 4800 2039 3652 4134 7235 4659  853 5191 2224 2686 2816 9043 8219 5517 5833 2174 1481 7368 3050 2053 4303  458 2030 2857 3479 9064 9149 8577 3921 6191 1427 8755 2066 4715 1230 7304 3943 9198 6007 2274 2005 6896 9405 5365 6269 1145  782 8825
 8292  602 1735 9025 9459  774 1214 4562 2046 8070 6602 8349 4694 3068 5725 2853 1296 6392 5150 4336 6580  465 8400 5511  585 6748  989  668 9319 1904 3695 4095  563 9392 6582 1392 2655  815 7207 7422 5693  210 6647 7417 6003 3194 7378 1334 3642 1348 7568 2600 2799 4816 7612 6745 6118 6626 6314 3481 9132  813 4913 4285 5910 1382 9372  390 9745 2829 4187 6671 5628 9194 8385 1962 6253 3434 6814 2147  182 2864 2050 6144  538 7438 5612 9669 8169 7204 3664 2960 5935 7987 9467 5180 4375 8393 7146
 3770 6178 5756 8583  582  793 6338 4200 1651 4547 6811 2872 5988 2428 8743 6375 3394  323 3334 9115 3926 7666 7441 8361 7498 7418 9717 2450 8195 7299 1376 8296 3848  721 7533  492 9582 2127 4947 7361 6499 9567 9229  717 1399 5258  196 4692 1670 6302 5427 2284 5548  149 2831 1154 4239 9140 6125 7040 9037 5978 9779 3057  321 8392 1360  376  985 6994 6263 5745 1951 1062 7705 9736 4559 7482  466 7280 4538  981 1842 2703 8377 7558 3533 1928 8988 6741 3371 2562 8996 8004  324 1867 8504 7551  802
 3064 6213 1941 9071 3027 3557 4996 3692 2191 3732 3901 4782 8401 8684 1908 4165 7820 6711 6464 4693 7479 5538 8092 2632 9248 4401 7706 2438 1109 4867 2323 4543 4594  443 4084 7785 7897 6378 9327 7079 7554 5345 9249  131 3139 3182 4118 5106 2243 8016 8148  426 8275 4307 8571 3245 6035 3861 4739  841 5774 7298 1783 3662  878 6132 2378 4933 7449 5798 2879 9725 1654 2948   74 1907 6328 9483 4835 4042 7698 3448 6311 5743 2244   25 3538 5468 9232  452 7751 8603  172 6652 1914 5369 1170 6644 9298
 6513 1749 3563 2945  303 6495 6380 3796 2623 7986 5032 5252  232 8046  168 7977 2606 8417 6740 4632 5497 4986 2671 6086 9713 9571 7660  300 7807 2550 8340 3759 1541 1153 4366 1727 4194 8691 9480 4450 4757 7947 2289 5616 4066 7872 9014 9292 1626 8443 8861 7495 1345 2311 6476 3288 9403 4240 7226 1932  528 9142 7936 1356 4753 4171 2374  749 7163 1784 3536 1987 1858 1432 4138 1307 4690 9637 5770 5090 3063 6888 1181 8972 6063 1950 8121 8501 4571  473 7308 6545 4875 2751 6667 3385 9712 1739 3537
 8798 4801 3972 8830 8217 6052 7419 1155 3749 8503  932 2383 8156 1011 4699  794 2371 4907 3910 5012 1685 2616 9010 9445 8471 6010 1615 4467  178 7096 8837 1116 9689 1294 2771 8255 5451 4734  238 6412 4039 2470 5896 2492 1601  622 8390 5372 6354 8077 7654 2564 4305 9006 7760  477 4161 2026 5086  862 9435 5420 7497 2501 9410 1040  618 5274 2234  298 8645 8749 9196 7959 6874 5781 7286  657 3917 1378 6075 3905 2856 4384 5111 7046 3703 4493 3944 5068 4768 9063 7116 2239 2004 7816 8564 7253 1347
 4791  710 8014 4619 2555 4412 1133  992 6510 3387 3489 1059 2099 4529 2700  549 4254 6693 8905 2223 8759 3637 3882 7904 4080 7858 8586 4348 1277 8523 6684 3177 9514 7594 9318 8827 2728 1147 8039  405 8347 7835 5827 5073 5956 1653 8813 2124 5851 6135 3054 6964 6208 6818 5992  829 6540 8250 6278 8097 8242 4830 5803 1100 4332  330 4940 1373 3002 5116 2233 1559 8496 2197 6099 2325 7851 2801 9107 4743 7865 2467 4952 6867 8240 4056 1178 3276 9101 3066 3597 5891 7239 1476 8811 8701  361  761 4261
 4073 3690 9245 4393 7929 8071 7456 3823 8203 5955 9158 7854 6594 9642  508  449 5045 8185  610 3401 2108  415 5780 4719 3618 6790 7867 3884 9618 2402 7622 1064  768 5882 6115 3277 7069 2468 1628 2341 1401 2813 3872 8080 8888 6492 2954 6807 9747 7448 2893 3881 9460 3175 6646 3644 4912 6463 8029 1308 6047  410 1487 5623 6962 1613 3272 8461 5495 9009 5398 1383 6049  873 8435 7383 2662 3191 6655 6466 1862 3343 2154 5596 3588 9526 3990 5649 6477  442 2457  325 6365 2256 4798 4448 9783 4880 1754
 8426 3541 3976 3669 7748  223  501 1930 1984 6267 8279 5053 4245   73 4641  555  650  574 6749 6823 8940 8166 9205 9678 4519 7606 5069 9446 9151 8022 6900 1624  135 1424 4881 8605 7684 8898 1460 6944 9323 5524 4849  333 9777 1882 6136  823  161 6547 1440 2573 1504 1800 1068 2292 2474 1795 2070 7541 7584 7051 4023 5567  801 7887 4893 8800 5492 6862 7652 4974 1417 1611 9078 1733 5760 7758 4330 2882 9047 4953 4581 8729 5732 9427  457 6249 8894 4130  139 4540 8930 4760 8031 1716  276 7833 6444
 6482 4471 4000 6973 5244 9733 5562  865 8722 2539 8584 2335 3774  546 7831 7084 3210 5560 5799 1841 6471 5613 8532 3836 6834 8655 7913 3033 2178 2307 2676 7379 1413 5761 1082 1015 7996 8848 5100 7720 3841 2148 2503 6403 1909 7376 9538 6342 7625 7944 6034 6223 3689 9691 8809  566 4198 6028 6281 8305 2089 4204 5582 8604 5521 1889 1955 2071 2029 6784 3300 6851 1188  961 2841 1366 7215 8235 2078 9023 8357 5724 1456 6465 3678  157   18 3454 2000 2791 6617 7388 7890 7398 3771  867 2611 6325 3476
 4400 1056 8876 5266 5392 5358  374 3086 3786 9627 4231 2972  505 9469  197 6240 8974  547 6906  246 3763 2495 1227 8546 5438 9740 8421 6806 4598  828 7782  104 1323 3376 2778 5819 7804  669 9507 4362 9228  259 6571  909 2860 6041 6103 1561 6244 3156  314 8659 3647 1312 4625 8606 3190 7607 7648 7953 6381 4825  393 8247 1826 1048 3866 8537 8857 2281 6406 1667 3333 4193 6160 8299 2673  396 3973 7486 7045 9387 6838 9341 7206 1724 3294 5308 9046 5950 9420 5098 6870 7774 3907 7008  713 4975 4061
 6319 9306 7675 2755 5841 6126 7473 4521 5762 1911  758   16 2642 2104  502 8225 7316 8213 1158 8246  251 5329 2661 7274 3543 1025 8321 4365 6179 9018 4802 3751 1846 9351  244 1485 3849 5413 3470 5354 7095 1921 7105 5203  101 8767 9087 2290 5793 9588 7347 5289 4041 1426 7574 1455 5375 6902 7404 4403 1694 9034 1377  685 6690 9766 5271 9329 8079 1342 7642 4220 5269  296 3535 8439 2814 7859 3218 3953  925 5606 3613 1852 1482 5904 5426 4180  358 7459 2535 1193 7273 4429 8977 7713 8000 5797 9399
 2259 7521 2163   11 4599 8838 2727 5533 4576 6198 9757 1794 3167 4410 6410  347 1134 6124 3024 3857 8144 7575 1259 9268 6277 2111  543 7038 3757  186 8561 7384 9655 4420 5230  861 8840 2940 3892 4866 5481 6372 3447 6467 2041 5815 8628 2032 4868 5147 6948 8159 8403 8423 2819 4146 5859  301 2219 7773 3279 8201 5176 4209 9223 6963 9161 5340  903 4813 3169 5543 5857 4168 5828 3065 3578 1720 1077 1464 7827 3307 1094 9754 9593 5862 6837 5374 3693 4274 8979 5889 1588 2696 6085 3152 4350 3298 6206
 1674 4360  806 8136 6919 1067  482 7107 6395 6195 1741 4257 1032 4139 7030 1893 8342 2985 5662 6702 1697 2073 8844 2057 1658 6210 8270 3846 1176 4108 6398 6268 4177 2403 2670 8808 5656 4074 6884 6539 5905 2886  860 3350 6450 8570 6746 8023  253  295 5368 8695 8308 6630 2622 8661 3648 4223 1492 3249 4011 6643 6642   15 3112 8182 1657 2493 6266 6519 3032 1335 5017 7480 9708 8344 6936 7455 8391  722 8223 2880 9202 5302 7363 1505 5402 6714  108 7003 3878 8636  773 2618 9408 6351 4901 6411 7587
 1644 2867 8874 3974 8372 2334 2158 7268 3466  857 4773 4904 9741 5200  242 8904 6679 1825 9147 3201 7127 4744 1718 3576 2603 8858 2157 9701 8740  604 5650 3355 6855 5736 7416 1897  580  408 9721 9604 5900 4037 9557 4459 9587  156 4195  712 2548 2190 9119 7921 2551  290 7797 6308 5960 6950 3094 2919 5084 7281 1664 3443 4745 7272 9347 7258 6469 5787 4120 7598 8545 6015 1086 9632 7552 9003 4320  851  370 4788 1328 8329  387 6632 8186 1971 5980 2837 1944 8043 1416  500 5972  533 2761 6978 5442
 5196 6016 1111 5433 4922 3982  187 9120 9066 6316 6879  845 2995 8047 4036 3540 4688 6228 1310 9675 3510 5410 1352 6586 2825 4623 5999  999 2217  341 2715 6827 1605 4304 8470 2483 7896 7017 7781 4441   23  706 5522 4507 9796 7864 3038 3865 2566 7856 8107 7487 1571 1579 8415 2459 2037  229 6536  935 3888 5975 1764 1071 3283 1996 3199  812  518 4682 7621 5309 4509 8585 3363 8442 2394 7801 6998 9330 2770 5263 7382 3430 8995 6754 7597 8883  788 9636 7377 5930 5364 9335 8170 8478  837 9516 5063
 5494 6941  948 8856 6332    2 2286 9428 7690 8087 3252 8100 3781 1359 7960 7232 3967 5072 7437 3329 1322 6738 2668 2528 6217 6832 2011 4708 5913 7646 2415 9070 6094 2391 3097 8113 3360  646 4311 7060 8291 2478 6248 6777 3269 8865 5184 9584 8547 2268  824 7104 4476 7508  917 5353 3886 6781 8259 3352 9578 1161 8569  889 8514  245 8512 5542 2809 7796 6731 6929 1030 8492  733 2299  848 5594 5915 1112 4710 3000 2412 1684 6904 3198  687 5388 9652 1643 5674 3071 7049 7389 7703 4752 1924 3900  497
 3143 8958 1881 6084 8794 7252 8222 1700 3555  490 4537 7025 9595 5250 6696 1319 3913 1201 2955 3764 2449 3561 7880 5148 4955 7428 6618 4174  280 5679  560 1845 9057 6664 1912 6623 5875 1274 5471  594 3738 5370 2353 1778 6778 4125 2303 6092 3564 2417 1005 3621 5806 6429 7540 9465 1821 8909  344 9152 6174 5570 9284 9217 8337 9666 3155 8352 7220 5680  783 2742 8227  194 4777 6568 2647 2358 9302 2340 2536 1681 5092 9379 3505 3034  660 3043 8038 2024 7993 5062 7184 5949 3222 8051 8335 9585 1242
 1640 6481 4212 6593 5920 1744 4496    6 6053 6219 7588 7570 7198 6331 4175 7090 1566 1636  634 5512 2523 6151 3766  927 8817 2567 6339 6507 4284 2947 8919  165 8448 8254 8965 9596 2313 4965 3868 1959 3106 1211  558 1998 1607 8596 9407 4159 6575 6638 7396 5792  299 6107 5285 5268 7810 4725 9021 8089 4172 9174 9214 1638 9647 6320 7002 9375 2342 2454 2583 6634 4089 4871 2130 3981  117 6733 2863 4810 2546 7504 8612 3729 5710 6256 3628  265 1942 6541 7058 1358 4861 9073  331 7559 2881   28 6577
 1809 5574  614 8998 6995 7870 6030 6184  494 8719 7564 2868 4099 2974 4103 1592  743 7924  955 1847  731  899 3225 2525 7849 3424 4262 5445 6408 1808 6080 4515 6670 6280 3114 1811 6641 7692 6310  882 3663 9402 7147 6673 6405  517 8762 9044 2479 6640 5808 7043 5825 4150 3665 7061 2077 4013 6102 2312 2462 6587 1552 4994 4735 4279 8599 7037 9442 9722 7662  417 7042 1491   79 2845 2629 9711 4253 2747 6703 5303  791 9254 3477 5371  535 5757 6639 2803 2316 6730 7371 1850 9700 8826 9422 8505 2246
 7626 5568 2255  164 6242 2087 5406 8018 6171 5417 7860 9348 4117 6893 7063 5234 7681 7199 1598 9193 6557  536 9482 6321 6558 4524  922  850 7651 4590 1542  789 2581 4513 8831 3735 6304 3837 2973 8285 2639   22 6666 4771 4532 6090 2434  957 3520  901 2643 6628 9053 1439 2296 8041 4848 8202 6631  311 2436 4858 1995 9456 5296 4292 6983 5518 4575 7832 5038 5991 9794 9082 9191 2208 8524  380 2878 5785 1793 2530 8921 2722 5475 6349  273 1662 8745 4761 1985 8932 6340 7381  624  681 5810 1343 7615
 8768 2126 6592 8280 6039 9443 3606 5646 8712 2063 2400 9529 9437 7195 7912 4313 1393 6954  282 8263  874 5419 3955  382 3958 6239 1018 4967 9400 1887 6254 9628 5840 5969 3742 4792 3129   49 5348 7493  893 8508 2822 1026  601 5655 7823 5232 4534  103  212 6707 4950 5318  525 1338 8668 4478 6726 4355 7023 3015 1235 8209 8582 6649 5015 1443 4728 7635 3095  399 5355 1483 3178 9275 3769 7111  959 9462 2621 4626 1297 6530 5864 9259 6588 6212  551 8449 8476 4681 4746   97 2694 8298 8389 2942 5489
  531 6901 8192 6386 2272 2518 9492 4374 7877 1853 8726 8621 1203 7667 8843 6327 4135 2410 9545 2944 5134 3941 6021 5177  686 1301 7545 3655 4001 3059 5525 4591 8526  741 4983 5060 9574 9360 9011  398 2060 8257 3762 1712  539 6909 3233 1940 5714 7772 8654 9748 2152 3632 5577 6520 9148 1028 2120 7617 8580 8980 9301 8099 1280 1501 8053  930 2516 9450 1803 4859 5625 2245 2541 4248 4492 5751 9455 1508 8527 7644 3950 6802 4978 2229 3851 2161  792 6146 1092 1711 3171 4775 2560 7221 1785  419 6968
 8050 5897 7674 1992 7537 4724 1391 4605 3724 3445 3681 3754 7699  661 1014 6905 9602  818 8167 4556 7191 8966  591  976 3291 6977 2930 4732 3646 5229 3947 8970  152 5391 5076 8754 5047   54 8177  180 3229 8026  621 6515  233 8115 8397 2847 7868 1174 8457 1537 6018 6006 6833 5291  757 5264 7837 9554 2318 8639  565 3412 5071 8543 2028 8376 6292 2786 1836 8311 7421  904 6691 6306 5872 4364 4832  777 4554 4808 7871 9247 6260 6957  181 4048 3810 8992 6739 7578  572 9222 6958 3492 2451 1633 3730
 4147 8845 7001 2534 8358 2733 6289 1772 4157 5259 3661 2646  537 3819 8030 9730 7688 2409 2910 5195  978 4342  991 5591 4995 3461 7678 2373 3659 6645 8422  506 8772 4842 3236 2798 8528 9069 5925 3040 7985 3496 8179 3498 7082 6128 2680 3970  257 6503 2693 2395 9704 2435 4293 3522 8017 3482 4811 9250 9551 6885   76 6401 6925 2278 3512 2660 5839 8152 8141 4255 7080 2388 6155 6170 5529 6211  826  530 5373  902 6895 5581 8967 6799 3126 4925 5805   52 5273 8283 3997 1614 1755 8625 9106 1484 3122
 1507 3336 7154 3979  488 4894 1827 2497 5267 7842 3250 7328 5120 4034 4280 4587 3319 5929 7624 1367 8594 2754 4107 7702 2989 1627  468 2288 8248 5678 5054 9171 1891 6433 6376 9461 2943 2929 5270 6839 6388 8927 6483 8507 3933 2067 3842 2757 4596 5039 5769  994 6064 9544 3362 1275 6881  877 6856  926 1980  353 5816 9555 5636 3184 8737 5403 2472 5129 5716 5317 8525 1994 9397 9356 1146 5206 4399 8775 5323 2100 1159 5532  740 2984 3290 8957 3871 9096 9167 2125 3414 1647 8124 7014 6727 5218 9077
 4190 2804 4652 3455 2132 4183 5332 6773 6285 5928  523 5126 2484 8034 6737 6346 3380 3503 2724  623 3748 7372 3778 5622 7740 4385 2133  211 3923 7055 4755 3776 8997 8117  736 8510 2082  742 3281 9715 8111 9710 6750 3721   83 3696 6736  431 5696 5898  760  355 6555 4793 7218 6705 8769 8640 5078 7355 2235  609 4502 8322 7610  803  141 9670 1269 9431 6197 8351 7742 2836 6271 5049 3101 7301 4077 2529 7300 9775 3968 7775 2818 4446 3961  937 5146 5648 5598 8093 9498 8673 3230 5635  872 2291 2537
 2899 2337  199 6377 1165 1200 8082 6050 4040 4345 1397 9698 5044 3337 7188 8290 4863 6457 6326 6026 9007 6098  262 7645 9263 8114 2248 4325 8572 2055 4009 1899 8055 4806 6024  354 5553 9419 7589 2614 8215 5486 8483 4434 9084 9068 7241 8410 6930 4010 2997 4878 2083 3780 1477 3186 1577 2706 6317 8007  766 2379 7765  474 8641 1639 9486 5467 5153 1327 3264 6350  554 2806 4233  599 1857  326 8696 5079  552 8028 6059 5294  556 6009 6860 7881 7390 2549  200  540 8069 8884 7315  109 6877 8660 4906
 3214 3809 2543 6933 3104 4814 2956 7234 5215  377 1997 9390 1609 1945  150 3202 4874 4015 1758 6801 1578 3704 6709 7863 6992 7825 9184 9499 7592 9244 2375 5499 4717 8467 5535 5923  183 9586 4588 1438   19 1843 6795 2651 5705 1905 2579 9022 8735 8936 8327 9583  392 7547 6952 4669 7727 2695 3879 5647 2326 8102 7716 2597 1948 1568 7582  454  605 5727 7434 4143 9179 7725 9697 1304 7769 1409 2339 6847 4635 1665 6276 2850 4900 3839 4363 9294 3570  115   75 4583 8688 2009 9773 6603 6150  816 8475
 1671 8362 9104  255 4650 9209 9016 2846 6792 2482 5759 4238 5313 3395 1414  664 4897 9338 2898 3384 1870   66 9603 8334  662 6440  307  192 5021  322 8198 7669 5023 5801 2577 7736 3683 5382 4647 1273 7248 6093 8094 2521 5510 5752 6255 2407 1247 4196 8273 9164 1916 3267  971 4027 4957 2636 6842 8341 1168 2758 3964 2589 5906 7794 8709 8509 4655  938 5610 7641 6002 1441 3824 7633  249 1630 8956 1156 7983 7581 5301 6633 9471 9662 9055 7340 1569 7805 3116 7140 1408  418 7499 3904 8319 5701 3952
 8733 1448 8959 8165 4550 1210 9511 6123 5880 3407  524 7530 1656  116 3030 7659 5989 3246 7153 2811 7496 8550 5870  313 1828 6850 4776 7577 2038 6404 7800 1177 9457 3586 5205 3120 6836 6556 5739 6418 5976 3719 3295 4510 6369 3478 7044 7503 7567 6427   36 7686 6653 7710 3591  459 5587  143 4678 3458 2517 3828 8006   41 7303 8899 2135 3802 3775 8155 6789 8433 2018 3168 4621 3251 5102  328 8887 7767 1031 2595 5048  964 5460 6348 8651  371 6864 1957 6959  846 7656 2189 1221 7734 6108 4371 8816
 2909 4783 2859 4438 7817 1469 5763 6624 1175 9086 1371  534 4876 6599 1576 9607 1935 2812 1033 7976 8978 7267 9651 4181 5097 9334 4585 1036 4050 1037 7907 3808 5257 2193 8890 7631 5470 7129 5877 7460 6966 6525 9309 4232 3248  617 1553 5144 4455 3253 2267 6209 4271 4277 9036 2017  962 8517 5903 3428 6565 5307 9111 2644 5350 5380 7677 7920 1701 2385 7405  839 6288  153 4122  279 9267 6143 1291   88 1264 8268 9533 2569 6384 9674 6554 9139 2934 8472 9117  596 5167 1022   34 7130 9130 2168 1860
 7803 9560 3432 1602 5185 5643 8815 1503 3895 6062 6890 5890  606 1398 8384 6878 2180   91 8551 1220 9125 9030  111 4610 6437 1045 4838 3680 4218 1567 5707 4479 6056 6810 7549 9645 2704 1428 2237 8369 5547 1581 4503 9065 9540 5020 8685 3003 2663 9122 2666 1318 5320 2769 8210 2476 9703 3061 1730 7243 6204 2263 8118 8872 1081 7013 6127 5595  600 6518 7254  638 1114 7922 8160 7974 2922 9385 2465 1974 8073 3991 3731 1796 3353 7054 9506 2390 4024 1226 5026 5749  947 8274 7481 1252   90 5396 5183
 6069 7879 7066 5845 1554 3381 2571  928 3835 3453 6046 6729 8699 5609 7895 4473 7855  995 3581 8237 3509 1952 7126 4300 5130  728 4113 8531 4315 9357 4898 2364 5142 8952 4376 5672 1953 3243 4505  676 4661 2605 7244 6562 2276 6462 3862 1745 7238 1604 6990 5174 4129 3160 6752  110 8855 1198 4723 4477 3442 1687 7289 5058 1128 6435 1306 3189 8624 4926 1760 1478 9742 9659 6367 5220 1621 3752 9058 5290 7288 5434 6073 7187 5868 6344 3987 7600 2332 5939 4713 3076 6559 5164 6572 7151 6415  414 6683
 7164 9162 4857 1061 6753 8331 6130 5700 5449 1688 5498 7752 7123 2554 7293 1314 1152  145 8128  805 2215 6805 3020 9288 9005 7354 6553 8540 1078 7538 6728 3694 2712 9146  607 2637 9665 4060  250 5298 2631 5981 6190 9317 4622  461 6722 3019 9382 9739  206 3590 2735 6237 2490 6567 2958 5675 9234 7638 1340 8106 8781 3451 6674 5400 3502 2538 2141 7059 2794  943 5601 3226  292 2826 6570 5957  222 4963 2228 1403 4558 1805 7668 9519 3825 4516 2952 8408 7408 8243 3438 3260 5159 4263 5246 5742 3526
  616 2925  169 4869 1499 5938 1187 1354 9429 8502 8587 1344 9195 9286 5668 7528 1646 8437 7223 6363 4072 7085 6501  656 2101 8789 9765 5807 6654 9204    9 9759 2965 7400 8593 8045 2750 7222 7467 8205 5546 8761 4578 9510 7329 4436 4929 3612 2213  202 4338 2820 7131 1431 1224 6397 2177  177 4945 5136 4618 3511 1369 1384 1363 7394 2265 2113 7756 6685 5436 7327 7955 9325 6494 7762  715 3548  133 4727 3146 6414 9451 3221 1276 1313 4339 5779 3816 1788 4173 4316 1333 9177 9421 4380 3936  267 4067
 5966 4500 3460 6979 9042 4934 5454 2844 6446 6943 3874  372 8619 1090 2225 7322 7466 4672 2677 8983 2840 3317 2702 3084 4389 9680 8629 6986  286 3354 3486 4472 2327 2249 4331 8317 8877 1686 4646 9024 8666 3624 1173 3552 4483 8281 5729 7212  836  102 7494 2121 5066 6824 5278 5067 2509 4221 4121 3017 6619 7802 8424 3124 8912 1555  745 2010 6523 7160 3128 5719 3089 2544 8574 9657 6167 2151 3261 4178 8773 4854 1074 4298 7900 8765 9273 7136 8716 3566 1751 6131 7117 2832 4317 5003  367  198 3860
 3091 4615 1406 7811 6251 7821 7605 5767 7850 5690  338 2013 4526 1446 3883 4192 5293 2072 5589 1901 9521 3331  542 6764 2320 1931 7799 6635 4461 6199 2253 8873 6898 2431 6610  670 6148 7613 3833  512 2153 8218 2904 6868 7505 9599 6506 4273 5476 3491 9784 5750 4154 4624 2397 5847  583 7406 6509  191 9598 7216  511  913 2792 3635 4864 2419 4568 9569 4340 2787 3528  294 8231 1058 7701 8670 4119 9105 6903 5954 6845 8897 3625 1737  968 5450 5238 9795 3340 5209 9019 3579 5921 6165 6373 4404 1117
 4260 1311 7357 2096 4112 8226 9225 7048 5500 2433 2527 7070  394 9705 8812 3599 3682 8591 4167 3082 3844 6031 6221 6680 4917 4128 1645  272 5181 7424 4324 5478   72 1536 8002 7629 1298 6112 5771 5507 9750  663 2056 9798 5137 8233 2698 9597 5519 5884  944 4133  317 4051 9543 7403 1634 5287 1999 6142 1233 7948  587 6156 7029 8260 2331 8924 8245 1563 6715 4749 7888 1241 5247 5506 2369 7911 8535 6657 7420  887 7386 1902 8149 1689 5121  698 1120 7005   64 5883   77 8913 6910 3593 5088 2684 5459
 2429 2585 7569 4518 5108  445 8379 4498 1765 8429 2086 3737 5376 7257 8398 9041 7571 3565 8945 7927 9033 4225 8522 3137  629  287 6648 5820 9495 5984 3716 2996 5998 1103 5996 6337 8258 2085 6852 2542 7968  612 1435 8878 6014 2427 8154 6298  900  247 9378  122 4976 8833 5604 1317 6202 2220 2737 2678 5352 7401 3046 8971 3314  469 9524 7183 4329 3092 1934 8464 9287 9718 6786 1425 3037 9252 8131 1380 5726 3062 3132 3709  847 1129 6762 8432 8986 6783 6422 2645  915 3090  584 7338 4656 2513   82
 5912 1050 3658 4422  190 8130 8821 1372 2458 8309 6546 6424 1183 1954 8690 7028 5786 8035 2716  162 1075 4938 2119 1262 7011 5580  285 4021 6488 3834 5784 8797 8314 7729 2772 4546 4053  628 7510 2533 3356 1500 8277 7906 4915 7157 2790 8199 5738 2357 3403 9414 2721 6768 6650 8601 9776 9634 7925  711 9558 5615 3398  697 6001 7949 4110 6543 9758 4566 6934  737 5721 7440  693 6775 1544  929 8676  252 3341 1915 1835 8371 3138 9178 7915 4071 5588 4855 2398 2247 2519 3768 1229 8642 1330 8658 6382
 6232 9485 9479 8657 1489 9415 4990 1774 4018 3075 9163 4370 2626 8567 1251 8293 4818 7793 3615 5554 1753 4821 9412 4109 7555 4750 3761  420 5231 1769 2765 8194 5362 6055 3247   40 2938 1389 3287 2866 7062  184 1693 8784 5867   47 7623 2734 6012 5987 1231 7214 3133 6413 5813 1080 8096 3301 1637 2447 6186 1223 2760 3539 1429 9328    4 9172 4833 6927 1411 7761 5005 9489 3415 7665 1920 3001 2584 2396 8933  918 8221 3863 8553 7088 5225 2607 2923 6390 8098 8381 4679 7076 9780  946 7685 5389 7650
 2184 5937 8066 6761 7102 5940 8486 4865 9474 3653 3197 4921 5002 7439 2314 4563 4665 6859 9744 8062 5418 6394 2356 9159 4664  730 1557 5791 7461 7611 2471 4105 3718 2901 2795 5441 7539 8689 4032 9426 4676 6984 3204  349 7783 5854 1260 6946  193 1590 4608 2362 3244 9180 1179  597 6345 6976  499 9235 3542  795 8091 7489 4228 7792  911 7119 8078 2047  404    1  735 4306 2654 8207 8934 5221 6399 4636 9799 7787 1926 1182 7931  516 4695 5253 4214 3357 6152 4741 2045 9500 5118 9564  207 2683 2384
 9308  151 2131 3916 1368  571 5279 8807  100 8101 5306 5621  754 1070 4561 3077  835 4445 1512 5856 7894 5133 9611 2999 4359 7658  567 5165  144 9572 2137 2258 3985 9793 8918 3462 5140 5149 2986 6991 7094 8278 7763 1258 7318 2475 1817 3025 5326 7485 9566 2279 7399 9233 7979 4462 3670 8253 9772 4012 5879 1197 9062 9616 6763  203 4158 3873 8480 6502 3096 4973 1650 3791 6061 4079 2257 1362 8108 5096 3036 5671 6270 7415 9264 2681 1421  520 2993 5207 1336 9620 4700 1977 7103 3885 4984 9449 6307
 9282 1051 5346 2810 3165 7453 3740 8407 2487 9368 1191 1807 7707 4667 4948 9658 9310 9478 2784 3779 7770 9000 6360 1299 5520 7171 4784 1549  746 9332 2477 1305 6458   27 9157 7693  258 1982 3806 5334 3386 7349 3018 1470 4908 2102 9579 5711 7185 1385  557 6921 2437 3733 5112 8132 5849  136 4877 7700 1495 8129 2069 9289 4853 2531 6083 8687  784   21 7490 1761  231 5057 3902 1394 8951 3894 7726 8630 2752 4226 8174 1400 2891 7369 4454 8256 9743 4704 9723 7314  576 9039 6101 3805  808 1673 7201
 7951 4266  675 2674 4748  205 6989 9211 7209 2160  883 3760  395 2522  849  175 5688 5990 2264 9553 5874 4148 5456 9753 5139 1582 8049 5654 7224 5766 5919 5644 8541 1454 4767 7926 3028  778 6970 4616 1819 3013 6511  112 3856 9359  586 5463 3639 3691  704 1973 3667 5658 4341 6809   29 5855 8405 4197 9353  491 7488 5970 9771 5653 5124 2114 6972  972 7162 3145 8295 1157 5541 7869 5199 6942 3631 5349 8678 8048  128 2068 9513  216 8792 9103 8056 9590 5633 4296 2445 8939 1802 8284 6826 4612 3830
 6760 6945 7964  974 1838 1584 4222 6581 9447 4440 8061  429 3390 8901 8828 2095 8916 2205  412 6615 8727 9097 9165 7225 8171 5109 6928 5692 1496 4470 2640 2366 4840 8677 5360 6798 8672 2167 1531 9738 5381 4736 5908 1004 5399  350 2411 8839 8297 6207   12 8882 7829 3697 7114 6663 1325 6591 5943 1596  800 1526 1292 4658 1243 3753  787 8498 7392 4090 1509 9624 7093 2604 1859 2159 3912 1195 2294 2149 7024 6589 1132 7065 7052 3011  248 3157 7512 8581 8175 9279  665 8356 1631 4295 9453 3914 1963
 4930 8086  483  270 7237 2061 3660 8869 8163 5901  619 3093 3284 4435 1149 4482 6550 5718 7971 8142 3070 8444 3410 2241 4344 7012 8511 8549 7791 8516 1320 3499 1622  647 9724   59 6113 8731 9322 3906 9625 9350 3471 9695 6597  120 3559 8404 5561 1961  515 2821 1420 9160  529 1042 1773 2510 3954  278 4851 9609 7747 4592 4545 4236 4586  129 7429 3582 5390 4421 9231 6060 5737 5894 4126 1722 1813 6853 4481 1324 8750 8402 7245 3604 9143  916 2782 7766 5051  291 7036 9764 8989 5328  146 3150 4199
 3890 5893 5569 1076 1518 5480 8059 1556  906 9315 8294 6846 8110 1927 1449 6916 1789 3922 6119 1818 1981 5514 8239  843 9002 8795 7535  389 1522 6569 7952 1625 7320 6949 3323 3421 1375 2855 3919 5245 2238 9238 4081 7515 8559 4593 4555 1353 5962 3899 9182 9438 5723 2172 8338 1806 7276 8590 7500 5698 1790 1034 7830 4485 5036  767 3897 2387 7168 8191  753 9505 9648 3930  357 6301 4377 4346   20 3074 8764 5826 6662 6485 7730 8479 8378 5861 5909 1612 3656 1089 9694   99 3645 5101 5035 2347 1390
 3196 3633 7317 5024 8900 4544 4705  859 5557 9297 3531  797 7202 4140 7321 2179 1888 3620 9549 3136 7275 2266 8011 3924 3826 6692 3131 5795 9075 4430 2559 1361 6598 3550 8953  309 6549 9215 4856 9760 3372 1254 8383 8499 6498 2969  440 2649 3685 4613 3977 7211 5728 4570  435 8363 6121 6246 4733 5212 4497 3607 5080 3800 9154 5493 4402 3994 8875 2489 6997 5942 2034 9237 3649 1463 1678 1493 5961 6771 8671 6865 7691 7866 2921 2343  407 9612 1126  923  924 4756 8515 5571 7548 1883 4795 3232 3446
 3893 8133 5001  154 8468 2682 6937 7194 3688 4286 7295 3845 4786 8565 2619 8196 8693 1453  997 6894 7057 7000 6600 8780  271 8779 3909 2444 1261 5019 2090 5319 4834 6452 3426 8310  227 2504 7072 3957 8265 3562 7436 8822 3006 2432 3266 5432 5430 7112 7970 9188 5837 3452 2230 5958 4958 3351 2870 5505 3463 3286 1462 2849 5286 3918 7972  230 3969 1118 2653 8406 2939 8368 3634  986 6409 7176 6872  462 4552 9440 7285  615 4487 3920 8931 8430 8151 3117    8  365 3500 5211 8418 7779  592 9454 4314
 1041 7647 4939 7583 2570 6819   85 1239  345 2802 8667  274 9072 6637 6841 7565 6982 8627 7346 9203 8791 2204 8964  886 2008 9265 2615 4443 8395 3515 8366 7364 8832 5186 3378 2609 5462 9208  969 6368 3978 4879 2145 8521 2196 3675  364   50 4020 2687 9200 6116 8744  236 7874 9535 7661 9321 3472 5829 9128  118  838 6924  215 9133 6065 6455 2975  260 8042 2182 5011 3118 3207 8730  385 3256  438 9304 2731 8266 8064 7937 1341 3441 3546 9393 2218 7278 3794 7091 2917   98  416  941 5082 7627 1619
  561 7169 1535 2709 3812 9181 6182   62 4910 3100 9337 8777  379 2035 9797 2884  842  701 4617 4905 9614 2823 5712 1708 8388 3772 6544 2382 3790 6548 3109  631 7108 7731 5627 7735 7841 6066 8481 2568 5009 4424 1205 6526 7891 2103 8220 7988 8269 8973 2240  176 7531 4189 3603 3437 7250 1497 6716 8367 7789 5926 2964 3163 6291 6871 7086 1442 7425 1968 6460 9258 5812 4892 3083  595 2714 4872 9185 1387 7844 5878 1923 1010 8849 3282 8829 2601 2040 6037 5168 4327 6431 3240  254 3270 5356 4044 8346
 7997 9615 1717 6074 1714 3572 6578 7056 4049  603 3855 5614 8760 1267 6908 6096 9592 3134 3311 3827 3115 9314 4169 8725 3436 3995 5789 8024  866 5676 3416 9436 8770 7100  648  451 4411 8058 6004 8234 2561 5099 2352 3864 5028 6078 9213 9643 8714   93 4427 5948 9175 8850  819 7492 6782 5483  652 9763 6891 7446  983 2300 3518  796 8230 2580  975 9336 1013 1710 2081 1871 5444 1087 5343 7546 2109 2080 8715 9679 1603 3302 2333 1331 6914  481 7374 9371 1419 8063 5452  905  744 7414 9673 2488 1587
 4979 2889 5156 3473 3035 9017 2048 9622 3996  764  633 7813 3573 4844 2442 3413 2430 2022 9512 6225 8304 6500 1248 1676 8150 5000 9166 2903 7507 5202 8614 7452 9660 7331  495 4758 9035  632 5411 6287 5464 4703  896 7197 1659 5660  237 2511 4224 8307 8776 4297 1123 4043 4490 8906 4720 4065 9261 6704 8563  636 5508 7719 3192 1523 6245 3714  121 5584 5741 2793 6892 3268  166 9092 8607 3444 1547 7271  234 5171 1083 1436 3312 1085 3280 8990 7670 2896 3673 6236 9619 6605  640 7714 6583 7630 9256
 7784 6659 4716 4691  763 1255 3332 6926 2828  208 6180 1105 2987 9303 5056 6196 1702 6162 8622 2456 2877 3121 2027 7472 4349 2293 1903 9123 5651 2441 3707 9380 1467 7269 6552 7337 6608 1970  897 3180 1057 9040 6743 4213 8489   31 7933 7676 6717 6700 8446 6299  727 5482 2304 3358 1597 3223 5401 5686 3949 5490 6785 8818 2399 5197 3103 4686 6787 2873 9496 3876 4671 9504 9568 4902 4096 5607  654  952 5640 9605 7071 7138 2209 3611 9012 2839 8653 1017 1510 9600 7177 7815 5545 1303 1138 8184 3042
 6461 5599 7967 4265  312 2036 7812 7788 3366 9728 5282 7940 9266 7536 6658 4106 7746 8984  620 8003 2002 2502 4536 5659 5887 7265 2392 6391 1012 3216 9312 2003 3619 2195 9706 5666 5428 4205 3081  550 3009 1668 4480 1434 9192 8935 3948 3814 4210 2202 8895  831 2738 4628 8208 8686 3174  179 6675 7009 4642 5858 4203 9352 7290 1423 1616 9677  822 2062 9523 5632 1861 6939 3726 1141 3529 1388 1939 2701 5691 1906 5631 4469  748 4742 5985 8493 9138 1756 7233 4191 1635 3514 8313 9367 9029 3212 2805
 7433 9477 7620 9369 9792 5059 7724 8771 8143 1832 2565 2461 6527   80 3105 5407 1263 3392 4551 2918 2361 1886 4449 5104 2043 1728 7447 4644   48 6420 2907 8241 1759 3348 5310 4541 4328 5105 3419 8052 8747 2330  507 7786 6275  201 4677  504 6366 8085 4774 7502 4607 1444 7749 7764  834 5818 2122 2652 7744 7819 5235 7738  356 5095 7899 9141 6439 3657 4660  705 5501 1066 1993  337 9095 5022 8145 7332 5873 1035 4495  570 3583 8708 4721 3702 7047 7004 1190  446 6614 7170 4989 7167 6747 7999 9787
   65 4085 4946 4308 2507 9296 9608 2210 4763 2783 6203 8164 8506 5421  174 2405 3305 4149 3213 7068  951 7217 1019 8723 2777 6358  436 4288 2275  240 5704 1792 6579 2608 5474 2295 7133 6922 5261 4944 2775 2491 5585 9448 3643 8575 6758 2862 4687 4762 8355 7083 7989  384 7287  476 7297 3179 1001 5638 2452 2848 5876 1131 8631 7099 8925 7423 4409 4680 6718 6105 7128 5123 7158 2094 3666 2464 7637 9693 8852 1868 9381 8529 3736 5050  269 1894 4439 6425 9218 8721 1135 7750 1283 1099 4235 9219 4386
 8316 5414 6114 9646 5322 1208 4351 1933 6175 9610 3750 3404 6788 9423 6815 5081 5995 6487 8289  724 6091 3700 2514 3712 4785 2669 2440 6585   60 7517 1346 7125 8303 1450 1949 9501 3965 5689  691 3880 8562 6323 1088 7251 5685  487 3359 6257 7319 1160 4141 1661 1192 9354 6159 1461 2968 3587 8380 6721 3636 7172 1878 1736 7182 8312 7186 2729 3435 5351 6491 7380 8431 4217 4016 6076 4463 6493 8060 9515 4460 5629 3487 5412 9735 6100 1007 1279    5 6699 6697 6315  700 1725  810 4937 2287 7981 4243
 6828 5886 3012 4729 7174 5555 2443 4082 1250 1072 1167 4815 5425 4918 1752 7916 6706 5953 7853 3450 7457 5661 2931 5117 2834 3469  441 9004 5187 9176 4206 6353 3896  642 6272 9413 4888 3181 1196 6027  409 2817 6695 2065 1757 3676 3369 8962 6708 5697  437 4489 8923 5620 5013 9344 5746 7636 3494 9015 8172 8623 9056 8724 9629 4244 5125  170 7249 1573 1731 8702 1967 7839 1418 7994 7385 5838 7208  984 2150 1148   61 9488 7397 3813 5593 3185 1543 5528 5848 7470 7862 3592 1038  993 6808 2552 4290
  220 3321 7743 5485 7956 5344 5695 4639 9685   70 3937 8044 4442 5439 4310 2346 2991 6283 6250 5600 1782 5151 1669 3067 3951 3005 9434 5733 2961 6725 1054 3811 4517 9490 1723  428 3108  521 1169 8963 6496 5336 8105 7120 1823 7019 9293 1410 7360 7585 8189 3039 5132 1943 7519 6385 6438 9570 2976 5204 3342 9207 5283 3668 1692 4696 6000 9026 9343 6259 4006 6751 1865 8301 7312 9283 8020 4022 9731 4831  308  751 5043 6889 1459 8084 2875 1216   89 1833 6134 3556 6590 1370 3149 1206 5773 7717 2515
 8544 7838 1816  214 7718 5491 3141 4573 1225  564 6869 7957 3313 4769 9684 7279 9114 8387 4712 3262 8134 2355 2894 4367 5128 4302   35 8212 1101  884 1546 6005 6173 7393 2785 4408 7892 5559 6426  625 3988 9220 6233 4230  707  762 6742 5605 6873 2165 8891 8841 4451  732 4144  319 5275 5558 6023 9155 3007 7016 6965 4972  581 9473 8707 6969 2014 5416  781 5994  155 8595 6794 6636  965 5029 2351 3079 7474 8122 5997 1672 9389 5578 1185 2586 2348 6535 5652  343 3838 6625 8420 8158 1564 4997 6609
 6137  266 5667 4584  423 7366 5160 1063 8168 1199 1084 5540 1721 9788 1437 8116 7873 3127 7628 9300 9276 7242 3852 1946 6866 6907 6193 2970 2506 8127 9100 3373 2596 8836 3049 7672 2052 5339 6383 3164 5657   87 3493 6774 4092 2697 2381   81 6755 5804 3014 3299 8282 1798 3734 4675 4574 1271 1315 7124 7573 2745 5881 8943 9190 8911 9769 9135 1748 4579 2181   26 8153 7035 2908  526 8578 4852 7231 2556    7 2349 9563  125 2254 7192 4528 5544 8741 3235 4242 2091 8648  397 4087 6019 5321 9384 8949
 8611 3530 2981 3485 3654 1316 6611 9432 9552 8330 9020 4456 3725 7435 9749 3242 6423 4873 2741 5572 2016 4270 8796 9801 9591 3889  359 1989 8892 7938 1599 1282  310 4035 9112 1964 7534 4539 3010  672 4846 6072 1632 5447 8863 1020 5831 7228 9363 7342  403  493  963 2201 9778 5936 6334  639 1988 1514 2928 2936 3153 9755 4025  690 4356 1321 4289 1236 8348 6070 5811 6147 1506 8162 6453 9358 3577 8626 7664 9562 6218 3464 3853 6029 8793 1524  163 4323 4211 6486   55 1726 1704 4966 6985 5091 9406
  123 1572 1830 8267 8088 6067 4525 5435  855 4432 1295 2932 3048 2054 5213 7834 3467 5790 3723 8238 9472 6110 3318 4152 8987 2463 8675 7687 4318 5145 8993 4444 6816  785 2420 4565 1768 9767 3111 3743 1096 5626 8013 1565 5237 9416  366 7141 5152 2117  288 6913 4281 9664 3172 8436 7078 5932 9716 3310 3418  579 8613 9373  346 6442 6243 1172 9153 7910 8211 2203 8968 5226 8112 6176 1972 2242 5764 2498 2207 8954 3903 4819 5895 1290 6472  608 9756 4790 4372 7790 3259  807 1593 4697 5162 7694  464
 3044 7857 1799 3303 5802 6172 2753 3304 2885 5800 5008 5222 7362 9045 4093 3393 8635 5337 3799 9345 8698 1289 6521 5240 2251 1110 4927 1016 6441 6981 5959 5681 7262 9676 8700 7427 8643 9277 6443 3504  649 3208 5865  439  496 5018 4373 3324 4726 4600 6293 3850 3545 5974 4845 4394 6822 2308 4891 2883  448 6352 7923 6621 3316 2593 6542 9361 2023 9134  228 6033  635 7475 4132 3026 7032  575 5251 3224 6189 5138 8751 5911 1107 2079 5228 8125  241 7885 1829  982 3322 6336 5934 9241 7305 1776 6389
 1000 3052   63 5509 3391 7324 6756 7173 4258 2808 2306 8453 6220 6138 5201 2098 4631  425 4820 1766 5713 3016 1594 3297 6364 4423 5619 9291 5772 6566 9201 7561 3672 4883 5683 9752 7715 3125 3929 6829 7142 6231 6473 5899 3170  643  472 1300  243 7402 1379  479 9683 7426 1929 2920 2547 2625  475 4577 5869 4988 6595 7580 5198 7261 7902 2173 8139 7263 5565 1550  950 8009 5971 7982  771 7097 2871 8922 4002 5395 8991  173 4812 7413 6701 9048 4839 1215 9581  522 7596 4447 7506 2638 2807 9079 5366
 3614 2858 7563 1349 3431 5472 3713  936 5979 2232 7075 4160 6857 8868 2979 9528 9770 8272 9542 9340 6686 4860 8409 9089 1395 2641 9370  630 3402  159 1237 5824 9206 3374 8880 5173 1864 4837 9575 8646 1143 8081 2578 6296 8414 8236 4026 9098 1433 8846 7323 5025 1682 2656 4062  127  881 7458 2620 2708 6876 8325 2317 8710 8806 8579  953 3553 5424 6252  747    3 2957  627 4031 1256 4895 7255 9246 6538 2380 2553 8147 2774 5597 1006 7884 2406 8374 2953 1204 4582 2980 4674  332 5031 2962 4014 6508
 3335 4553 8394 6803 5534 4291 4501 6821 6563 6953 6791 8076 9316 7064 8929 3687 8345 1351 5871 3292 4645  275 3935  413 1849 2711 6057  811 3237 5386 4909 2861 2766 7039 7229 4916 4186 5006 2634 1969 8288 2667 6757  799 4887 6324 2512 7333 2393 7995 7137 1649 8001 7266 4116 1937   57 1539 5335 6897 1329 5993   42 3254 5377 6532  401 6313 6996 1003 1770 8632 4426 7115 3187 9102 8425 1589 9699 9561 7818  980 1284 2914 2386 5281 7886 5496 7663 7721 1127 1097 5325 9333 7181 4535 5941 9546 3746
 9401 2912 7992 7918 5363 2689  699 5986 8216 8805 8320 3596 4817 4033 6058 2659 2162 5566 9186 5030 1750 8835 6329 7219 3158 2408 3815 6537 4185 8717 6168 2269 1350 4759 2763 3219 1866 5010 3722 2780 5821 7697 9682 1801 3963 4580 4361 5216 7991 7451 9594 3942 8518 6282 7464 3739 2401 2363  568  844 3397 6120 7134 3367 9212 8766 4383 8542 1797 7227 5945 7945  830 6343  320  689 3629 4166 8576 3110 7682  348 1884 9737 1683 3507 8847 3088 4453 5233 3755 2031 7144 1027  790 2496 5242 7511 4698
 7033 8947 5703 1257 2049 2672 3818 3119 3616 6932 5224 5465 6402 5844 6051 1986 4294 4070 1851  719 2902 1791 5973 4911 6489 4737  553 5673 6551 4354 1875 9144 7875 1698 3989 8552 9110 6468 5127 4488  714 9452 1337 4780 4269  283 6669 6020 3938 6800 4398 4319 1706  611 5311 7806 6295 9051 1812 5272 8834 8146 9285 4457 6938 7179  107 3508 1822 7935 7984 6861 9129 6318 8328 1355 6089 6226 3490 8083 5922 8778 5968 4512 3123 4684 1516 3744 7632 1691 2587 6854 2835 3999 5537   32 8370 1458 3728